6.33 1 1 0 13 188222 2022121422
0.00 0 2 0 22 188204 2022121422
2.60 1 0 0 22 188204 2022121422
0.00 0 2 0 22 188217 2022121422
0.00 0 2 0 23 211745 2022121422
0.00 0 2 0 23 211745 2022121422
0.00 0 2 0 23 203971 2022121422
2.49 1 1 0 23 203971 2022121422
0.00 0 1 0 23 203971 2022121422
2.71 1 1 0 24 197466 2022121422
0.00 0 2 0 24 197466 2022121422
0.45 1 1 0 24 196304 2022121422
0.00 0 2 0 26 218811 2022121422
2.15 1 1 0 26 218811 2022121422
0.00 0 2 0 27 206170 2022121422
2.26 1 1 0 27 206170 2022121422
0.00 0 2 0 28 197413 2022121422
2.37 1 1 0 28 197413 2022121422
2.49 1 1 0 30 196272 2022121422
0.00 0 2 0 30 196272 2022121422
2.60 1 1 0 31 194381 2022121422
0.00 0 1 0 31 194381 2022121422
0.00 0 2 0 34 192361 2022121422
2.82 1 1 0 34 192361 2022121422
2.94 1 1 0 35 191406 2022121422
0.00 0 2 0 35 191406 2022121422
3.05 1 1 0 37 190354 2022121422
8.47 1 1 0 39 189455 2022121422
0.00 0 2 0 39 189455 2022121422
0.00 0 2 0 41 188545 2022121422
0.00 0 2 0 41 188545 2022121422
0.00 0 2 0 42 188388 2022121422
6.89 1 1 0 42 188388 2022121422
0.00 0 2 0 45 188267 2022121422
0.00 0 1 0 45 188267 2022121422
0.00 0 2 0 45 188253 2022121422
5.20 1 1 0 45 188253 2022121422
0.00 0 2 0 48 211769 2022121422
0.00 0 2 0 48 214996 2022121422
7.12 1 1 0 51 201979 2022121422
0.00 0 2 0 51 205725 2022121422
0.00 0 2 0 51 201608 2022121422
0.00 0 2 4 24 193490 2022121422
0.00 0 2 1 24 192817 2022121422
0.00 0 2 14 27 189744 2022121422
0.00 0 2 0 28 189526 2022121422
7.57 1 1 0 42 189060 2022121422
0.00 0 1 0 42 189060 2022121422
0.00 0 2 0 42 188690 2022121422
0.00 0 2 0 42 188690 2022121422
0.00 0 2 7 20 188516 2022121422
0.00 0 2 2 20 188471 2022121422
5.20 1 1 6 22 188383 2022121422
0.00 0 2 0 23 188335 2022121422
5.20 1 1 0 33 188225 2022121422
0.00 0 2 0 33 188217 2022121422
0.00 0 2 0 33 188214 2022121422
0.00 0 2 0 33 188194 2022121422
5.20 1 1 0 33 188194 2022121422
0.00 0 2 0 34 188168 2022121422
0.00 0 1 0 34 188168 2022121422
0.00 0 2 0 34 188149 2022121422
0.00 0 2 0 34 188149 2022121422
0.00 0 2 0 35 192311 2022121422
0.00 0 2 0 35 192311 2022121422
0.00 0 2 12 16 191802 2022121422
0.00 0 2 0 16 191802 2022121422
5.20 1 1 1 20 190547 2022121422
0.00 0 2 0 20 190547 2022121422
0.00 0 2 0 30 189974 2022121422
0.00 0 2 0 30 189974 2022121422
5.20 1 1 0 30 189110 2022121422
0.00 0 2 0 33 188805 2022121422
0.00 0 1 0 33 188805 2022121422
0.00 0 2 0 33 188805 2022121422
5.20 1 1 0 33 188468 2022121422
0.00 0 2 0 33 188360 2022121422
0.00 0 2 0 33 188360 2022121422
0.00 0 2 0 35 188334 2022121422
5.20 1 1 0 35 188334 2022121422
0.00 0 2 0 35 188304 2022121422
5.20 1 1 0 35 188304 2022121422
0.00 0 2 0 35 188293 2022121422
0.00 0 2 0 35 188293 2022121422
0.00 0 2 1 1 188275 2022121422
0.00 0 2 10 15 188246 2022121422
0.00 0 1 0 15 188246 2022121422
0.00 0 2 0 15 188246 2022121422
0.00 0 2 5 22 188126 2022121422
0.00 0 2 0 22 188126 2022121422
5.20 1 1 0 28 188106 2022121422
0.00 0 2 0 28 188131 2022121422
0.00 0 2 0 28 188131 2022121422
0.00 0 2 0 33 188153 2022121422
5.20 1 1 0 33 188153 2022121422
0.00 0 2 0 33 188168 2022121422
0.00 0 2 0 33 188168 2022121422
5.20 1 1 0 33 188209 2022121422
0.00 0 2 0 33 188209 2022121422
0.00 0 1 0 33 188211 2022121422
0.00 0 2 0 33 188211 2022121422
0.00 0 2 0 35 188163 2022121422
5.20 1 1 0 35 188163 2022121422
0.00 0 2 0 35 188173 2022121422
0.00 0 2 0 35 188173 2022121422
5.20 1 1 0 35 188186 2022121422
0.00 0 2 6 24 188210 2022121422
0.00 0 2 0 24 188210 2022121422
0.00 0 2 6 20 188204 2022121422
0.00 0 2 0 20 188204 2022121422
0.00 0 2 0 26 188156 2022121422
5.20 1 1 0 26 188156 2022121422
0.00 0 1 0 28 188164 2022121422
0.00 0 2 0 28 188164 2022121422
0.00 0 2 0 28 188198 2022121422
5.20 1 1 0 28 188198 2022121422
0.00 0 2 0 33 188201 2022121422
0.00 0 2 0 33 188201 2022121422
5.20 1 1 0 33 188212 2022121422
0.00 0 2 0 33 188212 2022121422
0.00 0 2 0 33 188199 2022121422
0.00 0 2 5 23 188217 2022121422
0.00 0 2 0 23 188217 2022121422
0.00 0 2 0 26 188192 2022121422
5.20 1 1 0 26 188192 2022121422
0.00 0 1 0 26 188192 2022121422
0.00 0 2 0 26 188236 2022121422
0.00 0 2 0 28 188248 2022121422
5.20 1 1 0 28 188248 2022121422
0.00 0 2 0 28 188250 2022121422
0.00 0 2 0 28 188250 2022121422
0.00 0 2 0 28 188240 2022121422
0.00 0 2 0 28 188240 2022121422
0.00 0 2 3 19 188230 2022121422
0.00 0 2 0 19 188230 2022121422
5.20 1 1 0 24 188188 2022121422
0.00 0 2 0 24 188216 2022121422
5.20 1 1 0 24 188216 2022121422
0.00 0 1 0 24 188216 2022121422
0.00 0 2 0 24 188210 2022121422
0.00 0 2 0 24 188210 2022121422
0.00 0 2 0 27 188211 2022121422
0.00 0 2 0 27 188217 2022121422
5.20 1 1 0 27 188217 2022121422
0.00 0 2 0 27 188222 2022121422
0.00 0 2 0 27 188222 2022121422
5.20 1 1 0 27 188213 2022121422
0.00 0 2 0 27 188213 2022121422
0.00 0 2 0 27 188230 2022121422
0.00 0 2 0 27 188230 2022121422
0.00 0 1 0 30 188226 2022121422
0.00 0 2 0 30 188226 2022121422
5.20 1 1 0 30 188231 2022121422
0.00 0 2 0 30 188231 2022121422
0.00 0 2 2 20 188243 2022121422
0.00 0 2 2 20 188243 2022121422
0.00 0 2 0 20 188243 2022121422
0.00 0 2 0 23 188216 2022121422
5.20 1 1 0 23 188216 2022121422
0.00 0 2 0 24 188214 2022121422
0.00 0 2 0 24 188214 2022121422
5.20 1 1 0 26 188213 2022121422
0.00 0 2 0 26 188213 2022121422
0.00 0 1 0 27 188224 2022121422
0.00 0 2 0 27 188224 2022121422
0.00 0 2 0 27 188216 2022121422
5.20 1 1 0 27 188216 2022121422
0.00 0 2 0 30 188229 2022121422
0.00 0 2 0 30 188229 2022121422
0.00 0 2 0 30 188210 2022121422
0.00 0 2 0 30 188213 2022121422
5.20 1 1 0 30 188213 2022121422
0.00 0 2 0 30 188210 2022121422
0.00 0 2 0 30 188210 2022121422
0.00 0 2 1 1 188204 2022121422
0.00 0 2 0 1 188204 2022121422
0.00 0 1 9 17 188205 2022121422
0.00 0 2 0 19 188179 2022121422
0.00 0 2 0 27 188152 2022121422
5.20 1 1 0 27 188152 2022121422
0.00 0 2 0 27 188170 2022121422
0.00 0 2 0 27 188170 2022121422
5.20 1 1 0 27 188189 2022121422
0.00 0 2 0 27 188189 2022121422
0.00 0 2 0 27 188178 2022121422
0.00 0 2 0 28 207260 2022121422
5.20 1 1 0 28 204869 2022121422
0.00 0 2 0 28 197973 2022121422
0.00 0 2 0 28 197973 2022121422
0.00 0 1 0 28 197973 2022121422
5.20 1 1 0 30 194882 2022121422
0.00 0 2 0 30 192678 2022121422
0.00 0 2 0 30 192678 2022121422
0.00 0 2 0 30 191211 2022121422
5.20 1 1 0 30 191211 2022121422
0.00 0 2 0 30 190326 2022121422
0.00 0 2 0 30 190326 2022121422
0.00 0 2 0 30 189460 2022121422
0.00 0 2 0 30 189460 2022121422
5.20 1 1 0 30 188844 2022121422
0.00 0 2 0 30 203168 2022121422
0.00 0 2 0 30 204380 2022121422
0.00 0 1 0 30 204380 2022121422
0.00 0 2 2 20 194541 2022121422
0.00 0 2 0 20 194541 2022121422
5.20 1 1 0 26 192424 2022121422
0.00 0 2 0 26 191437 2022121422
5.20 1 1 0 26 191026 2022121422
0.00 0 2 0 26 189859 2022121422
0.00 0 2 0 26 189859 2022121422
0.00 0 2 0 27 189299 2022121422
0.00 0 2 0 27 189299 2022121422
5.20 1 1 0 28 189041 2022121422
0.00 0 2 0 28 189041 2022121422
0.00 0 2 4 19 188429 2022121422
0.00 0 1 0 19 188429 2022121422
0.00 0 2 0 20 188286 2022121422
0.00 0 2 0 20 188286 2022121422
5.20 1 1 0 22 188222 2022121422
0.00 0 2 0 22 188221 2022121422
0.00 0 2 0 22 188199 2022121422
0.00 0 2 0 23 188183 2022121422
0.00 0 2 0 23 188174 2022121422
0.00 0 2 0 23 188164 2022121422
5.20 1 1 0 23 188164 2022121422
0.00 0 2 0 23 200738 2022121422
0.00 0 2 0 23 204341 2022121422
0.00 0 2 0 23 199010 2022121422
0.00 0 1 0 24 203635 2022121422
5.20 1 1 0 24 204270 2022121422
0.00 0 2 0 24 202258 2022121422
0.00 0 2 0 24 203449 2022121422
0.00 0 2 0 26 206993 2022121422
5.20 1 1 0 26 202591 2022121422
0.00 0 2 0 26 200787 2022121422
0.00 0 2 0 26 197825 2022121422
0.00 0 2 0 27 194644 2022121422
0.00 0 2 0 27 194644 2022121422
5.20 1 1 0 27 192510 2022121422
0.00 0 2 0 27 192510 2022121422
0.00 0 2 0 28 190753 2022121422
0.00 0 1 0 28 190753 2022121422
0.00 0 2 0 28 189917 2022121422
5.20 1 1 0 28 189917 2022121422
0.00 0 2 0 30 189190 2022121422
0.00 0 2 0 30 189190 2022121422
0.00 0 2 0 30 203016 2022121422
5.20 1 1 0 31 201158 2022121422
0.00 0 2 0 31 198118 2022121422
0.00 0 2 0 31 196871 2022121422
5.20 1 1 0 33 195782 2022121422
0.00 0 2 0 33 192646 2022121422
0.00 0 2 0 33 192646 2022121422
0.00 0 2 0 34 191172 2022121422
5.20 1 0 0 34 191172 2022121422
0.00 0 2 0 34 190478 2022121422
0.00 0 2 0 34 189528 2022121422
0.00 0 2 10 19 188968 2022121422
0.00 0 2 0 19 188968 2022121422
0.00 0 2 0 27 188757 2022121422
5.20 1 1 0 27 188757 2022121422
0.00 0 2 0 27 188517 2022121422
0.00 0 2 0 28 188476 2022121422
0.00 0 2 0 28 188449 2022121422
0.00 0 2 0 30 188416 2022121422
5.20 1 1 0 30 188330 2022121422
0.00 0 2 0 31 190139 2022121422
0.00 0 1 0 31 190139 2022121422
0.00 0 2 0 33 189894 2022121422
5.20 1 1 0 33 189345 2022121422
0.00 0 2 0 33 189196 2022121422
0.00 0 2 0 33 188967 2022121422
0.00 0 2 7 22 188602 2022121422
0.00 0 2 0 22 188602 2022121422
0.00 0 2 1 23 188438 2022121422
0.00 0 2 0 23 188438 2022121422
5.20 1 1 0 27 188363 2022121422
0.00 0 2 0 27 188323 2022121422
5.20 1 1 0 28 188308 2022121422
0.00 0 2 0 28 188294 2022121422
0.00 0 1 0 30 188255 2022121422
0.00 0 2 0 30 188255 2022121422
5.20 1 1 0 31 192662 2022121422
0.00 0 2 0 31 192662 2022121422
0.00 0 2 0 31 191616 2022121422
0.00 0 2 0 31 191616 2022121422
0.00 0 2 0 33 191195 2022121422
0.00 0 2 1 1 190822 2022121422
0.00 0 2 0 1 190822 2022121422
0.00 0 2 8 12 190194 2022121422
0.00 0 2 0 12 190194 2022121422
5.20 1 1 6 13 189920 2022121422
0.00 0 2 0 13 189920 2022121422
0.00 0 1 0 26 190180 2022121422
0.00 0 2 0 26 190180 2022121422
0.00 0 2 0 26 189937 2022121422
0.00 0 2 0 26 189937 2022121422
5.20 1 1 0 28 213245 2022121422
0.00 0 2 0 28 213245 2022121422
0.00 0 2 0 28 204963 2022121422
0.00 0 2 0 28 204963 2022121422
5.20 1 1 0 28 201057 2022121422
0.00 0 2 0 31 195739 2022121422
0.00 0 2 0 31 195739 2022121422
0.00 0 2 0 31 194803 2022121422
0.00 0 2 0 31 194803 2022121422
0.00 0 1 0 31 213854 2022121422
5.20 1 1 0 31 213854 2022121422
0.00 0 2 0 34 207847 2022121422
0.00 0 2 0 34 207847 2022121422
0.00 0 2 0 34 198289 2022121422
5.20 1 1 0 34 198289 2022121422
0.00 0 2 0 34 194090 2022121422
0.00 0 2 0 34 194090 2022121422
5.20 1 1 0 34 192142 2022121422
0.00 0 2 0 34 190494 2022121422
0.00 0 2 0 34 190494 2022121422
0.00 0 2 0 34 189761 2022121422
5.20 1 1 0 34 189761 2022121422
0.00 0 1 0 34 189761 2022121422
0.00 0 2 0 34 189148 2022121422
0.00 0 2 0 34 189035 2022121422
5.20 1 1 0 34 189035 2022121422
0.00 0 2 0 34 188785 2022121422
5.20 1 1 0 34 188785 2022121422
0.00 0 2 0 34 188721 2022121422
0.00 0 2 0 34 188721 2022121422
0.00 0 2 1 1 188498 2022121422
0.00 0 2 0 1 188498 2022121422
0.00 0 2 10 22 188402 2022121422
0.00 0 2 0 28 188258 2022121422
5.20 1 1 0 28 188247 2022121422
0.00 0 1 0 28 188247 2022121422
0.00 0 2 0 28 188248 2022121422
0.00 0 2 0 28 188248 2022121422
5.20 1 1 0 30 188245 2022121422
0.00 0 2 0 30 188213 2022121422
0.00 0 2 0 30 188213 2022121422
0.00 0 2 0 31 188217 2022121422
5.20 1 1 0 31 188217 2022121422
0.00 0 2 0 33 189605 2022121422
0.00 0 2 0 33 189605 2022121422
5.20 1 1 0 33 189273 2022121422
0.00 0 2 0 33 189273 2022121422
0.00 0 1 8 22 188833 2022121422
0.00 0 2 0 22 188833 2022121422
0.00 0 2 0 27 188579 2022121422
0.00 0 2 0 27 188579 2022121422
5.20 1 1 0 27 188533 2022121422
0.00 0 2 0 27 188533 2022121422
0.00 0 2 0 28 213529 2022121422
0.00 0 2 0 30 207611 2022121422
0.00 0 2 0 30 207611 2022121422
0.00 0 2 0 31 209166 2022121422
5.20 1 1 0 31 206545 2022121422
0.00 0 2 0 33 200509 2022121422
0.00 0 2 0 33 214731 2022121422
0.00 0 1 0 33 203756 2022121422
5.20 1 1 0 34 201813 2022121422
0.00 0 2 0 34 197318 2022121422
0.00 0 2 0 34 211927 2022121422
0.00 0 2 6 23 198868 2022121422
0.00 0 2 0 23 197531 2022121422
0.00 0 2 0 23 194428 2022121422
5.20 1 1 0 28 193625 2022121422
0.00 0 2 0 28 193625 2022121422
5.20 1 1 0 28 205395 2022121422
0.00 0 2 0 28 205395 2022121422
0.00 0 2 0 30 206211 2022121422
0.00 0 2 0 30 202013 2022121422
0.00 0 1 0 30 202013 2022121422
0.00 0 2 0 31 200281 2022121422
5.20 1 1 0 31 197467 2022121422
0.00 0 2 0 33 195299 2022121422
0.00 0 2 0 33 194410 2022121422
0.00 0 2 0 33 192951 2022121422
5.20 1 1 0 34 192357 2022121422
0.00 0 2 1 1 191834 2022121422
0.00 0 2 4 12 190629 2022121422
0.00 0 2 6 13 190032 2022121422
0.00 0 2 5 16 189556 2022121422
0.00 0 2 0 19 189191 2022121422
0.00 0 2 0 26 188818 2022121422
0.00 0 1 0 26 188732 2022121422
5.20 1 1 0 27 188667 2022121422
0.00 0 2 0 27 188439 2022121422
0.00 0 2 0 30 201079 2022121422
0.00 0 2 0 30 198047 2022121422
5.20 1 1 0 31 199191 2022121422
0.00 0 2 0 31 195554 2022121422
0.00 0 2 0 33 193111 2022121422
0.00 0 2 0 33 192496 2022121422
5.20 1 1 0 33 190720 2022121422
0.00 0 2 0 33 190413 2022121422
0.00 0 2 0 34 197565 2022121422
5.20 1 1 0 34 194475 2022121422
0.00 0 1 0 34 194475 2022121422
0.00 0 2 0 34 191888 2022121422
0.00 0 2 0 34 191888 2022121422
5.20 1 1 0 34 190094 2022121422
0.00 0 2 0 34 189645 2022121422
0.00 0 2 0 34 189296 2022121422
0.00 0 2 0 34 188818 2022121422
0.00 0 2 0 34 188818 2022121422
0.00 0 2 6 22 188559 2022121422
0.00 0 2 0 22 188559 2022121422
0.00 0 2 3 23 188343 2022121422
5.20 1 1 0 23 188343 2022121422
0.00 0 2 0 28 188255 2022121422
5.20 1 0 0 28 188255 2022121422
0.00 0 2 0 28 188241 2022121422
0.00 0 2 0 28 188241 2022121422
0.00 0 2 0 30 188231 2022121422
0.00 0 2 0 30 188231 2022121422
5.20 1 1 0 31 188219 2022121422
0.00 0 2 0 31 188221 2022121422
0.00 0 2 0 31 188215 2022121422
0.00 0 2 1 22 188229 2022121422
0.00 0 2 4 22 188222 2022121422
0.00 0 2 0 22 188209 2022121422
0.00 0 2 0 22 188209 2022121422
5.20 1 1 0 24 188183 2022121422
0.00 0 1 0 24 188183 2022121422
0.00 0 2 0 24 188203 2022121422
5.20 1 1 0 24 188203 2022121422
0.00 0 2 0 27 208798 2022121422
0.00 0 2 0 27 208798 2022121422
5.20 1 1 0 27 200286 2022121422
0.00 0 2 0 27 200286 2022121422
0.00 0 2 0 27 197460 2022121422
0.00 0 2 0 27 194411 2022121422
0.00 0 2 0 27 194411 2022121422
0.00 0 2 0 27 193639 2022121422
5.20 1 1 0 27 193639 2022121422
0.00 0 2 0 27 212957 2022121422
0.00 0 1 0 27 212957 2022121422
0.00 0 2 0 30 204798 2022121422
5.20 1 1 0 30 204798 2022121422
0.00 0 2 0 30 200925 2022121422
0.00 0 2 0 30 200925 2022121422
5.20 1 1 0 30 195648 2022121422
0.00 0 2 0 30 195648 2022121422
0.00 0 2 0 30 193206 2022121422
0.00 0 2 0 31 192029 2022121422
0.00 0 2 0 31 192029 2022121422
0.00 0 2 0 31 190454 2022121422
0.00 0 2 0 31 190454 2022121422
0.00 0 2 10 13 189933 2022121422
0.00 0 1 0 13 189933 2022121422
0.00 0 2 2 16 189480 2022121422
5.20 1 1 0 16 189480 2022121422
0.00 0 2 0 27 189178 2022121422
0.00 0 2 0 27 189178 2022121422
0.00 0 2 0 27 189066 2022121422
5.20 1 1 0 27 189066 2022121422
0.00 0 2 0 27 188797 2022121422
0.00 0 2 0 27 188797 2022121422
5.20 1 1 0 27 188662 2022121422
0.00 0 2 0 30 188554 2022121422
0.00 0 2 0 30 188554 2022121422
0.00 0 1 0 30 188554 2022121422
0.00 0 2 0 30 188478 2022121422
0.00 0 2 0 30 188478 2022121422
5.20 1 1 0 30 188396 2022121422
0.00 0 2 0 33 188340 2022121422
0.00 0 2 0 33 188340 2022121422
0.00 0 2 0 33 188327 2022121422
5.20 1 1 0 33 188327 2022121422
0.00 0 2 0 33 188302 2022121422
0.00 0 2 0 33 188302 2022121422
0.00 0 1 0 33 188279 2022121422
5.20 1 1 0 33 188279 2022121422
0.00 0 2 0 33 188282 2022121422
0.00 0 2 0 33 188282 2022121422
5.20 1 1 0 33 193560 2022121422
0.00 0 2 0 33 193560 2022121422
0.00 0 2 4 22 190298 2022121422
0.00 0 2 2 22 189453 2022121422
0.00 0 2 0 22 189113 2022121422
0.00 0 2 0 28 188876 2022121422
5.20 1 1 0 28 191482 2022121422
0.00 0 2 0 28 192466 2022121422
0.00 0 1 0 28 192466 2022121422
0.00 0 2 0 28 191945 2022121422
5.20 1 1 0 28 191478 2022121422
0.00 0 2 0 28 190125 2022121422
0.00 0 2 0 30 189882 2022121422
5.20 1 1 0 30 189496 2022121422
0.00 0 2 0 30 189496 2022121422
0.00 0 2 0 31 189190 2022121422
0.00 0 2 0 31 189190 2022121422
0.00 0 2 3 24 188472 2022121422
0.00 0 2 2 22 188377 2022121422
5.20 1 1 0 22 188329 2022121422
0.00 0 2 0 23 188281 2022121422
0.00 0 1 0 23 193539 2022121422
0.00 0 2 0 24 192881 2022121422
5.20 1 1 0 24 192881 2022121422
0.00 0 2 0 24 197945 2022121422
0.00 0 2 0 24 197945 2022121422
0.00 0 2 0 27 197955 2022121422
0.00 0 2 0 27 197955 2022121422
5.20 1 1 0 27 193179 2022121422
0.00 0 2 0 27 193179 2022121422
0.00 0 2 0 27 214717 2022121422
0.00 0 2 0 27 214717 2022121422
5.20 1 1 0 27 201806 2022121422
0.00 0 2 0 27 200110 2022121422
0.00 0 1 0 27 198840 2022121422
0.00 0 2 0 27 198840 2022121422
0.00 0 2 0 28 195323 2022121422
5.20 1 1 0 28 193658 2022121422
0.00 0 2 0 28 192373 2022121422
0.00 0 2 0 28 191026 2022121422
0.00 0 2 0 30 190672 2022121422
0.00 0 2 0 30 189864 2022121422
5.20 1 1 0 30 189652 2022121422
0.00 0 2 2 23 188933 2022121422
0.00 0 2 0 23 188933 2022121422
0.00 0 2 3 20 188588 2022121422
0.00 0 2 0 28 188418 2022121422
0.00 0 1 0 28 188418 2022121422
5.20 1 1 0 28 188418 2022121422
0.00 0 2 0 28 204674 2022121422
0.00 0 2 0 28 207797 2022121422
0.00 0 2 0 28 203193 2022121422
0.00 0 2 0 28 201310 2022121422
0.00 0 2 2 5 199664 2022121422
0.00 0 2 0 5 199664 2022121422
0.00 0 2 6 8 200229 2022121422
0.00 0 2 6 11 197363 2022121422
0.00 0 2 3 12 196193 2022121422
0.00 0 2 1 13 195168 2022121422
5.20 1 1 0 16 193488 2022121422
0.00 0 1 0 20 192230 2022121422
0.00 0 2 0 20 191721 2022121422
0.00 0 2 0 23 191280 2022121422
0.00 0 2 0 23 190556 2022121422
0.00 0 2 0 23 190257 2022121422
0.00 0 2 5 9 189998 2022121422
0.00 0 2 5 12 189351 2022121422
5.20 1 1 0 12 189351 2022121422
0.00 0 2 0 16 188905 2022121422
0.00 0 2 0 16 188813 2022121422
0.00 0 2 0 16 188738 2022121422
0.00 0 2 0 16 188663 2022121422
0.00 0 2 4 11 188605 2022121422
0.00 0 1 0 11 188605 2022121422
0.00 0 2 0 13 188978 2022121422
5.20 1 1 0 13 188871 2022121422
0.00 0 2 0 13 188784 2022121422
0.00 0 2 0 13 188700 2022121422
0.00 0 2 0 13 195918 2022121422
0.00 0 2 0 13 200373 2022121422
0.00 0 2 0 13 198851 2022121422
0.00 0 2 0 13 199391 2022121422
0.00 0 2 0 13 199391 2022121422
0.00 0 2 0 16 221519 2022121422
0.00 0 2 0 16 221519 2022121422
0.00 0 2 0 16 217358 2022121422
5.20 1 0 0 16 217358 2022121422
0.00 0 2 0 16 210526 2022121422
0.00 0 2 0 16 210526 2022121422
0.00 0 2 0 16 225857 2022121422
0.00 0 2 0 16 225857 2022121422
0.00 0 2 1 16 217011 2022121422
0.00 0 2 0 16 217011 2022121422
5.20 1 1 0 16 210252 2022121422
0.00 0 2 0 16 210252 2022121422
0.00 0 2 0 19 207502 2022121422
0.00 0 2 0 19 205090 2022121422
0.00 0 2 0 19 205090 2022121422
0.00 0 2 0 19 202982 2022121422
5.20 1 0 0 19 202982 2022121422
0.00 0 2 0 19 202982 2022121422
0.00 0 2 0 19 199514 2022121422
0.00 0 2 0 22 210608 2022121422
0.00 0 2 0 22 210608 2022121422
0.00 0 2 0 22 203223 2022121422
0.00 0 2 0 22 203223 2022121422
5.20 1 1 0 22 199697 2022121422
0.00 0 2 0 22 199697 2022121422
0.00 0 2 0 22 196999 2022121422
0.00 0 2 0 22 196999 2022121422
0.00 0 2 0 24 195903 2022121422
0.00 0 2 0 24 192160 2022121422
5.20 1 0 0 24 192160 2022121422
0.00 0 2 0 24 192160 2022121422
0.00 0 2 0 24 190834 2022121422
0.00 0 2 0 24 190834 2022121422
0.00 0 2 2 19 189225 2022121422
0.00 0 2 0 22 209539 2022121422
5.20 1 1 0 22 209539 2022121422
0.00 0 2 0 22 202478 2022121422
0.00 0 2 0 22 202478 2022121422
5.20 1 1 0 22 197780 2022121422
0.00 0 2 0 22 197780 2022121422
0.00 0 2 0 22 194601 2022121422
0.00 0 2 0 22 194601 2022121422
0.00 0 1 0 24 193806 2022121422
1.09 130 1022 254 24 193806 2022121422
