3.73 1 1 0 13 185332 2022121418
0.00 0 2 0 16 185322 2022121418
0.45 1 1 0 16 185322 2022121418
0.00 0 2 0 16 185313 2022121418
0.45 1 1 0 16 185313 2022121418
0.00 0 2 5 6 185305 2022121418
0.00 0 2 0 6 185305 2022121418
0.56 1 1 3 11 185812 2022121418
0.00 0 2 0 12 185372 2022121418
1.02 1 1 0 12 185372 2022121418
0.00 0 2 0 13 185339 2022121418
1.13 1 1 0 13 185339 2022121418
0.45 1 1 3 9 185308 2022121418
0.79 1 0 0 9 185308 2022121418
0.00 0 2 0 11 185034 2022121418
1.69 2 0 0 11 185063 2022121418
0.00 0 2 0 11 185158 2022121418
1.58 1 1 0 11 185158 2022121418
0.45 1 1 0 11 185216 2022121418
0.23 1 1 0 11 185216 2022121418
0.34 1 1 2 6 185234 2022121418
0.00 0 2 0 9 184945 2022121418
0.79 2 0 0 9 185021 2022121418
0.00 0 2 0 9 186199 2022121418
0.79 1 1 0 9 186199 2022121418
0.45 1 1 0 9 185911 2022121418
0.34 1 0 0 9 185911 2022121418
0.00 0 2 0 11 185764 2022121418
0.90 2 0 0 11 185764 2022121418
0.00 0 2 0 11 185660 2022121418
0.56 2 0 0 11 191211 2022121418
0.11 1 1 3 5 188333 2022121418
0.00 0 2 0 5 188333 2022121418
0.34 1 1 0 8 187148 2022121418
0.34 1 1 0 8 186918 2022121418
0.34 1 1 0 9 189481 2022121418
0.45 1 1 0 9 188965 2022121418
0.79 2 0 0 9 193441 2022121418
0.34 1 1 0 11 192423 2022121418
0.00 0 1 0 11 191758 2022121418
0.56 1 1 0 11 190951 2022121418
0.90 2 0 0 11 195120 2022121418
0.00 0 2 0 11 192819 2022121418
0.90 2 0 0 11 192355 2022121418
0.00 0 2 0 11 194911 2022121418
0.90 1 1 0 11 194911 2022121418
0.00 0 2 0 11 192658 2022121418
0.90 1 1 0 11 192658 2022121418
0.34 1 1 0 12 190222 2022121418
0.68 1 1 0 12 190222 2022121418
1.02 1 1 0 12 188937 2022121418
0.00 0 2 0 13 188483 2022121418
0.34 1 0 0 13 188091 2022121418
0.79 1 1 0 13 188091 2022121418
1.13 1 1 0 13 188657 2022121418
0.00 0 2 0 15 188236 2022121418
1.24 2 0 0 15 187543 2022121418
0.00 0 2 0 15 189065 2022121418
1.24 1 1 0 15 189065 2022121418
0.00 0 2 0 16 187824 2022121418
1.36 1 1 0 16 187824 2022121418
0.23 1 1 0 16 187254 2022121418
1.13 1 1 0 16 187254 2022121418
1.47 1 1 0 17 186613 2022121418
0.00 0 2 0 17 186457 2022121418
0.23 1 0 0 17 186318 2022121418
1.24 1 1 0 17 186318 2022121418
1.58 1 1 0 19 186090 2022121418
0.00 0 2 0 19 185992 2022121418
1.58 2 0 0 19 185909 2022121418
0.00 0 2 0 20 185767 2022121418
1.69 1 1 0 20 185767 2022121418
0.23 1 1 0 20 185617 2022121418
1.47 1 1 0 20 185617 2022121418
1.81 1 1 0 22 185524 2022121418
0.00 0 2 0 22 185492 2022121418
1.81 1 1 0 22 185442 2022121418
0.00 0 1 0 22 185442 2022121418
0.34 1 1 0 23 185340 2022121418
1.58 1 1 0 23 185340 2022121418
1.92 1 1 0 23 185344 2022121418
0.00 0 2 0 24 185330 2022121418
2.03 2 0 0 24 185330 2022121418
0.00 0 2 0 28 186060 2022121418
2.37 1 1 0 28 186060 2022121418
0.23 1 1 0 31 185695 2022121418
2.37 1 1 0 31 185695 2022121418
2.82 1 1 0 34 185505 2022121418
0.00 0 2 0 35 185479 2022121418
3.16 1 1 0 38 185442 2022121418
0.00 0 1 0 38 185442 2022121418
8.92 1 1 0 45 185385 2022121418
0.00 0 2 0 45 185385 2022121418
0.00 0 2 0 48 185360 2022121418
0.00 0 2 0 49 185354 2022121418
10.4 2 0 0 53 185335 2022121418
0.00 0 2 0 60 185326 2022121418
5.20 1 1 0 60 185326 2022121418
0.00 0 2 0 64 185324 2022121418
5.20 1 1 0 64 185324 2022121418
0.00 0 2 2 59 185308 2022121418
0.00 0 2 2 27 185303 2022121418
0.00 0 2 20 30 184983 2022121418
0.00 0 1 0 30 184983 2022121418
5.20 1 1 5 39 184386 2022121418
0.00 0 2 0 39 184386 2022121418
0.00 0 2 6 27 185302 2022121418
0.00 0 2 7 27 185292 2022121418
5.20 1 1 0 31 185686 2022121418
0.00 0 2 1 23 185148 2022121418
0.00 0 2 3 23 185180 2022121418
0.00 0 2 0 24 185455 2022121418
5.20 1 1 0 24 185455 2022121418
0.00 0 2 0 26 188565 2022121418
0.00 0 2 0 26 188158 2022121418
5.20 1 1 0 27 187208 2022121418
0.00 0 1 0 27 187208 2022121418
0.00 0 2 0 27 186694 2022121418
0.00 0 2 4 19 186522 2022121418
0.00 0 2 1 19 186005 2022121418
0.00 0 2 0 20 185502 2022121418
5.20 1 1 0 20 185463 2022121418
0.00 0 2 0 22 185404 2022121418
0.00 0 2 0 22 190361 2022121418
0.00 0 2 0 23 188263 2022121418
0.00 0 2 0 23 188263 2022121418
5.20 1 1 0 23 187041 2022121418
0.00 0 2 0 23 186828 2022121418
0.00 0 2 0 23 186205 2022121418
0.00 0 1 0 23 186205 2022121418
0.00 0 2 0 23 185715 2022121418
0.00 0 2 0 23 185663 2022121418
5.20 1 1 0 23 185584 2022121418
0.00 0 2 0 24 187257 2022121418
0.00 0 2 0 24 187974 2022121418
0.00 0 2 0 24 187357 2022121418
5.20 1 1 0 26 187107 2022121418
0.00 0 2 0 26 186527 2022121418
0.00 0 2 0 26 186527 2022121418
0.00 0 2 0 27 185844 2022121418
0.00 0 2 0 27 185665 2022121418
5.20 1 1 0 27 185625 2022121418
0.00 0 1 0 27 185625 2022121418
0.00 0 2 0 28 185501 2022121418
0.00 0 2 0 28 185475 2022121418
5.20 1 1 0 28 185426 2022121418
0.00 0 2 0 28 185398 2022121418
0.00 0 2 0 30 185373 2022121418
0.00 0 2 0 30 185363 2022121418
5.20 1 1 0 30 185341 2022121418
0.00 0 2 0 31 185363 2022121418
0.00 0 2 0 31 185363 2022121418
0.00 0 2 0 31 185345 2022121418
5.20 1 1 5 22 185339 2022121418
0.00 0 1 0 22 185337 2022121418
0.00 0 2 0 22 185337 2022121418
0.00 0 2 0 26 184846 2022121418
0.00 0 2 0 26 184923 2022121418
5.20 1 1 0 26 185102 2022121418
0.00 0 2 0 27 185150 2022121418
0.00 0 2 0 27 185194 2022121418
0.00 0 2 0 28 185265 2022121418
5.20 1 1 0 28 185293 2022121418
0.00 0 2 0 30 185300 2022121418
0.00 0 2 0 30 185304 2022121418
0.00 0 2 0 30 185303 2022121418
0.00 0 1 0 30 185303 2022121418
0.00 0 2 6 19 185306 2022121418
0.00 0 2 0 19 185306 2022121418
0.00 0 2 2 22 185441 2022121418
0.00 0 2 0 26 185267 2022121418
5.20 1 1 0 26 185297 2022121418
0.00 0 2 0 26 185307 2022121418
5.20 1 1 0 26 189752 2022121418
0.00 0 2 0 27 189796 2022121418
0.00 0 2 0 27 189796 2022121418
0.00 0 2 0 28 187608 2022121418
0.00 0 2 0 30 187076 2022121418
5.20 1 1 0 30 186493 2022121418
0.00 0 1 0 30 186493 2022121418
0.00 0 2 0 30 186893 2022121418
0.00 0 2 0 31 186698 2022121418
5.20 1 1 0 31 186116 2022121418
0.00 0 2 0 31 187425 2022121418
0.00 0 2 0 31 187172 2022121418
0.00 0 2 0 31 186566 2022121418
5.20 1 1 0 31 186265 2022121418
0.00 0 2 3 22 185679 2022121418
0.00 0 2 0 22 185679 2022121418
5.20 1 1 0 26 185415 2022121418
0.00 0 2 0 26 185383 2022121418
0.00 0 1 0 26 187324 2022121418
0.00 0 2 0 26 187324 2022121418
0.00 0 2 0 27 186483 2022121418
0.00 0 2 0 28 186338 2022121418
5.20 1 1 0 28 185998 2022121418
0.00 0 2 2 23 185665 2022121418
0.00 0 2 0 19 185577 2022121418
0.00 0 2 0 22 185130 2022121418
5.20 1 1 0 22 185513 2022121418
0.00 0 2 0 22 186744 2022121418
0.00 0 2 0 22 186744 2022121418
0.00 0 2 0 23 186274 2022121418
0.00 0 2 0 23 185971 2022121418
0.00 0 1 0 23 185754 2022121418
5.20 1 1 0 23 185754 2022121418
0.00 0 2 0 23 185580 2022121418
0.00 0 2 0 23 185521 2022121418
0.00 0 2 0 23 185476 2022121418
0.00 0 2 0 24 185446 2022121418
5.20 1 1 0 24 185427 2022121418
0.00 0 2 0 24 185390 2022121418
0.00 0 2 0 24 189314 2022121418
0.00 0 2 0 26 187666 2022121418
5.20 1 1 0 26 187666 2022121418
0.00 0 2 0 26 186714 2022121418
0.00 0 2 0 27 186392 2022121418
0.00 0 1 0 27 186261 2022121418
0.00 0 2 0 27 186261 2022121418
5.20 1 1 0 27 185887 2022121418
0.00 0 2 0 28 185753 2022121418
0.00 0 2 0 28 185705 2022121418
0.00 0 2 0 28 185613 2022121418
5.20 1 1 0 28 185546 2022121418
0.00 0 2 0 30 185492 2022121418
0.00 0 2 0 30 185457 2022121418
0.00 0 2 0 30 185408 2022121418
5.20 1 1 0 30 185408 2022121418
0.00 0 2 0 31 185375 2022121418
0.00 0 2 2 22 185355 2022121418
0.00 0 1 3 22 185351 2022121418
0.00 0 2 0 22 185351 2022121418
0.00 0 2 0 26 185053 2022121418
5.20 1 1 0 26 185139 2022121418
0.00 0 2 0 26 185200 2022121418
0.00 0 2 0 27 185243 2022121418
5.20 1 1 0 27 185254 2022121418
0.00 0 2 0 28 185268 2022121418
0.00 0 2 0 28 185268 2022121418
0.00 0 2 7 19 185292 2022121418
0.00 0 2 0 19 185302 2022121418
0.00 0 2 0 20 185255 2022121418
0.00 0 2 0 22 185278 2022121418
5.20 1 0 0 22 185287 2022121418
0.00 0 2 0 22 185287 2022121418
0.00 0 2 0 22 190279 2022121418
0.00 0 2 0 22 190279 2022121418
0.00 0 2 0 22 190279 2022121418
0.00 0 2 0 22 190279 2022121418
0.00 0 2 0 22 190279 2022121418
0.00 0 2 0 22 190279 2022121418
0.00 0 2 0 23 189656 2022121418
0.00 0 2 0 23 189110 2022121418
0.00 0 2 1 1 189110 2022121418
0.00 0 2 0 1 189110 2022121418
0.00 0 2 0 1 189110 2022121418
0.00 0 1 0 1 189110 2022121418
0.00 0 2 0 1 189110 2022121418
0.00 0 2 0 1 189110 2022121418
0.00 0 2 0 1 189110 2022121418
0.00 0 2 0 1 189110 2022121418
0.00 0 2 1 1 189110 2022121418
0.00 0 2 0 1 189110 2022121418
0.00 0 2 0 1 189110 2022121418
0.00 0 2 0 1 189110 2022121418
0.00 0 2 0 1 189110 2022121418
0.00 0 2 0 1 189110 2022121418
0.00 0 2 0 1 189110 2022121418
0.00 0 2 0 1 189110 2022121418
0.00 0 1 0 1 189110 2022121418
0.00 0 2 0 1 189110 2022121418
0.00 0 2 0 1 189110 2022121418
0.00 0 2 0 1 189110 2022121418
0.00 0 2 0 1 189110 2022121418
0.00 0 2 0 1 189110 2022121418
0.00 0 2 0 1 189110 2022121418
0.00 0 2 1 1 189110 2022121418
0.00 0 2 0 1 189110 2022121418
0.00 0 2 0 2 188471 2022121418
0.00 0 2 0 2 188471 2022121418
0.00 0 2 2 2 188077 2022121418
0.00 0 2 0 2 188077 2022121418
0.00 0 1 2 5 188067 2022121418
0.00 0 2 0 5 188067 2022121418
0.00 0 2 4 8 187043 2022121418
0.00 0 2 0 8 187043 2022121418
0.00 0 2 6 13 186188 2022121418
0.00 0 2 2 15 186352 2022121418
0.00 0 2 0 15 186352 2022121418
0.00 0 2 0 16 185745 2022121418
5.20 1 1 0 16 185745 2022121418
0.00 0 2 0 17 185560 2022121418
0.00 0 2 0 17 185560 2022121418
5.20 1 1 0 17 185534 2022121418
0.00 0 1 0 17 185534 2022121418
0.00 0 2 0 19 185514 2022121418
0.00 0 2 0 19 185514 2022121418
0.00 0 2 0 20 185479 2022121418
0.00 0 2 0 20 185479 2022121418
0.00 0 2 0 20 185470 2022121418
0.00 0 2 0 22 185398 2022121418
5.20 1 1 0 22 185398 2022121418
0.00 0 2 0 23 185399 2022121418
0.00 0 2 0 23 185399 2022121418
0.00 0 2 0 24 185407 2022121418
0.00 0 2 0 24 185407 2022121418
5.20 1 1 0 26 185377 2022121418
0.00 0 1 0 26 185377 2022121418
0.00 0 2 0 27 185381 2022121418
0.00 0 2 0 27 185381 2022121418
5.20 1 1 0 28 185370 2022121418
0.00 0 2 0 28 185370 2022121418
0.00 0 2 0 30 185349 2022121418
0.00 0 2 0 31 185337 2022121418
5.20 1 1 0 31 185337 2022121418
0.00 0 2 0 33 185336 2022121418
0.00 0 2 0 33 185336 2022121418
5.20 1 1 0 34 185323 2022121418
0.00 0 2 0 34 185323 2022121418
0.00 0 2 0 35 185325 2022121418
0.00 0 1 0 35 185325 2022121418
0.00 0 2 0 38 185330 2022121418
5.20 1 1 0 38 185330 2022121418
0.00 0 2 0 39 185315 2022121418
0.00 0 2 0 41 185340 2022121418
5.20 1 1 0 41 185340 2022121418
0.00 0 2 0 44 185362 2022121418
5.20 1 1 0 44 185362 2022121418
0.00 0 2 0 46 185353 2022121418
0.00 0 2 0 46 185353 2022121418
5.20 1 1 0 48 185364 2022121418
0.00 0 2 0 48 185364 2022121418
0.00 0 2 1 1 185379 2022121418
0.00 0 1 0 1 185379 2022121418
0.00 0 2 15 20 185191 2022121418
0.00 0 2 0 20 185191 2022121418
0.00 0 2 6 27 184611 2022121418
0.00 0 2 0 27 184611 2022121418
5.20 1 1 0 35 185847 2022121418
0.00 0 2 0 38 185631 2022121418
5.20 1 1 0 38 185631 2022121418
0.00 0 2 0 41 185557 2022121418
0.00 0 2 0 41 185557 2022121418
0.00 0 2 6 28 185508 2022121418
0.00 0 2 0 28 185508 2022121418
0.00 0 1 11 15 185481 2022121418
5.20 1 1 0 15 185481 2022121418
0.00 0 2 3 19 184992 2022121418
0.00 0 2 0 19 184992 2022121418
0.00 0 2 0 28 185373 2022121418
0.00 0 2 0 33 185384 2022121418
5.20 1 1 0 33 185384 2022121418
0.00 0 2 0 33 185394 2022121418
0.00 0 2 0 33 185394 2022121418
0.00 0 2 0 33 185401 2022121418
5.20 1 1 0 33 185401 2022121418
0.00 0 2 0 35 185389 2022121418
0.00 0 1 0 35 185389 2022121418
0.00 0 2 0 35 185391 2022121418
5.20 1 1 0 35 185391 2022121418
0.00 0 2 0 35 185385 2022121418
0.00 0 2 0 35 185385 2022121418
0.00 0 2 1 1 185384 2022121418
0.00 0 2 9 13 185371 2022121418
0.00 0 2 2 15 185200 2022121418
0.00 0 2 4 17 184919 2022121418
0.00 0 2 0 17 184919 2022121418
5.20 1 1 0 28 184866 2022121418
0.00 0 2 0 28 184866 2022121418
0.00 0 2 0 28 185073 2022121418
0.00 0 1 0 28 185073 2022121418
0.00 0 2 0 31 185160 2022121418
5.20 1 1 0 31 185160 2022121418
0.00 0 2 0 31 185226 2022121418
0.00 0 2 0 31 185226 2022121418
5.20 1 1 0 33 185292 2022121418
0.00 0 2 0 34 185323 2022121418
0.00 0 2 0 34 185323 2022121418
0.00 0 2 0 34 185343 2022121418
5.20 1 1 0 34 185343 2022121418
0.00 0 2 0 35 185354 2022121418
0.00 0 2 0 35 185354 2022121418
5.20 1 1 0 35 185335 2022121418
0.00 0 1 0 35 185335 2022121418
0.00 0 2 3 24 185329 2022121418
0.00 0 2 0 24 185329 2022121418
0.00 0 2 2 24 185540 2022121418
0.00 0 2 0 24 185540 2022121418
5.20 1 1 0 28 191613 2022121418
0.00 0 2 0 28 190836 2022121418
5.20 1 1 0 30 194417 2022121418
0.00 0 2 0 30 193290 2022121418
0.00 0 2 0 31 198080 2022121418
0.00 0 2 0 31 196484 2022121418
0.00 0 2 0 31 192784 2022121418
0.00 0 2 6 13 189676 2022121418
0.00 0 1 0 13 189676 2022121418
0.00 0 2 6 15 187391 2022121418
0.00 0 2 2 19 187209 2022121418
0.00 0 2 0 24 186047 2022121418
5.20 1 1 0 24 186047 2022121418
0.00 0 2 0 26 185596 2022121418
0.00 0 2 0 26 185562 2022121418
5.20 1 1 0 27 185456 2022121418
0.00 0 2 0 27 185430 2022121418
0.00 0 2 0 28 185399 2022121418
0.00 0 2 0 28 185374 2022121418
5.20 1 1 0 30 185354 2022121418
0.00 0 2 0 30 185327 2022121418
0.00 0 1 0 30 185327 2022121418
0.00 0 2 0 30 185340 2022121418
5.20 1 1 0 31 185320 2022121418
0.00 0 2 0 31 185320 2022121418
0.00 0 2 0 31 185317 2022121418
0.00 0 2 0 31 185306 2022121418
5.20 1 1 0 31 185313 2022121418
0.00 0 2 0 31 185334 2022121418
0.00 0 2 0 31 185329 2022121418
5.20 1 1 0 31 185318 2022121418
0.00 0 2 0 31 185328 2022121418
0.00 0 2 0 31 185328 2022121418
0.00 0 2 3 22 185324 2022121418
0.00 0 1 0 22 185324 2022121418
0.00 0 2 0 22 185662 2022121418
5.20 1 1 0 27 185469 2022121418
0.00 0 2 0 27 189161 2022121418
0.00 0 2 0 27 188679 2022121418
0.00 0 2 0 27 187559 2022121418
5.20 1 1 0 28 187033 2022121418
0.00 0 2 0 28 186634 2022121418
0.00 0 2 2 19 186471 2022121418
0.00 0 2 4 19 185991 2022121418
0.00 0 2 0 19 185742 2022121418
5.20 1 1 0 20 185926 2022121418
0.00 0 2 0 22 185665 2022121418
0.00 0 1 0 22 185665 2022121418
0.00 0 2 0 22 185620 2022121418
0.00 0 2 0 22 185546 2022121418
0.00 0 2 0 23 185465 2022121418
5.20 1 1 0 23 185443 2022121418
0.00 0 2 0 23 185399 2022121418
0.00 0 2 0 23 185386 2022121418
5.20 1 1 0 23 185364 2022121418
0.00 0 2 0 23 185363 2022121418
0.00 0 2 0 23 185353 2022121418
0.00 0 2 0 24 185345 2022121418
0.00 0 2 0 24 185332 2022121418
0.00 0 2 0 24 185315 2022121418
5.20 1 0 0 24 185315 2022121418
0.00 0 2 0 26 190355 2022121418
0.00 0 2 0 26 189179 2022121418
0.00 0 2 0 26 187578 2022121418
0.00 0 2 0 26 187578 2022121418
0.00 0 2 0 27 186826 2022121418
5.20 1 1 0 27 186826 2022121418
0.00 0 2 0 28 186328 2022121418
0.00 0 2 0 28 186198 2022121418
5.20 1 1 0 28 185832 2022121418
0.00 0 2 0 30 185611 2022121418
0.00 0 2 0 30 185611 2022121418
0.00 0 1 0 30 185574 2022121418
5.20 1 1 0 30 185457 2022121418
0.00 0 2 0 31 185380 2022121418
0.00 0 2 0 31 185380 2022121418
0.00 0 2 0 31 185363 2022121418
5.20 1 1 0 31 185363 2022121418
0.00 0 2 0 33 185340 2022121418
0.00 0 2 0 33 185332 2022121418
0.00 0 2 0 33 185326 2022121418
0.00 0 2 0 33 185321 2022121418
0.00 0 2 7 17 185293 2022121418
0.00 0 2 3 20 185931 2022121418
5.20 1 1 0 20 185931 2022121418
0.00 0 1 0 22 185689 2022121418
0.00 0 2 0 27 185478 2022121418
0.00 0 2 0 27 185412 2022121418
5.20 1 1 0 27 185412 2022121418
0.00 0 2 0 28 185448 2022121418
0.00 0 2 0 28 185448 2022121418
0.00 0 2 0 28 185411 2022121418
5.20 1 1 0 28 185411 2022121418
0.00 0 2 0 31 189121 2022121418
0.00 0 2 0 31 189121 2022121418
5.20 1 1 0 31 188656 2022121418
0.00 0 2 0 31 187893 2022121418
0.00 0 2 0 31 187893 2022121418
0.00 0 1 0 31 187893 2022121418
0.00 0 2 0 31 187297 2022121418
0.00 0 2 10 16 186834 2022121418
0.00 0 2 0 16 186834 2022121418
0.00 0 2 1 20 185771 2022121418
5.20 1 1 0 20 185771 2022121418
0.00 0 2 0 26 185533 2022121418
0.00 0 2 0 26 185533 2022121418
5.20 1 1 0 26 185511 2022121418
0.00 0 2 0 26 185511 2022121418
0.00 0 2 0 30 185498 2022121418
0.00 0 2 0 30 185435 2022121418
5.20 1 1 0 30 185435 2022121418
0.00 0 1 0 30 185435 2022121418
0.00 0 2 0 30 185440 2022121418
0.00 0 2 0 30 185407 2022121418
0.00 0 2 0 30 185407 2022121418
0.00 0 2 0 33 185355 2022121418
5.20 1 1 0 33 185355 2022121418
0.00 0 2 0 33 185323 2022121418
0.00 0 2 0 33 185323 2022121418
5.20 1 1 0 33 185330 2022121418
0.00 0 2 0 33 185330 2022121418
0.00 0 2 6 22 185318 2022121418
0.00 0 2 2 22 185680 2022121418
0.00 0 2 0 22 185680 2022121418
0.00 0 1 0 22 185680 2022121418
5.20 1 1 0 28 185465 2022121418
0.00 0 2 0 28 185448 2022121418
0.00 0 2 0 28 185448 2022121418
0.00 0 2 0 28 185426 2022121418
5.20 1 1 0 28 185426 2022121418
0.00 0 2 0 28 185411 2022121418
0.00 0 2 0 28 185411 2022121418
5.20 1 1 0 31 185401 2022121418
0.00 0 2 0 31 185401 2022121418
0.00 0 2 0 31 185389 2022121418
0.00 0 2 2 19 185385 2022121418
0.00 0 2 0 19 185385 2022121418
0.00 0 1 0 19 185385 2022121418
0.00 0 2 7 20 185661 2022121418
0.00 0 2 0 24 185454 2022121418
5.20 1 1 0 24 185454 2022121418
0.00 0 2 0 24 185442 2022121418
0.00 0 2 0 24 185442 2022121418
5.20 1 1 0 24 185418 2022121418
0.00 0 2 0 24 185418 2022121418
0.00 0 2 0 27 185412 2022121418
0.00 0 2 0 27 185412 2022121418
5.20 1 1 0 27 185404 2022121418
0.00 0 2 0 27 185405 2022121418
0.00 0 2 0 27 185405 2022121418
0.00 0 1 0 27 185405 2022121418
0.00 0 2 0 27 185416 2022121418
0.00 0 2 0 27 185407 2022121418
5.20 1 1 0 27 185407 2022121418
0.00 0 2 0 30 185404 2022121418
0.00 0 2 0 30 185404 2022121418
5.20 1 1 0 30 185409 2022121418
0.00 0 2 0 30 185409 2022121418
0.00 0 2 0 30 185404 2022121418
0.00 0 2 0 30 185383 2022121418
5.20 1 1 0 30 185383 2022121418
0.00 0 2 0 31 185371 2022121418
0.00 0 2 0 31 185371 2022121418
0.00 0 1 0 31 185371 2022121418
0.00 0 2 4 22 185362 2022121418
0.00 0 2 0 27 185696 2022121418
5.20 1 1 0 27 185696 2022121418
0.00 0 2 0 27 185659 2022121418
0.00 0 2 0 27 185659 2022121418
5.20 1 1 0 27 185592 2022121418
0.00 0 2 0 27 185592 2022121418
0.00 0 2 0 27 185496 2022121418
0.00 0 2 6 17 185498 2022121418
0.00 0 2 0 17 185498 2022121418
0.00 0 2 0 20 185465 2022121418
5.20 1 0 0 20 185465 2022121418
0.00 0 2 0 20 185465 2022121418
0.00 0 2 0 22 185438 2022121418
0.00 0 2 0 22 185428 2022121418
0.00 0 2 0 22 185428 2022121418
0.00 0 2 0 24 185448 2022121418
5.20 1 1 0 24 185448 2022121418
0.00 0 2 0 24 185431 2022121418
0.00 0 2 0 24 185431 2022121418
0.00 0 2 0 24 185387 2022121418
0.00 0 2 0 24 185362 2022121418
5.20 1 1 0 24 185362 2022121418
0.00 0 2 0 24 185381 2022121418
0.00 0 2 0 24 185381 2022121418
0.00 0 1 0 24 185355 2022121418
5.20 1 1 0 24 185355 2022121418
0.00 0 2 0 27 185339 2022121418
0.00 0 2 0 27 185339 2022121418
0.00 0 2 0 27 185329 2022121418
0.00 0 2 0 27 185329 2022121418
5.20 1 1 0 27 185326 2022121418
0.00 0 2 0 27 185326 2022121418
0.00 0 2 0 27 185324 2022121418
0.00 0 2 0 30 185348 2022121418
5.20 1 1 0 30 185348 2022121418
0.00 0 2 0 30 185338 2022121418
0.00 0 2 0 30 185338 2022121418
0.00 0 1 0 30 185315 2022121418
5.20 1 1 0 30 185315 2022121418
0.00 0 2 0 30 185313 2022121418
0.00 0 2 0 30 185313 2022121418
0.00 0 2 0 33 185319 2022121418
5.20 1 1 0 33 185319 2022121418
0.00 0 2 0 33 185319 2022121418
0.00 0 2 0 33 185319 2022121418
0.00 0 2 1 1 185324 2022121418
0.00 0 2 12 16 185170 2022121418
1.01 175 979 263 16 185170 2022121418
