8.92 1 1 0 13 176870 2022121423
0.00 0 2 0 20 176881 2022121423
2.60 1 1 0 20 176881 2022121423
0.00 0 2 0 20 176879 2022121423
0.00 0 2 0 20 176879 2022121423
0.00 0 2 0 20 176880 2022121423
0.00 0 2 1 20 176876 2022121423
0.00 0 2 0 20 176876 2022121423
0.00 0 2 0 20 176777 2022121423
0.00 0 2 0 20 176788 2022121423
0.00 0 2 0 20 176795 2022121423
0.00 0 2 0 20 176823 2022121423
0.00 0 1 0 20 176823 2022121423
0.00 0 2 2 4 176824 2022121423
0.00 0 2 1 4 176833 2022121423
0.00 0 2 6 8 176995 2022121423
0.00 0 2 3 9 176871 2022121423
0.00 0 2 0 12 177167 2022121423
0.00 0 2 0 17 176980 2022121423
2.60 1 1 0 17 176968 2022121423
0.56 1 1 1 12 176926 2022121423
0.56 1 1 1 12 176921 2022121423
0.90 2 0 0 12 176794 2022121423
0.11 1 1 0 13 176731 2022121423
0.45 1 1 0 13 176743 2022121423
0.00 0 1 0 13 176803 2022121423
5.20 1 1 0 15 176812 2022121423
0.00 0 2 0 15 176825 2022121423
0.00 0 2 0 15 176831 2022121423
0.00 0 2 0 15 187922 2022121423
0.00 0 2 0 15 188325 2022121423
0.00 0 2 0 16 186889 2022121423
0.00 0 2 0 16 186696 2022121423
5.20 1 1 0 16 186696 2022121423
0.00 0 2 0 17 184389 2022121423
0.00 0 2 0 17 184389 2022121423
0.00 0 2 0 17 183443 2022121423
0.00 0 2 5 11 200330 2022121423
0.00 0 1 0 11 200330 2022121423
0.00 0 2 0 13 192299 2022121423
0.00 0 2 0 13 192299 2022121423
0.00 0 2 0 15 190373 2022121423
5.20 1 1 0 15 190373 2022121423
0.00 0 2 0 15 188691 2022121423
0.00 0 2 0 15 187214 2022121423
0.00 0 2 0 15 187214 2022121423
0.00 0 2 3 4 185919 2022121423
0.00 0 2 0 4 185919 2022121423
0.00 0 2 4 6 183594 2022121423
0.00 0 2 0 6 183594 2022121423
0.00 0 2 0 11 181814 2022121423
0.00 0 1 0 11 181814 2022121423
0.00 0 2 0 11 180200 2022121423
0.00 0 2 0 12 179781 2022121423
0.00 0 2 0 12 179781 2022121423
0.00 0 2 0 12 179781 2022121423
0.00 0 2 0 12 179781 2022121423
0.00 0 2 1 1 179781 2022121423
0.00 0 2 0 1 179781 2022121423
0.00 0 2 0 2 184309 2022121423
0.00 0 2 0 2 184309 2022121423
0.00 0 2 2 2 183379 2022121423
0.00 0 2 0 2 183379 2022121423
0.00 0 1 2 5 182456 2022121423
0.00 0 2 0 5 182456 2022121423
5.20 1 1 3 8 180925 2022121423
0.00 0 2 0 8 178462 2022121423
0.00 0 2 0 8 178462 2022121423
0.00 0 2 0 11 178272 2022121423
0.00 0 2 0 11 178272 2022121423
0.00 0 2 0 11 178106 2022121423
0.00 0 2 0 11 178106 2022121423
0.00 0 2 0 11 177814 2022121423
0.00 0 1 0 11 177814 2022121423
0.00 0 2 0 12 177607 2022121423
0.00 0 2 0 12 177517 2022121423
5.20 1 1 0 12 177517 2022121423
0.00 0 2 0 13 177440 2022121423
0.00 0 2 0 13 177440 2022121423
0.00 0 2 0 13 177377 2022121423
0.00 0 2 0 15 177323 2022121423
0.00 0 2 0 15 177323 2022121423
0.00 0 1 0 15 177323 2022121423
0.00 0 2 0 15 177274 2022121423
0.00 0 2 0 16 177197 2022121423
5.20 1 1 0 16 177197 2022121423
0.00 0 2 0 16 177164 2022121423
0.00 0 2 0 16 177164 2022121423
0.00 0 2 0 17 177141 2022121423
0.00 0 2 0 19 177100 2022121423
0.00 0 2 0 19 177100 2022121423
0.00 0 2 0 19 177080 2022121423
5.20 1 1 0 19 177080 2022121423
0.00 0 2 0 20 177063 2022121423
0.00 0 2 0 20 177063 2022121423
0.00 0 1 0 20 196375 2022121423
0.00 0 2 0 20 196375 2022121423
0.00 0 2 0 20 196375 2022121423
0.00 0 2 0 20 196375 2022121423
0.00 0 2 0 20 196375 2022121423
0.00 0 2 0 20 196375 2022121423
5.20 1 1 0 22 248995 2022121423
0.00 0 2 0 22 248995 2022121423
0.00 0 2 0 23 219155 2022121423
0.00 0 2 0 24 205208 2022121423
0.00 0 2 0 24 205208 2022121423
0.00 0 2 0 26 195870 2022121423
5.42 1 1 0 26 195870 2022121423
0.00 0 1 0 27 191433 2022121423
0.00 0 2 0 27 191433 2022121423
0.00 0 2 0 28 185424 2022121423
0.00 0 2 0 28 185424 2022121423
5.54 1 1 0 28 183411 2022121423
0.00 0 2 0 28 182595 2022121423
0.00 0 2 0 28 181877 2022121423
0.00 0 2 9 12 179442 2022121423
0.00 0 2 2 13 179012 2022121423
0.00 0 2 2 17 178018 2022121423
0.00 0 2 0 23 177467 2022121423
0.00 0 2 0 23 177390 2022121423
5.20 1 1 6 15 181403 2022121423
0.00 0 1 0 15 181403 2022121423
0.00 0 2 0 15 180331 2022121423
0.00 0 2 0 16 179422 2022121423
0.00 0 2 0 17 185652 2022121423
0.00 0 2 0 17 184551 2022121423
0.00 0 2 0 17 182758 2022121423
0.00 0 2 0 17 182758 2022121423
5.20 1 1 0 20 192267 2022121423
0.00 0 2 0 20 187196 2022121423
0.00 0 2 0 20 187196 2022121423
0.00 0 2 0 20 185915 2022121423
0.00 0 2 0 20 185915 2022121423
0.00 0 1 0 20 206907 2022121423
0.00 0 2 0 20 206907 2022121423
0.00 0 2 0 20 206907 2022121423
0.00 0 2 0 20 206907 2022121423
0.00 0 2 0 20 206907 2022121423
0.00 0 2 0 20 206907 2022121423
0.00 0 2 0 20 259867 2022121423
5.65 1 1 0 20 259867 2022121423
0.00 0 2 0 20 240417 2022121423
0.00 0 2 0 20 240417 2022121423
0.00 0 2 0 23 232481 2022121423
0.00 0 2 0 23 205369 2022121423
5.54 1 0 0 23 205369 2022121423
0.00 0 2 0 23 205369 2022121423
0.00 0 2 0 23 195966 2022121423
0.00 0 2 0 23 189656 2022121423
0.00 0 2 0 23 189656 2022121423
0.00 0 2 8 11 188055 2022121423
0.00 0 2 0 11 188055 2022121423
0.00 0 2 1 12 186549 2022121423
0.00 0 1 0 12 186549 2022121423
5.31 1 1 0 19 184280 2022121423
0.00 0 2 0 19 183353 2022121423
0.00 0 2 0 19 183353 2022121423
0.00 0 2 4 5 182538 2022121423
0.00 0 2 0 5 182538 2022121423
0.00 0 2 5 6 181720 2022121423
0.00 0 2 1 8 181005 2022121423
0.00 0 2 0 8 181005 2022121423
0.00 0 2 0 12 180373 2022121423
0.00 0 1 0 12 180373 2022121423
0.00 0 2 0 13 202029 2022121423
0.00 0 2 0 13 202029 2022121423
0.00 0 2 0 13 198882 2022121423
5.20 1 1 0 13 198882 2022121423
0.00 0 2 0 13 198882 2022121423
0.00 0 2 0 13 198882 2022121423
0.00 0 2 0 13 198882 2022121423
0.00 0 2 0 15 245833 2022121423
0.00 0 2 0 15 245833 2022121423
0.00 0 2 0 15 245833 2022121423
0.00 0 2 0 15 245833 2022121423
0.00 0 1 0 15 245833 2022121423
0.00 0 2 0 15 245833 2022121423
0.00 0 2 0 15 245833 2022121423
0.00 0 2 0 15 245833 2022121423
0.00 0 2 1 1 245833 2022121423
0.00 0 2 0 1 245833 2022121423
0.00 0 2 0 1 245833 2022121423
0.00 0 2 0 1 245833 2022121423
0.00 0 2 0 1 245833 2022121423
0.00 0 2 0 1 245833 2022121423
0.00 0 2 0 1 245833 2022121423
0.00 0 2 0 1 245833 2022121423
0.00 0 2 0 1 245833 2022121423
0.00 0 1 0 1 245833 2022121423
0.00 0 2 0 1 245833 2022121423
0.00 0 2 0 1 245833 2022121423
0.00 0 2 0 1 245833 2022121423
0.00 0 2 0 1 245833 2022121423
0.00 0 2 0 1 245833 2022121423
0.00 0 2 1 1 245833 2022121423
0.00 0 2 0 1 245833 2022121423
0.00 0 2 0 15 519589 2022121423
0.00 0 2 0 15 519589 2022121423
0.00 0 2 4 5 476745 2022121423
0.00 0 2 3 6 439151 2022121423
0.00 0 2 0 6 439151 2022121423
0.00 0 1 0 6 439151 2022121423
0.00 0 2 0 17 377589 2022121423
0.00 0 2 0 17 330558 2022121423
0.00 0 2 0 17 330558 2022121423
0.00 0 2 0 17 296755 2022121423
5.20 1 1 0 17 296755 2022121423
0.00 0 2 0 17 230689 2022121423
0.00 0 2 0 17 218094 2022121423
0.00 0 2 0 17 218094 2022121423
0.00 0 2 0 17 204505 2022121423
0.00 0 2 0 17 204505 2022121423
5.20 1 1 0 17 198054 2022121423
0.00 0 2 0 17 195419 2022121423
0.00 0 1 0 17 195419 2022121423
0.00 0 2 0 17 195419 2022121423
0.00 0 2 0 17 191086 2022121423
0.00 0 2 0 17 189317 2022121423
5.20 1 1 0 17 189317 2022121423
0.00 0 2 0 17 186410 2022121423
0.00 0 2 0 17 186410 2022121423
0.00 0 2 0 17 184186 2022121423
0.00 0 2 0 17 182483 2022121423
0.00 0 2 0 17 182483 2022121423
0.00 0 2 0 17 182483 2022121423
0.00 0 2 0 17 182483 2022121423
0.00 0 2 0 17 182483 2022121423
0.00 0 1 0 17 182483 2022121423
0.00 0 2 0 17 182483 2022121423
0.00 0 2 0 17 182483 2022121423
0.00 0 2 0 17 182483 2022121423
0.00 0 2 1 1 182483 2022121423
0.00 0 2 0 1 182483 2022121423
0.00 0 2 0 17 246173 2022121423
5.20 1 1 0 17 246173 2022121423
0.00 0 2 0 20 237519 2022121423
0.00 0 2 0 20 237519 2022121423
0.00 0 2 0 20 229946 2022121423
0.00 0 2 0 22 229389 2022121423
0.00 0 2 0 22 229389 2022121423
0.00 0 1 0 22 222833 2022121423
5.31 1 1 0 22 222833 2022121423
0.00 0 2 0 23 200490 2022121423
0.00 0 2 0 23 200490 2022121423
0.00 0 2 0 24 205580 2022121423
0.00 0 2 0 24 205580 2022121423
5.99 1 1 0 26 198863 2022121423
0.00 0 2 0 27 193722 2022121423
0.00 0 2 0 27 193722 2022121423
0.00 0 2 0 28 189782 2022121423
0.00 0 2 0 28 189782 2022121423
7.12 1 1 0 30 188182 2022121423
0.00 0 2 0 31 184497 2022121423
0.00 0 1 0 31 184497 2022121423
0.00 0 2 0 31 184497 2022121423
0.11 1 1 0 33 183557 2022121423
0.00 0 2 0 34 182010 2022121423
2.82 1 1 0 34 182010 2022121423
0.00 0 2 0 37 181384 2022121423
3.05 1 1 0 37 181384 2022121423
3.16 1 1 0 38 179540 2022121423
0.00 0 2 0 39 179220 2022121423
3.28 1 1 0 39 179220 2022121423
0.00 0 2 0 42 178949 2022121423
3.50 1 1 0 42 178949 2022121423
1.36 1 1 0 42 178696 2022121423
0.00 0 1 0 42 178696 2022121423
0.00 0 2 1 1 178112 2022121423
1.36 1 1 0 1 178112 2022121423
0.00 0 2 14 19 177209 2022121423
0.00 0 2 4 24 176709 2022121423
1.69 2 0 0 26 176620 2022121423
0.00 0 2 0 33 176672 2022121423
2.60 1 1 0 33 176672 2022121423
1.81 1 1 0 34 183905 2022121423
0.90 1 1 0 35 197469 2022121423
2.94 2 0 0 35 194894 2022121423
0.00 0 2 0 37 188959 2022121423
7.34 1 0 0 37 188959 2022121423
0.00 0 2 0 38 186152 2022121423
0.00 0 2 0 38 183093 2022121423
0.00 0 2 0 39 180538 2022121423
7.34 1 1 0 39 180538 2022121423
0.00 0 2 0 41 178545 2022121423
0.00 0 2 5 28 178356 2022121423
0.00 0 2 0 28 178016 2022121423
0.00 0 2 4 28 181352 2022121423
5.31 1 1 0 28 181352 2022121423
0.00 0 2 0 30 196070 2022121423
0.00 0 1 0 30 196070 2022121423
0.00 0 2 0 30 196070 2022121423
0.00 0 2 0 30 196070 2022121423
0.00 0 2 0 30 196070 2022121423
0.00 0 2 0 30 196070 2022121423
0.00 0 2 0 30 243316 2022121423
0.00 0 2 0 30 243316 2022121423
0.00 0 2 4 20 235018 2022121423
0.00 0 2 9 12 221305 2022121423
5.20 1 1 0 12 221305 2022121423
0.00 0 2 1 13 215642 2022121423
0.00 0 2 0 13 215642 2022121423
0.00 0 2 0 22 206909 2022121423
0.00 0 1 0 22 206909 2022121423
5.20 1 1 0 23 197038 2022121423
0.00 0 2 0 23 197038 2022121423
0.00 0 2 0 23 192328 2022121423
0.00 0 2 0 26 185992 2022121423
0.00 0 2 0 26 185992 2022121423
5.20 1 1 0 26 183026 2022121423
0.00 0 2 0 26 183026 2022121423
0.00 0 2 0 26 180501 2022121423
0.00 0 2 0 26 179681 2022121423
5.20 1 1 0 26 179681 2022121423
0.00 0 2 0 26 179089 2022121423
0.00 0 2 0 26 179089 2022121423
0.00 0 1 0 26 178833 2022121423
0.00 0 2 0 26 178833 2022121423
5.20 1 1 0 28 178606 2022121423
0.00 0 2 0 28 178606 2022121423
0.00 0 2 0 28 178407 2022121423
0.00 0 2 0 28 197439 2022121423
5.20 1 1 0 28 197439 2022121423
0.00 0 2 0 28 190733 2022121423
0.00 0 2 0 28 190733 2022121423
5.20 1 1 0 28 187525 2022121423
0.00 0 2 0 31 185054 2022121423
0.00 0 2 0 31 185054 2022121423
0.00 0 2 0 31 184047 2022121423
0.00 0 1 0 31 184047 2022121423
0.00 0 2 0 31 181105 2022121423
5.65 1 1 0 31 181105 2022121423
0.00 0 2 0 34 180599 2022121423
0.00 0 2 0 34 180599 2022121423
5.65 1 1 0 34 179421 2022121423
0.00 0 2 0 34 178637 2022121423
0.00 0 2 0 34 178637 2022121423
0.00 0 2 0 34 178107 2022121423
5.65 1 1 0 34 178107 2022121423
0.00 0 2 0 37 177846 2022121423
0.00 0 2 0 37 177846 2022121423
6.10 1 1 0 37 177399 2022121423
0.00 0 1 0 37 177399 2022121423
0.00 0 2 0 37 177266 2022121423
0.00 0 2 0 37 177205 2022121423
5.20 1 1 0 37 177205 2022121423
0.00 0 2 1 1 177118 2022121423
0.00 0 2 0 1 177118 2022121423
0.00 0 2 13 17 176957 2022121423
0.00 0 2 0 17 176957 2022121423
0.00 0 2 1 23 177716 2022121423
0.00 0 2 0 30 177468 2022121423
5.20 1 1 0 30 177394 2022121423
0.00 0 2 0 30 177171 2022121423
0.00 0 2 0 30 177171 2022121423
0.00 0 1 0 31 177056 2022121423
5.20 1 1 0 31 177056 2022121423
0.00 0 2 0 33 177002 2022121423
0.00 0 2 0 33 177002 2022121423
5.20 1 1 0 34 176970 2022121423
0.00 0 2 0 34 176975 2022121423
0.00 0 2 0 34 176963 2022121423
0.00 0 2 6 24 176965 2022121423
0.00 0 2 0 24 176965 2022121423
5.42 1 1 0 27 176856 2022121423
0.00 0 2 0 27 176885 2022121423
0.00 0 2 0 27 176885 2022121423
0.00 0 2 4 19 176889 2022121423
0.00 0 1 0 19 176889 2022121423
0.00 0 2 0 22 176778 2022121423
5.20 1 1 0 22 176778 2022121423
0.00 0 2 0 22 176800 2022121423
0.00 0 2 0 22 176800 2022121423
5.20 1 1 0 22 176831 2022121423
0.00 0 2 0 24 176858 2022121423
0.00 0 2 0 24 176858 2022121423
0.00 0 2 0 24 176879 2022121423
0.00 0 2 0 24 176879 2022121423
5.20 1 1 0 24 176948 2022121423
0.00 0 2 0 24 176948 2022121423
0.00 0 2 0 24 176937 2022121423
0.00 0 1 0 24 176937 2022121423
5.20 1 1 0 24 176949 2022121423
0.00 0 2 0 24 176960 2022121423
0.00 0 2 0 24 176960 2022121423
0.00 0 2 0 27 176957 2022121423
0.00 0 2 0 27 176957 2022121423
5.20 1 1 0 27 176957 2022121423
0.00 0 2 0 27 176967 2022121423
0.00 0 2 0 27 176967 2022121423
0.00 0 2 0 28 176947 2022121423
0.00 0 2 0 28 176947 2022121423
0.00 0 2 0 28 176950 2022121423
0.00 0 2 0 28 176950 2022121423
0.00 0 1 10 13 176951 2022121423
0.00 0 2 0 13 176951 2022121423
5.65 1 1 0 24 176832 2022121423
0.00 0 2 0 24 176832 2022121423
0.00 0 2 0 24 176832 2022121423
0.00 0 2 0 24 176832 2022121423
0.00 0 2 0 24 176832 2022121423
0.00 0 2 0 26 226742 2022121423
0.00 0 2 0 26 226742 2022121423
0.00 0 2 0 26 215079 2022121423
5.20 1 1 0 26 215079 2022121423
0.00 0 2 0 28 210313 2022121423
0.00 0 2 0 28 199318 2022121423
0.00 0 1 0 28 199318 2022121423
5.20 1 1 0 28 199318 2022121423
0.00 0 2 0 28 194063 2022121423
0.00 0 2 0 28 186957 2022121423
5.20 1 1 0 28 186957 2022121423
0.00 0 2 0 28 184605 2022121423
0.00 0 2 0 28 184605 2022121423
5.20 1 1 0 28 182072 2022121423
0.00 0 2 0 28 182072 2022121423
0.00 0 2 0 28 179929 2022121423
0.00 0 2 0 28 178671 2022121423
0.00 0 2 0 28 178671 2022121423
5.20 1 1 0 28 178094 2022121423
0.00 0 1 0 28 178094 2022121423
0.00 0 2 0 28 177659 2022121423
0.00 0 2 0 28 177659 2022121423
5.20 1 1 0 31 177572 2022121423
0.00 0 2 0 31 177438 2022121423
0.00 0 2 0 31 177438 2022121423
0.00 0 2 0 31 177337 2022121423
5.20 1 1 0 31 177337 2022121423
0.00 0 2 0 31 177294 2022121423
0.00 0 2 0 31 177294 2022121423
5.20 1 1 0 31 177118 2022121423
0.00 0 2 0 34 177085 2022121423
0.00 0 2 0 34 177085 2022121423
0.00 0 1 0 34 177085 2022121423
5.20 1 1 0 34 177046 2022121423
0.00 0 2 1 1 177009 2022121423
0.00 0 2 1 26 176998 2022121423
0.00 0 2 5 23 176754 2022121423
0.00 0 2 0 23 176754 2022121423
5.20 1 1 0 31 179817 2022121423
0.00 0 2 0 31 179453 2022121423
0.00 0 2 0 31 179130 2022121423
0.00 0 2 8 20 190634 2022121423
0.00 0 2 0 20 190634 2022121423
5.20 1 1 0 23 187756 2022121423
0.00 0 2 0 24 186403 2022121423
0.00 0 1 0 24 186550 2022121423
0.00 0 2 0 24 186550 2022121423
5.20 1 1 0 24 183380 2022121423
0.00 0 2 0 26 181233 2022121423
0.00 0 2 0 26 180689 2022121423
0.00 0 2 0 26 179120 2022121423
0.00 0 2 0 26 179120 2022121423
5.20 1 1 0 26 178211 2022121423
0.00 0 2 0 26 177808 2022121423
0.00 0 2 0 27 178824 2022121423
0.00 0 1 0 27 178824 2022121423
5.20 1 1 0 27 177912 2022121423
0.00 0 2 0 27 177794 2022121423
0.00 0 2 0 28 177684 2022121423
0.00 0 2 7 16 177310 2022121423
0.00 0 2 0 16 177310 2022121423
0.00 0 2 1 19 176942 2022121423
0.00 0 2 0 24 176930 2022121423
5.20 1 1 0 24 176924 2022121423
0.00 0 2 0 24 179010 2022121423
0.00 0 2 0 24 179010 2022121423
0.00 0 2 0 24 178333 2022121423
5.20 1 0 0 24 178333 2022121423
0.00 0 2 0 26 178006 2022121423
0.00 0 2 0 26 178006 2022121423
0.00 0 2 0 27 182576 2022121423
0.00 0 2 0 27 182576 2022121423
5.20 1 1 0 27 180239 2022121423
0.00 0 2 0 27 178640 2022121423
0.00 0 2 0 27 178640 2022121423
0.00 0 2 0 30 178075 2022121423
5.20 1 1 0 30 178075 2022121423
0.00 0 2 0 30 178075 2022121423
0.00 0 2 0 30 178075 2022121423
0.00 0 1 0 30 178075 2022121423
0.00 0 2 0 30 178075 2022121423
0.00 0 2 0 30 227585 2022121423
0.00 0 2 0 30 227585 2022121423
5.20 1 1 0 30 205072 2022121423
0.00 0 2 0 30 198481 2022121423
0.00 0 2 0 30 198481 2022121423
0.00 0 2 0 30 205851 2022121423
0.00 0 2 0 30 205851 2022121423
5.42 1 1 0 30 193861 2022121423
0.00 0 2 0 30 191748 2022121423
0.00 0 2 0 30 191748 2022121423
0.00 0 2 0 30 207629 2022121423
5.20 1 0 0 30 207629 2022121423
0.00 0 2 0 30 197502 2022121423
0.00 0 2 0 30 197502 2022121423
0.00 0 2 0 30 187488 2022121423
5.20 1 1 0 30 187488 2022121423
0.00 0 2 0 33 186164 2022121423
0.00 0 2 0 33 186164 2022121423
5.20 1 1 0 33 183991 2022121423
0.00 0 2 0 33 181631 2022121423
0.00 0 2 0 33 181631 2022121423
0.00 0 2 0 33 180514 2022121423
0.00 0 2 0 34 178999 2022121423
0.00 0 1 1 1 178999 2022121423
0.00 0 2 0 1 178999 2022121423
0.00 0 2 12 16 178382 2022121423
0.00 0 2 1 19 177824 2022121423
5.31 1 1 0 20 177596 2022121423
0.00 0 2 0 28 177172 2022121423
0.00 0 2 0 28 177172 2022121423
5.20 1 1 0 28 177073 2022121423
0.00 0 2 0 28 177073 2022121423
0.00 0 2 0 30 182157 2022121423
0.00 0 1 0 30 182157 2022121423
5.20 1 1 0 30 180381 2022121423
0.00 0 2 0 31 186373 2022121423
0.00 0 2 0 31 186188 2022121423
0.00 0 2 0 33 180936 2022121423
5.20 1 1 0 33 180936 2022121423
0.00 0 2 0 33 178887 2022121423
0.00 0 2 0 34 178394 2022121423
5.20 1 1 0 34 178394 2022121423
0.00 0 2 0 34 190804 2022121423
0.00 0 2 0 34 190804 2022121423
0.00 0 2 12 17 186148 2022121423
0.00 0 2 0 17 186148 2022121423
0.00 0 1 0 27 189108 2022121423
5.20 1 1 0 27 189108 2022121423
0.00 0 2 0 28 185118 2022121423
0.00 0 2 0 28 184064 2022121423
0.00 0 2 0 30 182344 2022121423
0.00 0 2 0 30 180022 2022121423
5.20 1 1 0 30 179607 2022121423
0.00 0 2 0 31 178181 2022121423
0.00 0 2 0 31 178181 2022121423
5.20 1 1 0 33 190568 2022121423
0.00 0 2 0 33 188836 2022121423
0.00 0 2 4 22 187309 2022121423
0.00 0 2 4 22 183715 2022121423
0.00 0 1 0 22 183715 2022121423
0.00 0 2 0 23 181907 2022121423
5.20 1 1 0 23 181249 2022121423
0.00 0 2 0 24 181064 2022121423
0.00 0 2 0 24 181064 2022121423
5.20 1 1 0 26 192522 2022121423
0.00 0 2 0 26 187282 2022121423
0.00 0 2 0 26 185950 2022121423
0.00 0 2 0 27 182105 2022121423
0.00 0 2 0 27 182105 2022121423
5.20 1 1 0 27 179851 2022121423
0.00 0 2 0 27 179123 2022121423
0.00 0 2 0 27 178814 2022121423
0.00 0 1 0 27 178814 2022121423
5.20 1 1 0 27 178099 2022121423
0.00 0 2 6 19 194791 2022121423
0.00 0 2 0 19 194791 2022121423
0.00 0 2 0 23 188741 2022121423
0.00 0 2 0 23 188741 2022121423
5.20 1 1 0 23 184767 2022121423
0.00 0 2 0 23 184767 2022121423
0.00 0 2 0 23 184767 2022121423
0.00 0 2 0 23 184767 2022121423
0.00 0 2 0 23 184767 2022121423
0.00 0 2 0 27 235378 2022121423
0.00 0 2 0 27 235378 2022121423
0.00 0 1 0 27 235378 2022121423
0.00 0 2 0 27 221627 2022121423
0.00 0 2 0 27 211094 2022121423
5.20 1 1 0 27 211094 2022121423
0.00 0 2 0 27 206791 2022121423
0.00 0 2 0 27 206791 2022121423
5.20 1 1 0 27 225111 2022121423
0.00 0 2 0 27 209127 2022121423
0.00 0 2 0 27 209127 2022121423
0.00 0 2 0 27 201520 2022121423
0.00 0 2 0 27 201520 2022121423
5.20 1 1 0 27 193308 2022121423
0.00 0 2 0 27 186430 2022121423
0.00 0 1 0 27 186430 2022121423
0.00 0 2 0 27 186430 2022121423
5.20 1 1 0 27 183243 2022121423
0.00 0 2 0 30 182431 2022121423
0.00 0 2 0 30 182431 2022121423
0.00 0 2 0 30 181730 2022121423
5.20 1 1 0 30 181730 2022121423
0.00 0 2 0 30 180070 2022121423
0.00 0 2 0 30 179655 2022121423
5.20 1 1 0 30 179655 2022121423
0.00 0 2 0 30 178451 2022121423
0.00 0 2 0 30 178451 2022121423
0.00 0 2 0 33 177631 2022121423
0.00 0 1 0 33 177631 2022121423
0.00 0 2 0 33 177524 2022121423
6.10 1 1 0 33 177524 2022121423
0.00 0 2 0 33 177423 2022121423
0.00 0 2 4 16 177131 2022121423
0.00 0 2 0 16 177131 2022121423
0.00 0 2 8 17 176840 2022121423
0.00 0 2 0 17 176840 2022121423
0.88 115 1037 235 17 176840 2022121423
