6.33 1 1 0 13 185857 2022121419
0.00 0 2 0 13 186260 2022121419
0.00 0 2 0 13 186260 2022121419
0.00 0 2 0 13 186387 2022121419
0.00 0 2 0 13 186387 2022121419
0.34 1 1 0 13 186299 2022121419
0.00 0 2 1 1 186299 2022121419
0.45 1 1 4 6 186463 2022121419
0.00 0 2 2 5 186463 2022121419
0.11 1 1 0 5 186463 2022121419
0.00 0 2 0 11 185859 2022121419
0.56 1 1 0 11 185859 2022121419
0.00 0 2 0 12 185809 2022121419
1.13 1 0 0 12 185809 2022121419
0.00 0 2 0 12 187401 2022121419
1.13 1 1 0 12 187401 2022121419
0.00 0 2 0 12 187401 2022121419
0.00 0 2 0 12 187401 2022121419
0.00 0 2 0 12 187401 2022121419
0.11 1 1 0 12 187401 2022121419
1.36 1 1 0 13 234154 2022121419
0.00 0 2 0 13 234154 2022121419
0.00 0 2 0 13 234154 2022121419
0.00 0 2 0 13 234154 2022121419
0.00 0 2 0 13 234154 2022121419
0.00 0 2 0 13 234154 2022121419
0.00 0 1 1 1 234154 2022121419
0.00 0 2 0 1 234154 2022121419
0.00 0 2 3 9 304933 2022121419
1.24 1 1 0 9 304933 2022121419
1.58 1 1 0 19 277659 2022121419
0.00 0 2 0 19 277659 2022121419
1.58 1 1 0 19 233013 2022121419
0.00 0 2 0 19 221924 2022121419
1.58 1 1 0 19 221924 2022121419
0.00 0 2 0 19 207110 2022121419
1.58 1 1 0 19 207110 2022121419
0.00 0 2 0 19 201181 2022121419
1.58 1 1 0 19 201181 2022121419
0.00 0 1 0 19 199252 2022121419
1.58 1 1 0 19 199252 2022121419
0.00 0 2 0 19 190396 2022121419
1.58 1 1 0 19 190396 2022121419
1.58 1 1 0 19 189959 2022121419
0.00 0 2 0 19 189959 2022121419
1.58 1 1 0 19 189849 2022121419
0.00 0 2 0 19 187840 2022121419
1.58 1 1 0 19 187840 2022121419
0.00 0 2 0 19 187348 2022121419
1.58 1 1 0 19 187348 2022121419
0.00 0 2 0 19 188163 2022121419
1.58 1 1 0 19 188163 2022121419
0.00 0 1 0 19 188365 2022121419
1.58 1 1 0 19 188365 2022121419
0.00 0 2 0 19 187742 2022121419
1.58 1 1 0 19 187742 2022121419
0.00 0 2 0 22 187504 2022121419
1.81 1 1 0 22 187504 2022121419
1.81 1 1 0 22 187864 2022121419
0.00 0 2 0 22 187864 2022121419
1.81 1 1 0 22 187867 2022121419
0.00 0 2 0 22 187360 2022121419
1.81 1 1 0 22 187360 2022121419
0.00 0 2 0 22 186926 2022121419
1.81 1 0 0 22 186926 2022121419
0.00 0 2 0 24 187439 2022121419
2.03 1 1 0 24 187439 2022121419
0.00 0 2 0 24 187176 2022121419
2.03 1 1 0 24 187176 2022121419
0.00 0 2 0 24 186828 2022121419
2.03 1 1 0 24 186828 2022121419
2.03 1 1 0 24 187140 2022121419
0.00 0 2 0 24 187140 2022121419
2.26 1 1 0 27 187771 2022121419
0.00 0 2 0 27 187101 2022121419
2.26 1 1 0 27 187101 2022121419
0.00 0 2 0 27 186533 2022121419
2.26 1 0 0 27 186533 2022121419
0.00 0 2 0 27 187112 2022121419
2.26 1 1 0 27 187112 2022121419
0.00 0 2 0 30 187759 2022121419
2.49 1 1 0 30 187759 2022121419
0.00 0 2 0 30 186901 2022121419
2.49 1 1 0 30 186901 2022121419
2.49 1 1 0 30 186760 2022121419
0.00 0 2 0 30 186760 2022121419
2.71 1 1 0 33 187550 2022121419
0.00 0 2 0 33 187550 2022121419
2.71 1 1 0 33 188054 2022121419
0.00 0 2 0 37 187521 2022121419
3.05 1 0 0 37 187521 2022121419
0.00 0 2 0 37 187521 2022121419
3.28 1 1 0 39 186925 2022121419
0.00 0 2 0 44 187793 2022121419
8.81 1 1 0 44 187793 2022121419
0.00 0 2 0 49 187397 2022121419
5.20 1 1 0 49 187397 2022121419
0.00 0 2 0 55 186709 2022121419
0.00 0 2 0 55 186709 2022121419
6.55 1 1 0 57 186803 2022121419
0.00 0 2 0 57 186803 2022121419
0.00 0 2 9 39 188574 2022121419
0.00 0 2 5 39 186704 2022121419
0.00 0 1 0 39 186704 2022121419
0.00 0 2 0 39 186704 2022121419
0.00 0 2 13 22 186283 2022121419
0.00 0 2 0 42 186977 2022121419
12.5 2 1 0 42 186977 2022121419
0.00 0 2 0 46 187457 2022121419
0.00 0 2 0 46 187457 2022121419
0.00 0 2 6 30 186396 2022121419
0.00 0 2 0 30 186396 2022121419
0.00 0 2 5 31 186243 2022121419
0.00 0 2 0 31 186243 2022121419
0.00 0 1 1 30 187184 2022121419
0.00 0 2 0 30 187184 2022121419
5.20 1 1 0 38 187804 2022121419
0.00 0 2 0 38 187804 2022121419
0.00 0 2 6 26 186536 2022121419
0.00 0 2 0 26 186536 2022121419
10.4 1 1 0 34 186139 2022121419
0.00 0 2 0 34 187342 2022121419
0.00 0 2 0 34 187342 2022121419
0.00 0 2 1 1 188121 2022121419
0.00 0 2 0 1 188121 2022121419
0.00 0 2 12 16 187346 2022121419
0.00 0 1 0 16 187346 2022121419
0.00 0 2 2 22 187117 2022121419
0.00 0 2 0 22 187117 2022121419
0.00 0 2 0 28 187814 2022121419
5.20 1 1 0 28 187814 2022121419
0.00 0 2 0 28 188166 2022121419
0.00 0 2 0 28 188166 2022121419
5.20 1 1 0 30 187588 2022121419
0.00 0 2 0 30 186850 2022121419
0.00 0 2 0 30 186850 2022121419
0.00 0 2 0 31 187736 2022121419
5.20 1 1 0 31 187736 2022121419
0.00 0 2 0 33 188177 2022121419
0.00 0 1 0 33 188177 2022121419
0.00 0 2 0 33 186667 2022121419
5.20 1 1 0 33 186667 2022121419
0.00 0 2 0 34 186385 2022121419
0.00 0 2 0 34 186385 2022121419
5.20 1 1 0 34 187302 2022121419
0.00 0 2 0 34 187302 2022121419
0.00 0 2 0 34 187628 2022121419
0.00 0 2 0 34 187628 2022121419
0.00 0 2 7 23 186835 2022121419
0.00 0 2 0 27 186470 2022121419
5.20 1 1 0 27 186470 2022121419
0.00 0 2 0 27 187088 2022121419
0.00 0 1 0 27 187088 2022121419
0.00 0 2 0 31 186863 2022121419
5.20 1 1 0 31 186863 2022121419
0.00 0 2 0 31 186722 2022121419
0.00 0 2 0 31 186722 2022121419
0.00 0 2 1 1 186597 2022121419
0.00 0 2 0 1 186597 2022121419
0.00 0 2 12 16 187678 2022121419
0.00 0 2 0 16 187678 2022121419
5.20 1 1 0 24 187784 2022121419
0.00 0 2 0 26 187104 2022121419
0.00 0 2 0 26 186929 2022121419
0.00 0 2 0 27 186532 2022121419
5.20 1 0 0 27 186532 2022121419
0.00 0 2 0 27 186532 2022121419
0.00 0 2 0 28 188030 2022121419
0.00 0 2 0 30 187903 2022121419
0.00 0 2 0 30 187903 2022121419
0.00 0 2 0 30 187186 2022121419
5.20 1 1 0 30 187186 2022121419
0.00 0 2 0 31 186680 2022121419
0.00 0 2 0 31 186680 2022121419
5.20 1 1 0 31 187811 2022121419
0.00 0 2 0 31 187811 2022121419
0.00 0 2 0 31 187299 2022121419
0.00 0 2 0 31 186416 2022121419
5.20 1 0 0 31 186416 2022121419
0.00 0 2 0 31 186416 2022121419
0.00 0 2 0 31 186074 2022121419
0.00 0 2 0 31 186454 2022121419
5.20 1 1 0 31 186781 2022121419
0.00 0 2 6 22 201989 2022121419
0.00 0 2 0 22 199949 2022121419
0.00 0 2 0 26 193866 2022121419
0.00 0 2 0 26 198258 2022121419
5.20 1 1 0 26 193084 2022121419
0.00 0 2 0 27 197862 2022121419
0.00 0 2 0 27 193549 2022121419
0.00 0 1 0 28 192944 2022121419
5.20 1 1 0 28 189951 2022121419
0.00 0 2 0 30 189422 2022121419
0.00 0 2 0 30 187889 2022121419
0.00 0 2 0 30 187329 2022121419
5.20 1 1 0 30 187226 2022121419
0.00 0 2 0 31 188108 2022121419
0.00 0 2 0 31 188108 2022121419
0.00 0 2 0 31 202383 2022121419
0.00 0 2 0 31 194260 2022121419
0.00 0 2 8 19 193190 2022121419
0.00 0 2 0 19 191448 2022121419
5.20 1 1 0 24 189702 2022121419
0.00 0 1 0 24 189702 2022121419
0.00 0 2 0 26 189489 2022121419
0.00 0 2 0 26 189386 2022121419
5.20 1 1 0 27 188969 2022121419
0.00 0 2 0 28 187634 2022121419
0.00 0 2 0 28 187634 2022121419
0.00 0 2 0 30 187118 2022121419
5.20 1 1 0 30 187118 2022121419
0.00 0 2 0 30 187937 2022121419
0.00 0 2 0 31 187784 2022121419
5.20 1 1 0 31 187528 2022121419
0.00 0 2 0 31 187300 2022121419
0.00 0 2 0 31 186771 2022121419
0.00 0 1 0 31 186771 2022121419
0.00 0 2 0 31 186370 2022121419
0.00 0 2 0 31 187267 2022121419
0.00 0 2 8 19 187671 2022121419
0.00 0 2 0 19 187584 2022121419
5.20 1 1 0 26 187136 2022121419
0.00 0 2 0 26 186670 2022121419
0.00 0 2 0 26 186670 2022121419
5.20 1 1 0 27 186603 2022121419
0.00 0 2 0 27 186603 2022121419
0.00 0 2 0 28 190261 2022121419
0.00 0 2 0 30 189710 2022121419
5.20 1 1 0 30 188044 2022121419
0.00 0 1 0 30 188044 2022121419
0.00 0 2 0 30 187262 2022121419
0.00 0 2 0 31 187185 2022121419
5.20 1 1 0 31 187483 2022121419
0.00 0 2 0 31 187845 2022121419
0.00 0 2 0 31 187998 2022121419
0.00 0 2 7 22 186884 2022121419
0.00 0 2 0 22 186884 2022121419
0.00 0 2 0 26 187060 2022121419
5.20 1 1 0 26 187060 2022121419
0.00 0 2 0 26 187034 2022121419
0.00 0 2 0 27 187280 2022121419
5.20 1 1 0 27 187855 2022121419
0.00 0 1 0 27 187855 2022121419
0.00 0 2 0 28 187500 2022121419
0.00 0 2 0 28 187500 2022121419
0.00 0 2 0 30 186507 2022121419
0.00 0 2 0 30 186462 2022121419
5.20 1 1 0 30 186762 2022121419
0.00 0 2 0 31 187708 2022121419
0.00 0 2 6 22 188266 2022121419
0.00 0 2 0 27 187018 2022121419
0.00 0 2 0 27 187018 2022121419
5.20 1 1 0 27 186490 2022121419
0.00 0 2 0 27 186490 2022121419
0.00 0 2 0 27 187924 2022121419
0.00 0 1 0 27 187924 2022121419
0.00 0 2 0 28 188402 2022121419
5.20 1 1 0 28 188402 2022121419
0.00 0 2 0 30 186615 2022121419
0.00 0 2 0 30 186503 2022121419
5.20 1 1 0 30 186329 2022121419
0.00 0 2 0 31 186850 2022121419
0.00 0 2 0 31 187126 2022121419
0.00 0 2 0 31 188150 2022121419
0.00 0 2 1 1 188150 2022121419
0.00 0 2 11 16 186333 2022121419
0.00 0 2 0 16 186333 2022121419
0.00 0 2 0 24 185825 2022121419
5.20 1 0 0 24 185825 2022121419
0.00 0 2 0 26 187318 2022121419
0.00 0 2 0 26 187318 2022121419
0.00 0 2 0 27 188004 2022121419
0.00 0 2 0 27 188004 2022121419
5.20 1 1 0 28 186901 2022121419
0.00 0 2 0 28 186753 2022121419
0.00 0 2 0 30 187110 2022121419
0.00 0 2 0 30 187348 2022121419
5.20 1 1 0 30 187738 2022121419
0.00 0 2 0 31 188010 2022121419
0.00 0 2 0 31 188010 2022121419
0.00 0 1 0 31 187722 2022121419
5.20 1 1 0 31 187053 2022121419
0.00 0 2 0 31 186389 2022121419
0.00 0 2 0 31 186389 2022121419
0.00 0 2 0 31 187492 2022121419
5.20 1 1 0 31 187492 2022121419
0.00 0 2 0 31 187595 2022121419
0.00 0 2 0 31 186965 2022121419
5.20 1 1 0 31 186671 2022121419
0.00 0 2 0 31 186440 2022121419
0.00 0 2 3 22 185965 2022121419
0.00 0 2 0 26 187104 2022121419
0.00 0 2 0 26 193415 2022121419
5.20 1 0 0 26 192755 2022121419
0.00 0 2 0 26 189847 2022121419
0.00 0 2 0 27 194470 2022121419
0.00 0 2 0 27 191578 2022121419
0.00 0 2 0 28 189859 2022121419
5.20 1 1 0 28 189761 2022121419
0.00 0 2 0 30 189595 2022121419
0.00 0 2 0 30 192781 2022121419
0.00 0 2 0 30 191125 2022121419
0.00 0 2 6 20 188871 2022121419
0.00 0 2 0 20 188126 2022121419
0.00 0 2 0 22 187639 2022121419
5.20 1 1 0 23 187812 2022121419
0.00 0 1 0 23 187973 2022121419
0.00 0 2 0 23 188869 2022121419
5.20 1 1 0 23 187830 2022121419
0.00 0 2 0 24 187129 2022121419
0.00 0 2 0 24 188963 2022121419
0.00 0 2 0 24 188226 2022121419
5.20 1 1 0 24 187983 2022121419
0.00 0 2 0 24 193926 2022121419
0.00 0 2 0 24 198901 2022121419
0.00 0 2 0 24 191815 2022121419
0.00 0 2 0 26 190381 2022121419
5.20 1 1 0 26 189280 2022121419
0.00 0 1 0 26 188438 2022121419
0.00 0 2 0 27 190280 2022121419
0.00 0 2 0 27 193983 2022121419
0.00 0 2 0 27 192362 2022121419
0.00 0 2 0 27 191580 2022121419
5.20 1 1 0 28 189641 2022121419
0.00 0 2 0 28 188713 2022121419
0.00 0 2 0 28 187726 2022121419
5.20 1 1 0 30 187965 2022121419
0.00 0 2 0 30 188110 2022121419
0.00 0 2 0 30 188322 2022121419
0.00 0 2 0 30 189774 2022121419
5.20 1 1 0 31 188096 2022121419
0.00 0 1 0 31 188096 2022121419
0.00 0 2 0 31 187536 2022121419
0.00 0 2 0 31 190109 2022121419
0.00 0 2 0 33 189675 2022121419
5.20 1 1 0 33 189675 2022121419
0.00 0 2 2 22 194283 2022121419
0.00 0 2 0 22 194283 2022121419
0.00 0 2 8 20 192333 2022121419
0.00 0 2 0 24 190380 2022121419
5.20 1 1 0 24 189930 2022121419
0.00 0 2 0 26 189732 2022121419
0.00 0 2 0 26 189645 2022121419
0.00 0 2 0 28 188046 2022121419
0.00 0 1 0 28 188046 2022121419
0.00 0 2 0 28 187493 2022121419
5.20 1 1 0 30 187269 2022121419
0.00 0 2 0 30 187167 2022121419
0.00 0 2 0 30 187167 2022121419
0.00 0 2 0 33 192312 2022121419
5.20 1 1 0 33 192312 2022121419
0.00 0 2 0 33 190136 2022121419
0.00 0 2 0 33 190136 2022121419
5.20 1 1 0 33 189111 2022121419
0.00 0 2 0 33 189111 2022121419
0.00 0 2 10 16 189081 2022121419
0.00 0 2 0 16 189081 2022121419
0.00 0 1 1 20 188719 2022121419
0.00 0 2 0 20 188719 2022121419
0.00 0 2 0 26 187111 2022121419
0.00 0 2 0 26 187111 2022121419
5.20 1 1 0 27 191738 2022121419
0.00 0 2 0 27 191115 2022121419
0.00 0 2 0 28 190856 2022121419
0.00 0 2 0 28 190102 2022121419
5.20 1 1 0 30 189549 2022121419
0.00 0 2 0 30 190073 2022121419
0.00 0 2 0 30 190073 2022121419
5.20 1 1 0 31 187808 2022121419
0.00 0 2 0 31 187808 2022121419
0.00 0 1 0 31 188211 2022121419
0.00 0 2 0 33 192077 2022121419
0.00 0 2 0 33 188719 2022121419
5.20 1 1 0 33 188719 2022121419
0.00 0 2 0 33 187727 2022121419
0.00 0 2 0 33 187322 2022121419
5.20 1 1 0 33 187296 2022121419
0.00 0 2 9 20 187869 2022121419
0.00 0 2 0 20 188185 2022121419
0.00 0 2 0 24 187465 2022121419
0.00 0 2 0 24 187241 2022121419
5.20 1 1 0 26 186484 2022121419
0.00 0 2 0 26 191670 2022121419
0.00 0 1 0 27 190707 2022121419
0.00 0 2 0 27 190492 2022121419
0.00 0 2 0 28 194707 2022121419
0.00 0 2 0 28 194707 2022121419
5.20 1 1 0 30 192148 2022121419
0.00 0 2 0 30 192148 2022121419
0.00 0 2 0 31 189468 2022121419
0.00 0 2 0 31 189043 2022121419
5.20 1 1 0 33 194450 2022121419
0.00 0 2 0 33 192652 2022121419
0.00 0 2 0 33 191325 2022121419
0.00 0 2 6 22 188986 2022121419
0.00 0 2 0 22 188571 2022121419
0.00 0 1 0 26 187789 2022121419
5.20 1 1 0 26 192924 2022121419
0.00 0 2 0 26 191646 2022121419
0.00 0 2 0 27 195525 2022121419
5.20 1 1 0 28 193251 2022121419
0.00 0 2 0 28 192302 2022121419
0.00 0 2 0 30 188661 2022121419
0.00 0 2 0 30 187970 2022121419
5.20 1 1 0 31 187241 2022121419
0.00 0 2 0 31 187468 2022121419
0.00 0 2 0 31 187824 2022121419
0.00 0 2 4 22 187983 2022121419
0.00 0 2 0 22 187446 2022121419
0.00 0 1 0 24 187516 2022121419
5.20 1 1 0 24 186923 2022121419
0.00 0 2 0 24 186846 2022121419
0.00 0 2 0 24 187369 2022121419
0.00 0 2 0 24 187581 2022121419
5.20 1 1 0 26 187892 2022121419
0.00 0 2 0 26 187160 2022121419
0.00 0 2 0 26 191571 2022121419
0.00 0 2 0 26 189158 2022121419
5.20 1 1 0 26 188934 2022121419
0.00 0 2 0 26 188970 2022121419
0.00 0 2 0 27 189004 2022121419
0.00 0 2 0 27 192830 2022121419
0.00 0 1 0 27 193489 2022121419
5.20 1 1 0 27 191661 2022121419
0.00 0 2 0 28 190921 2022121419
0.00 0 2 0 28 193180 2022121419
0.00 0 2 0 28 192208 2022121419
5.20 1 1 0 30 191458 2022121419
0.00 0 2 3 23 189919 2022121419
0.00 0 2 0 20 188952 2022121419
0.00 0 2 0 26 187919 2022121419
0.00 0 2 0 26 194663 2022121419
5.20 1 1 0 26 192775 2022121419
0.00 0 2 0 26 191551 2022121419
0.00 0 2 0 26 194975 2022121419
0.00 0 1 0 26 194975 2022121419
0.00 0 2 0 27 191523 2022121419
5.20 1 1 0 28 189595 2022121419
0.00 0 2 0 28 188683 2022121419
0.00 0 2 0 28 188315 2022121419
0.00 0 2 0 28 188120 2022121419
0.00 0 2 5 20 195347 2022121419
0.00 0 2 0 20 195347 2022121419
5.20 1 1 0 24 191340 2022121419
0.00 0 2 0 24 190632 2022121419
0.00 0 2 0 24 189014 2022121419
0.00 0 2 0 26 188798 2022121419
5.20 1 1 0 26 188831 2022121419
0.00 0 1 0 26 188831 2022121419
0.00 0 2 0 27 192621 2022121419
0.00 0 2 0 28 191000 2022121419
5.20 1 1 0 28 190338 2022121419
0.00 0 2 0 28 188815 2022121419
0.00 0 2 0 28 187779 2022121419
0.00 0 2 0 30 188319 2022121419
0.00 0 2 0 30 188319 2022121419
5.20 1 1 0 30 188496 2022121419
0.00 0 2 0 30 188496 2022121419
0.00 0 2 6 20 187326 2022121419
0.00 0 2 0 26 187075 2022121419
5.20 1 1 0 26 186964 2022121419
0.00 0 1 0 26 186964 2022121419
0.00 0 2 0 26 187838 2022121419
0.00 0 2 0 26 187827 2022121419
0.00 0 2 0 26 187167 2022121419
0.00 0 2 0 27 187278 2022121419
5.20 1 1 0 27 187078 2022121419
0.00 0 2 0 28 187551 2022121419
0.00 0 2 0 28 187551 2022121419
0.00 0 2 0 28 188254 2022121419
5.20 1 1 0 28 188254 2022121419
0.00 0 2 0 30 187660 2022121419
0.00 0 2 0 30 187660 2022121419
0.00 0 2 0 30 186860 2022121419
0.00 0 1 0 30 186860 2022121419
0.00 0 2 4 20 187384 2022121419
0.00 0 2 0 20 187384 2022121419
5.20 1 1 0 26 187777 2022121419
0.00 0 2 0 26 187301 2022121419
5.20 1 1 0 26 188352 2022121419
0.00 0 2 0 26 187269 2022121419
0.00 0 2 0 26 187150 2022121419
0.00 0 2 0 27 187791 2022121419
0.00 0 2 0 27 187791 2022121419
5.20 1 1 0 28 187592 2022121419
0.00 0 2 0 28 187592 2022121419
0.00 0 2 0 28 190584 2022121419
0.00 0 1 0 28 190584 2022121419
0.00 0 2 0 30 188733 2022121419
5.20 1 1 0 30 188733 2022121419
0.00 0 2 0 30 188828 2022121419
0.00 0 2 0 30 188828 2022121419
0.00 0 2 4 20 188065 2022121419
0.00 0 2 0 26 186907 2022121419
5.20 1 1 0 26 186756 2022121419
0.00 0 2 0 26 190172 2022121419
0.00 0 2 0 26 190172 2022121419
0.00 0 2 0 26 189716 2022121419
5.20 1 1 0 26 189716 2022121419
0.00 0 2 0 27 188049 2022121419
0.00 0 1 0 27 188049 2022121419
0.00 0 2 0 28 186914 2022121419
5.20 1 1 0 28 186914 2022121419
0.00 0 2 0 28 187824 2022121419
0.00 0 2 0 28 187824 2022121419
0.00 0 2 0 30 188230 2022121419
0.00 0 2 6 20 187631 2022121419
0.00 0 2 0 20 187631 2022121419
0.00 0 2 0 24 186383 2022121419
5.20 1 1 0 24 186383 2022121419
0.00 0 2 0 24 187259 2022121419
0.00 0 2 0 24 187259 2022121419
0.00 0 1 0 27 188110 2022121419
5.20 1 1 0 27 188110 2022121419
0.00 0 2 0 27 186952 2022121419
0.00 0 2 0 27 186952 2022121419
5.20 1 1 0 30 186550 2022121419
0.00 0 2 0 30 186550 2022121419
0.00 0 2 0 30 187148 2022121419
0.00 0 2 0 30 187148 2022121419
0.00 0 2 0 30 187790 2022121419
0.00 0 2 4 16 186772 2022121419
0.00 0 2 0 16 186772 2022121419
0.00 0 2 5 17 186320 2022121419
0.00 0 2 0 17 186320 2022121419
0.00 0 1 0 26 186981 2022121419
5.20 1 1 0 26 186981 2022121419
0.00 0 2 0 26 187434 2022121419
5.20 1 1 0 26 187434 2022121419
0.00 0 2 0 26 186609 2022121419
0.00 0 2 0 26 186609 2022121419
0.00 0 2 0 28 186600 2022121419
0.00 0 2 0 28 186600 2022121419
5.20 1 1 0 28 187736 2022121419
0.00 0 2 0 28 187085 2022121419
0.00 0 2 0 28 187085 2022121419
0.00 0 2 0 28 186779 2022121419
5.20 1 0 0 28 186779 2022121419
0.00 0 2 0 31 187439 2022121419
0.00 0 2 0 31 187439 2022121419
0.00 0 2 0 31 188302 2022121419
5.20 1 1 0 31 188302 2022121419
0.00 0 2 0 31 187987 2022121419
0.00 0 2 0 31 187987 2022121419
5.20 1 1 0 31 187061 2022121419
0.00 0 2 0 31 187061 2022121419
0.00 0 2 0 31 187534 2022121419
0.00 0 2 0 31 187534 2022121419
0.00 0 2 0 31 188144 2022121419
0.00 0 2 10 16 187847 2022121419
0.00 0 2 0 16 187847 2022121419
0.00 0 1 0 16 187847 2022121419
5.20 1 1 0 26 186577 2022121419
0.00 0 2 0 26 186899 2022121419
0.00 0 2 0 26 186899 2022121419
0.00 0 2 0 26 187390 2022121419
5.20 1 1 0 26 187390 2022121419
0.00 0 2 0 28 187183 2022121419
0.00 0 2 0 28 187183 2022121419
5.20 1 1 0 28 186962 2022121419
0.00 0 2 0 28 186962 2022121419
0.00 0 2 0 28 187697 2022121419
0.00 0 2 0 28 187697 2022121419
0.00 0 2 0 31 187343 2022121419
0.00 0 1 0 31 187343 2022121419
5.20 1 1 0 31 186596 2022121419
0.00 0 2 0 31 186596 2022121419
0.00 0 2 0 31 186783 2022121419
0.00 0 2 0 31 187339 2022121419
5.20 1 1 0 31 187339 2022121419
0.00 0 2 0 31 186800 2022121419
0.00 0 2 0 31 186800 2022121419
5.20 1 1 0 31 186543 2022121419
0.00 0 2 0 31 186543 2022121419
0.00 0 2 1 1 187125 2022121419
0.00 0 2 0 1 187125 2022121419
0.00 0 2 10 17 188145 2022121419
0.00 0 1 0 17 188145 2022121419
0.00 0 2 0 26 186985 2022121419
5.20 1 1 0 26 186985 2022121419
0.00 0 2 0 26 186697 2022121419
0.00 0 2 0 27 187697 2022121419
0.00 0 2 0 27 187869 2022121419
0.00 0 2 0 28 187605 2022121419
5.20 1 1 0 28 187605 2022121419
0.00 0 2 0 30 186986 2022121419
0.00 0 2 0 30 186986 2022121419
5.20 1 1 0 30 186625 2022121419
0.00 0 2 0 30 186625 2022121419
0.00 0 2 0 31 187199 2022121419
0.00 0 1 0 31 187199 2022121419
0.00 0 2 0 31 186495 2022121419
5.20 1 1 0 31 186495 2022121419
0.00 0 2 0 31 186329 2022121419
0.00 0 2 0 31 186329 2022121419
5.20 1 1 0 31 186531 2022121419
0.00 0 2 0 31 187370 2022121419
0.00 0 2 0 31 187370 2022121419
0.00 0 2 7 22 186822 2022121419
0.00 0 2 0 22 186822 2022121419
1.10 153 1002 252 22 186822 2022121419
