6.33 1 1 0 13 196419 2022121421
0.00 0 2 0 16 195268 2022121421
0.00 0 2 0 16 195268 2022121421
0.00 0 2 0 16 194711 2022121421
0.00 0 2 0 16 194711 2022121421
0.00 0 2 1 1 195303 2022121421
0.00 0 2 0 1 195303 2022121421
0.00 0 2 6 8 194820 2022121421
0.00 0 2 0 8 194820 2022121421
0.00 0 1 1 11 192131 2022121421
2.60 1 1 0 11 192131 2022121421
0.00 0 2 0 16 190648 2022121421
0.11 1 1 0 16 190648 2022121421
1.13 1 1 0 16 193583 2022121421
0.00 0 2 0 16 193583 2022121421
2.15 1 1 0 16 215705 2022121421
0.00 0 2 0 16 215705 2022121421
1.36 1 1 0 16 209047 2022121421
0.00 0 2 0 16 206355 2022121421
1.36 1 1 0 16 206355 2022121421
0.00 0 2 0 16 205491 2022121421
1.36 1 1 0 16 205491 2022121421
0.00 0 1 0 16 205491 2022121421
1.36 1 1 0 16 202476 2022121421
0.00 0 2 0 16 197450 2022121421
1.36 1 1 0 16 197450 2022121421
0.00 0 2 0 16 194090 2022121421
1.36 1 1 0 16 194090 2022121421
0.00 0 2 0 19 195326 2022121421
1.58 1 1 0 19 195326 2022121421
0.00 0 2 0 19 196281 2022121421
0.68 1 1 0 19 196281 2022121421
0.11 1 1 5 8 192559 2022121421
0.00 0 2 0 8 192559 2022121421
0.45 1 1 3 9 191564 2022121421
0.00 0 1 0 9 191564 2022121421
0.00 0 2 0 15 192619 2022121421
0.79 1 1 0 15 192619 2022121421
0.00 0 2 0 16 218366 2022121421
1.36 2 0 0 16 221806 2022121421
1.13 1 1 0 16 217489 2022121421
0.34 1 1 0 17 218446 2022121421
1.13 1 1 0 17 206219 2022121421
0.34 1 1 0 17 206219 2022121421
0.45 1 1 0 17 205362 2022121421
0.00 0 2 3 9 216333 2022121421
0.45 1 1 0 9 216333 2022121421
0.00 0 2 3 11 210669 2022121421
0.56 1 0 0 11 210669 2022121421
0.00 0 2 0 11 210669 2022121421
1.47 1 1 0 17 207835 2022121421
0.00 0 2 0 17 207835 2022121421
1.47 1 1 0 17 205839 2022121421
0.00 0 2 0 17 203697 2022121421
1.47 1 1 0 17 203697 2022121421
0.00 0 2 0 17 201810 2022121421
1.02 1 1 0 17 201810 2022121421
0.00 0 2 1 1 198465 2022121421
0.45 1 1 0 1 198465 2022121421
0.00 0 2 6 8 198341 2022121421
0.00 0 2 0 8 198341 2022121421
0.00 0 1 3 9 198548 2022121421
0.68 1 1 0 12 199027 2022121421
0.00 0 2 0 13 193407 2022121421
1.13 2 0 0 13 193407 2022121421
0.00 0 2 0 15 192720 2022121421
1.24 1 1 0 15 192720 2022121421
0.56 1 1 0 16 194919 2022121421
0.45 1 1 0 16 194919 2022121421
0.90 1 1 0 17 214217 2022121421
0.56 1 1 0 17 214217 2022121421
1.58 1 1 0 19 205328 2022121421
0.00 0 2 0 19 205328 2022121421
1.58 1 1 0 19 200855 2022121421
0.00 0 1 0 19 200855 2022121421
0.90 1 1 0 19 200259 2022121421
0.68 1 1 0 19 200259 2022121421
0.90 1 1 0 19 199961 2022121421
0.45 1 1 0 19 199961 2022121421
1.58 1 1 0 19 212669 2022121421
0.00 0 2 0 19 209505 2022121421
1.58 2 0 0 19 204395 2022121421
0.00 0 2 0 19 203213 2022121421
1.58 2 0 0 19 202738 2022121421
0.00 0 2 0 19 201917 2022121421
1.58 2 0 0 19 201917 2022121421
0.00 0 2 0 20 197097 2022121421
1.69 1 0 0 20 197097 2022121421
0.00 0 2 0 20 196106 2022121421
1.69 2 0 0 20 195351 2022121421
0.00 0 2 0 22 195853 2022121421
1.81 2 0 0 22 196671 2022121421
0.00 0 2 0 22 198096 2022121421
1.81 1 1 0 22 198096 2022121421
0.00 0 2 0 23 193633 2022121421
1.92 1 1 0 23 193633 2022121421
1.24 1 1 0 24 192817 2022121421
0.79 1 1 0 24 192817 2022121421
1.13 1 1 0 24 196569 2022121421
0.90 1 1 0 24 196569 2022121421
0.00 0 1 0 24 195502 2022121421
2.03 1 1 0 24 195502 2022121421
1.24 1 1 0 26 192791 2022121421
0.90 1 1 0 26 192791 2022121421
0.68 1 1 0 26 197147 2022121421
1.47 1 1 0 26 197147 2022121421
2.26 1 1 0 27 197071 2022121421
0.00 0 2 0 27 197071 2022121421
2.37 1 1 0 28 193012 2022121421
0.00 0 2 0 28 192457 2022121421
2.37 2 0 0 28 192108 2022121421
0.00 0 2 0 30 193821 2022121421
2.49 2 0 0 30 193821 2022121421
0.00 0 1 0 30 193821 2022121421
2.60 1 1 0 31 195657 2022121421
0.00 0 2 0 33 194614 2022121421
2.82 1 1 0 34 192899 2022121421
0.00 0 2 0 35 192380 2022121421
3.05 2 0 0 37 192845 2022121421
0.00 0 2 0 42 195543 2022121421
8.70 2 0 0 42 195543 2022121421
0.00 0 2 0 45 193885 2022121421
0.00 0 2 0 45 193885 2022121421
5.20 1 1 0 49 190669 2022121421
0.00 0 2 0 49 190669 2022121421
5.20 1 1 0 53 195317 2022121421
0.00 0 1 0 53 195317 2022121421
0.00 0 2 0 59 198300 2022121421
6.66 1 1 0 59 198300 2022121421
0.00 0 2 0 63 192936 2022121421
5.20 1 1 0 63 192936 2022121421
0.00 0 2 18 38 189155 2022121421
0.00 0 2 0 38 189155 2022121421
0.00 0 2 10 31 193809 2022121421
5.20 1 1 0 31 193809 2022121421
0.00 0 2 0 45 195989 2022121421
0.00 0 2 0 48 191747 2022121421
5.20 1 1 6 31 190691 2022121421
0.00 0 2 6 33 188998 2022121421
0.00 0 1 0 33 189373 2022121421
0.00 0 2 0 33 189373 2022121421
0.00 0 2 5 26 195778 2022121421
0.00 0 2 0 26 195778 2022121421
5.20 1 1 1 22 199418 2022121421
0.00 0 2 0 22 198021 2022121421
0.00 0 2 0 23 204536 2022121421
0.00 0 2 0 23 200550 2022121421
5.20 1 1 0 24 198910 2022121421
0.00 0 2 0 24 195010 2022121421
0.00 0 2 0 26 195558 2022121421
0.00 0 2 0 26 196464 2022121421
0.00 0 2 0 27 196833 2022121421
5.20 1 0 0 27 197593 2022121421
0.00 0 2 0 27 195341 2022121421
0.00 0 2 0 27 192008 2022121421
0.00 0 2 0 27 191418 2022121421
0.00 0 2 0 27 190167 2022121421
5.20 1 1 0 27 190141 2022121421
0.00 0 2 0 27 193106 2022121421
0.00 0 2 0 27 193900 2022121421
0.00 0 2 0 27 197377 2022121421
5.20 1 1 0 27 197513 2022121421
0.00 0 2 0 28 196236 2022121421
0.00 0 2 0 28 195116 2022121421
0.00 0 2 0 28 191880 2022121421
5.20 1 0 0 28 191880 2022121421
0.00 0 2 0 30 192823 2022121421
0.00 0 2 0 30 193649 2022121421
0.00 0 2 0 30 195504 2022121421
5.20 1 1 0 30 195347 2022121421
0.00 0 2 0 31 192683 2022121421
0.00 0 2 0 31 192683 2022121421
0.00 0 2 6 22 193184 2022121421
0.00 0 2 0 22 193184 2022121421
5.20 1 1 0 26 195361 2022121421
0.00 0 2 0 26 196020 2022121421
0.00 0 2 0 27 199139 2022121421
0.00 0 2 0 27 195239 2022121421
0.00 0 1 0 28 193400 2022121421
0.00 0 2 0 28 193400 2022121421
5.20 1 1 0 28 193636 2022121421
0.00 0 2 0 30 194357 2022121421
0.00 0 2 0 30 199451 2022121421
0.00 0 2 0 30 197709 2022121421
5.20 1 1 0 30 196411 2022121421
0.00 0 2 0 31 194284 2022121421
0.00 0 2 0 31 197320 2022121421
0.00 0 2 0 31 196385 2022121421
5.20 1 1 0 31 197591 2022121421
0.00 0 2 4 22 198171 2022121421
0.00 0 2 0 22 198586 2022121421
0.00 0 1 0 27 196105 2022121421
0.00 0 2 0 27 195279 2022121421
0.00 0 2 0 27 196652 2022121421
5.20 1 1 0 27 194447 2022121421
0.00 0 2 0 27 197405 2022121421
0.00 0 2 0 27 197161 2022121421
5.20 1 1 0 28 198849 2022121421
0.00 0 2 0 28 198909 2022121421
0.00 0 2 0 30 201508 2022121421
0.00 0 2 0 30 195627 2022121421
0.00 0 2 3 20 191549 2022121421
0.00 0 2 1 20 189646 2022121421
0.00 0 2 0 20 190378 2022121421
0.00 0 1 0 20 190378 2022121421
5.20 1 1 0 23 193017 2022121421
0.00 0 2 0 23 193017 2022121421
0.00 0 2 0 23 195628 2022121421
5.20 1 1 0 23 193685 2022121421
0.00 0 2 0 24 192186 2022121421
0.00 0 2 0 24 191588 2022121421
0.00 0 2 0 24 190832 2022121421
0.00 0 2 0 24 191904 2022121421
5.20 1 1 0 24 193645 2022121421
0.00 0 2 0 24 196025 2022121421
0.00 0 2 0 26 196289 2022121421
0.00 0 2 0 26 191909 2022121421
5.20 1 0 0 26 191909 2022121421
0.00 0 2 0 27 191465 2022121421
0.00 0 2 0 27 191498 2022121421
0.00 0 2 0 27 192492 2022121421
0.00 0 2 0 27 194097 2022121421
0.00 0 2 0 27 195869 2022121421
5.20 1 1 0 28 196671 2022121421
0.00 0 2 0 28 193650 2022121421
0.00 0 2 0 28 193650 2022121421
0.00 0 2 0 30 190656 2022121421
5.20 1 1 0 30 190656 2022121421
0.00 0 2 0 30 194227 2022121421
0.00 0 2 0 30 194227 2022121421
0.00 0 1 0 31 194875 2022121421
5.20 1 1 0 31 195409 2022121421
0.00 0 2 0 31 193122 2022121421
0.00 0 2 0 31 193122 2022121421
0.00 0 2 0 33 191765 2022121421
0.00 0 2 6 22 191505 2022121421
0.00 0 2 0 22 191096 2022121421
0.00 0 2 0 26 192209 2022121421
5.20 1 1 0 26 193111 2022121421
0.00 0 2 0 26 194585 2022121421
5.20 1 1 0 27 199671 2022121421
0.00 0 2 0 28 198823 2022121421
0.00 0 2 0 28 197375 2022121421
0.00 0 1 0 28 196371 2022121421
0.00 0 2 0 30 196170 2022121421
5.20 1 1 0 30 196932 2022121421
0.00 0 2 0 31 197734 2022121421
0.00 0 2 0 31 197841 2022121421
0.00 0 2 6 22 197185 2022121421
0.00 0 2 0 22 193916 2022121421
5.20 1 1 0 23 192529 2022121421
0.00 0 2 0 24 194375 2022121421
0.00 0 2 0 24 194375 2022121421
0.00 0 2 0 24 196826 2022121421
0.00 0 2 0 24 196826 2022121421
5.20 1 1 0 26 197091 2022121421
0.00 0 1 0 26 197091 2022121421
0.00 0 2 0 26 196301 2022121421
0.00 0 2 0 26 194187 2022121421
0.00 0 2 0 26 191419 2022121421
5.20 1 1 0 26 191419 2022121421
0.00 0 2 0 26 194716 2022121421
0.00 0 2 0 26 194716 2022121421
0.00 0 2 0 27 196241 2022121421
0.00 0 2 0 27 196241 2022121421
5.20 1 1 0 27 193276 2022121421
0.00 0 2 0 28 192609 2022121421
0.00 0 2 0 28 192856 2022121421
0.00 0 2 0 28 192856 2022121421
0.00 0 1 0 28 200027 2022121421
5.20 1 1 0 28 200027 2022121421
0.00 0 2 0 30 211985 2022121421
0.00 0 2 0 30 214760 2022121421
5.20 1 1 0 30 203386 2022121421
0.00 0 2 0 31 206631 2022121421
0.00 0 2 0 31 202597 2022121421
0.00 0 2 0 31 202597 2022121421
5.20 1 1 0 31 210134 2022121421
0.00 0 2 0 31 210134 2022121421
0.00 0 2 0 33 204774 2022121421
0.00 0 2 0 33 197527 2022121421
5.20 1 1 0 33 197527 2022121421
0.00 0 1 0 33 197527 2022121421
0.00 0 2 0 34 197759 2022121421
0.00 0 2 0 34 197759 2022121421
0.00 0 2 0 34 222894 2022121421
0.00 0 2 0 34 222894 2022121421
0.00 0 2 6 23 205427 2022121421
0.00 0 2 0 28 200769 2022121421
5.20 1 1 0 28 200769 2022121421
0.00 0 2 0 28 200051 2022121421
0.00 0 2 0 28 200051 2022121421
0.00 0 2 0 28 200051 2022121421
0.00 0 2 0 28 200051 2022121421
0.00 0 2 0 28 200051 2022121421
0.00 0 1 0 28 200051 2022121421
0.00 0 2 0 28 200051 2022121421
5.20 1 1 0 34 254831 2022121421
0.00 0 2 0 34 254831 2022121421
0.00 0 2 0 34 230306 2022121421
0.00 0 2 0 34 230306 2022121421
5.20 1 1 0 34 220114 2022121421
0.00 0 2 0 34 206518 2022121421
0.00 0 2 0 34 206518 2022121421
0.00 0 2 0 34 200183 2022121421
5.20 1 1 0 34 200183 2022121421
0.00 0 2 0 34 199027 2022121421
0.00 0 2 0 34 199027 2022121421
0.00 0 1 0 34 199027 2022121421
5.20 1 1 0 34 199174 2022121421
0.00 0 2 0 34 199241 2022121421
5.20 1 1 0 34 199241 2022121421
0.00 0 2 0 34 197754 2022121421
0.00 0 2 0 34 197754 2022121421
0.00 0 2 0 34 195789 2022121421
5.20 1 1 0 34 195789 2022121421
0.00 0 2 0 34 197287 2022121421
0.00 0 2 0 34 197287 2022121421
5.20 1 1 0 34 197145 2022121421
0.00 0 2 0 34 197145 2022121421
0.00 0 2 3 23 193075 2022121421
0.00 0 1 0 23 193075 2022121421
0.00 0 2 6 23 191360 2022121421
0.00 0 2 0 23 191360 2022121421
5.20 1 1 0 27 194078 2022121421
0.00 0 2 0 27 194078 2022121421
0.00 0 2 0 27 196643 2022121421
0.00 0 2 0 27 196643 2022121421
0.00 0 2 0 31 194473 2022121421
0.00 0 2 0 31 192284 2022121421
5.20 1 1 0 31 192284 2022121421
0.00 0 2 0 31 193950 2022121421
0.00 0 2 0 31 193950 2022121421
0.00 0 2 0 31 193950 2022121421
0.00 0 1 0 31 193950 2022121421
0.00 0 2 0 31 193950 2022121421
0.00 0 2 0 31 193950 2022121421
0.00 0 2 0 34 242089 2022121421
5.20 1 1 0 34 242089 2022121421
0.00 0 2 11 19 221816 2022121421
0.00 0 2 0 19 221816 2022121421
0.00 0 2 0 27 209488 2022121421
0.00 0 2 0 27 209488 2022121421
0.00 0 2 0 27 206873 2022121421
5.20 1 1 0 27 206873 2022121421
0.00 0 2 0 31 194988 2022121421
0.00 0 2 0 31 194988 2022121421
0.00 0 1 0 31 191837 2022121421
5.20 1 1 0 31 191837 2022121421
0.00 0 2 0 31 192786 2022121421
0.00 0 2 0 31 192786 2022121421
0.00 0 2 0 31 194964 2022121421
5.20 1 1 0 31 194964 2022121421
0.00 0 2 0 34 193162 2022121421
0.00 0 2 0 34 193162 2022121421
5.20 1 1 0 34 191245 2022121421
0.00 0 2 0 34 191245 2022121421
0.00 0 2 0 34 193940 2022121421
0.00 0 2 0 34 195675 2022121421
5.20 1 1 0 34 195675 2022121421
0.00 0 1 0 34 195675 2022121421
0.00 0 2 0 34 191606 2022121421
0.00 0 2 0 34 191606 2022121421
5.20 1 1 0 34 190279 2022121421
0.00 0 2 0 34 190279 2022121421
0.00 0 2 0 34 192433 2022121421
0.00 0 2 0 34 193757 2022121421
5.20 1 1 0 34 193757 2022121421
0.00 0 2 1 1 192950 2022121421
0.00 0 2 0 1 192950 2022121421
0.00 0 2 12 16 190300 2022121421
0.00 0 2 0 16 190300 2022121421
0.00 0 2 2 19 192573 2022121421
0.00 0 1 0 19 192573 2022121421
0.00 0 2 0 27 195256 2022121421
5.20 1 1 0 27 195256 2022121421
0.00 0 2 0 27 194096 2022121421
0.00 0 2 0 27 194096 2022121421
0.00 0 2 0 30 192059 2022121421
5.20 1 1 0 30 192059 2022121421
0.00 0 2 0 31 194799 2022121421
0.00 0 2 0 31 194799 2022121421
5.20 1 1 0 31 196283 2022121421
0.00 0 2 0 31 196283 2022121421
0.00 0 2 0 33 195603 2022121421
0.00 0 2 0 33 193687 2022121421
0.00 0 1 0 33 192893 2022121421
5.20 1 1 0 33 192893 2022121421
0.00 0 2 0 34 193553 2022121421
0.00 0 2 0 34 193553 2022121421
5.20 1 1 0 34 195977 2022121421
0.00 0 2 0 34 195977 2022121421
0.00 0 2 0 34 195429 2022121421
0.00 0 2 0 34 192732 2022121421
5.20 1 1 0 34 191454 2022121421
0.00 0 2 0 34 193891 2022121421
0.00 0 2 0 34 193891 2022121421
0.00 0 2 7 23 196600 2022121421
0.00 0 2 0 23 196600 2022121421
0.00 0 1 0 23 196600 2022121421
5.20 1 1 0 28 194568 2022121421
0.00 0 2 0 28 192178 2022121421
0.00 0 2 0 28 192178 2022121421
0.00 0 2 0 31 192258 2022121421
5.20 1 1 0 31 192258 2022121421
0.00 0 2 0 31 193942 2022121421
0.00 0 2 0 31 193942 2022121421
0.00 0 2 6 19 195994 2022121421
0.00 0 2 0 19 195994 2022121421
0.00 0 2 3 20 191848 2022121421
0.00 0 2 0 20 191848 2022121421
5.20 1 1 0 24 191867 2022121421
0.00 0 1 0 24 191867 2022121421
0.00 0 2 0 24 193669 2022121421
5.20 1 1 0 24 193669 2022121421
0.00 0 2 0 24 193611 2022121421
0.00 0 2 0 24 193611 2022121421
0.00 0 2 0 27 191524 2022121421
0.00 0 2 0 27 191524 2022121421
5.20 1 1 0 27 192010 2022121421
0.00 0 2 0 27 192010 2022121421
0.00 0 2 0 27 195577 2022121421
0.00 0 2 0 27 193935 2022121421
5.20 1 1 0 27 193935 2022121421
0.00 0 2 0 27 191740 2022121421
0.00 0 1 0 27 191740 2022121421
0.00 0 2 0 27 191740 2022121421
0.00 0 2 0 30 192998 2022121421
0.00 0 2 0 30 192998 2022121421
5.20 1 1 0 30 193810 2022121421
0.00 0 2 0 30 194064 2022121421
0.00 0 2 0 30 194064 2022121421
0.00 0 2 0 30 192490 2022121421
5.20 1 1 0 30 192490 2022121421
0.00 0 2 0 33 193558 2022121421
0.00 0 2 0 33 193558 2022121421
0.00 0 2 0 33 195979 2022121421
5.20 1 1 0 33 195979 2022121421
0.00 0 1 0 33 195163 2022121421
0.00 0 2 0 33 195163 2022121421
0.00 0 2 8 19 191312 2022121421
0.00 0 2 0 19 191312 2022121421
0.00 0 2 2 20 190270 2022121421
0.00 0 2 0 20 190270 2022121421
5.20 1 1 0 27 194810 2022121421
0.00 0 2 0 27 194810 2022121421
5.20 1 1 0 27 195825 2022121421
0.00 0 2 0 30 192334 2022121421
0.00 0 2 0 30 192334 2022121421
0.00 0 2 0 30 191941 2022121421
0.00 0 2 0 30 191941 2022121421
0.00 0 1 0 30 191941 2022121421
5.20 1 1 0 30 195021 2022121421
0.00 0 2 0 30 195021 2022121421
0.00 0 2 0 33 196065 2022121421
0.00 0 2 0 33 196065 2022121421
5.20 1 1 0 33 194984 2022121421
0.00 0 2 0 33 194032 2022121421
0.00 0 2 0 33 194032 2022121421
0.00 0 2 0 33 196620 2022121421
5.20 1 1 0 33 196620 2022121421
0.00 0 2 2 16 197964 2022121421
0.00 0 2 0 16 197964 2022121421
0.00 0 1 11 17 193046 2022121421
0.00 0 2 0 19 192416 2022121421
0.00 0 2 0 24 190496 2022121421
5.20 1 1 0 24 190496 2022121421
0.00 0 2 0 26 194744 2022121421
0.00 0 2 0 26 194744 2022121421
0.00 0 2 0 28 196880 2022121421
0.00 0 2 0 28 196880 2022121421
5.20 1 1 0 30 192192 2022121421
0.00 0 2 0 30 192192 2022121421
0.00 0 2 0 30 193093 2022121421
0.00 0 2 0 30 193093 2022121421
5.20 1 1 0 31 195711 2022121421
0.00 0 1 0 31 195711 2022121421
0.00 0 2 0 33 197489 2022121421
0.00 0 2 0 33 197489 2022121421
5.20 1 1 0 33 192675 2022121421
0.00 0 2 0 33 192675 2022121421
0.00 0 2 0 33 191304 2022121421
0.00 0 2 0 33 191304 2022121421
5.20 1 1 0 33 194659 2022121421
0.00 0 2 0 33 195778 2022121421
0.00 0 2 0 33 196540 2022121421
0.00 0 2 0 33 191442 2022121421
5.20 1 1 0 33 191442 2022121421
0.00 0 2 6 22 191237 2022121421
0.00 0 1 0 22 191237 2022121421
0.00 0 2 0 22 191237 2022121421
0.00 0 2 0 26 194046 2022121421
0.00 0 2 0 26 194677 2022121421
5.20 1 1 0 27 200866 2022121421
0.00 0 2 0 27 194230 2022121421
0.00 0 2 0 28 193355 2022121421
0.00 0 2 0 28 193490 2022121421
5.20 1 1 0 30 194226 2022121421
0.00 0 2 0 30 195928 2022121421
0.00 0 2 0 31 200707 2022121421
0.00 0 2 0 31 199076 2022121421
5.20 1 1 0 31 197603 2022121421
0.00 0 1 0 31 194235 2022121421
0.00 0 2 0 33 193469 2022121421
0.00 0 2 5 22 193297 2022121421
0.00 0 2 0 22 193601 2022121421
0.00 0 2 0 27 194401 2022121421
5.20 1 1 0 27 195561 2022121421
0.00 0 2 0 27 195416 2022121421
0.00 0 2 0 27 195416 2022121421
5.20 1 1 0 28 192061 2022121421
0.00 0 2 0 28 192061 2022121421
0.00 0 2 0 30 192879 2022121421
0.00 0 2 0 30 192879 2022121421
5.20 1 1 0 30 210307 2022121421
0.00 0 1 0 30 210307 2022121421
0.00 0 2 0 31 208091 2022121421
0.00 0 2 0 31 208091 2022121421
0.00 0 2 10 16 205501 2022121421
0.00 0 2 0 16 205501 2022121421
0.00 0 2 0 22 198076 2022121421
0.00 0 2 0 22 198076 2022121421
5.20 1 1 0 26 198376 2022121421
0.00 0 2 0 26 198376 2022121421
0.00 0 2 0 26 198298 2022121421
0.00 0 2 0 26 192956 2022121421
5.20 1 1 0 26 192956 2022121421
0.00 0 2 0 26 190869 2022121421
0.00 0 1 0 26 190869 2022121421
0.00 0 2 0 26 190869 2022121421
0.00 0 2 0 26 192873 2022121421
0.00 0 2 0 26 216193 2022121421
5.20 1 1 0 26 216193 2022121421
0.00 0 2 0 26 202134 2022121421
0.00 0 2 0 26 202134 2022121421
0.00 0 2 0 28 200301 2022121421
0.00 0 2 0 28 200301 2022121421
0.00 0 2 0 28 199424 2022121421
5.20 1 1 0 28 199424 2022121421
0.00 0 2 0 28 199428 2022121421
0.00 0 2 0 28 199428 2022121421
0.00 0 1 0 28 197079 2022121421
5.20 1 1 0 28 197079 2022121421
0.00 0 2 0 31 195875 2022121421
0.00 0 2 0 31 195875 2022121421
5.20 1 1 0 31 196706 2022121421
0.00 0 2 0 31 196706 2022121421
0.00 0 2 0 31 214540 2022121421
0.00 0 2 0 31 214540 2022121421
5.20 1 1 0 31 205575 2022121421
0.00 0 2 0 34 198029 2022121421
0.00 0 2 0 34 198029 2022121421
0.00 0 2 0 34 196319 2022121421
5.20 1 1 0 34 196319 2022121421
0.00 0 1 0 34 196319 2022121421
0.00 0 2 0 34 196710 2022121421
0.00 0 2 0 34 196710 2022121421
0.00 0 2 0 34 196908 2022121421
0.00 0 2 0 34 195714 2022121421
0.00 0 2 1 1 195714 2022121421
0.00 0 2 12 17 195151 2022121421
0.00 0 2 0 19 194757 2022121421
0.00 0 2 0 27 197231 2022121421
5.20 1 1 0 27 197231 2022121421
0.00 0 2 0 27 197740 2022121421
5.20 1 1 0 27 197740 2022121421
0.00 0 2 0 30 194282 2022121421
0.00 0 1 0 30 194282 2022121421
0.00 0 2 0 31 192559 2022121421
5.20 1 1 0 31 192559 2022121421
0.00 0 2 0 31 195914 2022121421
0.00 0 2 0 31 195914 2022121421
0.00 0 2 0 33 196638 2022121421
5.20 1 1 0 33 196638 2022121421
0.00 0 2 0 33 192764 2022121421
0.00 0 2 0 33 192764 2022121421
5.20 1 1 0 34 190516 2022121421
0.00 0 2 0 34 190516 2022121421
0.00 0 2 0 34 194824 2022121421
0.00 0 2 0 34 194824 2022121421
0.00 0 1 0 34 197760 2022121421
5.20 1 1 0 34 197760 2022121421
0.00 0 2 4 23 195313 2022121421
0.00 0 2 0 23 195313 2022121421
0.00 0 2 0 28 199799 2022121421
5.20 1 1 0 28 199799 2022121421
0.00 0 2 0 28 199591 2022121421
0.00 0 2 0 28 207978 2022121421
0.00 0 2 0 30 205964 2022121421
0.00 0 2 0 30 197692 2022121421
0.00 0 2 0 30 197692 2022121421
0.00 0 2 8 19 195564 2022121421
0.00 0 1 0 19 195564 2022121421
0.00 0 2 0 20 196118 2022121421
5.20 1 1 0 23 196604 2022121421
0.00 0 2 0 23 196957 2022121421
5.20 1 1 0 23 197552 2022121421
0.00 0 2 0 23 190791 2022121421
0.00 0 2 0 23 190791 2022121421
0.00 0 2 0 24 190947 2022121421
1.07 183 971 230 24 190947 2022121421
