6.33 1 1 0 13 190249 2022121420
0.00 0 2 0 22 193642 2022121420
2.60 1 1 0 22 193642 2022121420
0.00 0 2 0 23 190672 2022121420
0.00 0 2 0 23 190672 2022121420
0.00 0 2 0 23 188623 2022121420
2.26 1 1 0 23 188623 2022121420
2.82 1 1 0 24 188028 2022121420
0.00 0 2 0 24 188028 2022121420
2.15 1 1 0 26 188161 2022121420
0.00 0 2 0 27 193443 2022121420
2.26 1 1 0 27 193443 2022121420
0.00 0 2 0 28 195472 2022121420
2.37 1 0 0 28 195472 2022121420
0.00 0 2 0 28 195472 2022121420
2.49 1 1 0 30 194545 2022121420
0.00 0 2 0 31 192711 2022121420
2.60 1 1 0 31 192711 2022121420
0.00 0 2 0 33 193182 2022121420
2.71 1 1 0 33 193182 2022121420
0.00 0 2 0 35 196940 2022121420
2.94 1 1 0 35 196940 2022121420
0.00 0 2 0 37 196496 2022121420
3.05 1 1 0 37 196496 2022121420
8.36 1 1 0 38 194153 2022121420
0.00 0 2 0 38 194153 2022121420
0.00 0 1 0 41 191131 2022121420
0.00 0 2 0 41 191131 2022121420
0.00 0 2 0 42 190491 2022121420
6.89 1 1 0 42 190491 2022121420
0.00 0 2 0 44 191542 2022121420
0.00 0 2 0 44 191542 2022121420
0.00 0 2 5 28 188776 2022121420
0.00 0 2 0 28 188776 2022121420
0.68 1 1 6 30 186562 2022121420
7.68 1 1 0 35 188316 2022121420
0.00 0 2 0 35 188316 2022121420
0.00 0 2 4 24 191774 2022121420
0.00 0 2 0 24 191774 2022121420
0.00 0 1 0 24 191774 2022121420
0.00 0 2 3 24 195415 2022121420
0.00 0 2 0 26 194413 2022121420
5.20 1 1 0 26 194413 2022121420
0.00 0 2 0 27 192536 2022121420
5.20 1 1 0 27 192536 2022121420
0.00 0 2 0 28 192968 2022121420
0.00 0 2 0 28 192968 2022121420
0.00 0 2 0 28 192714 2022121420
0.00 0 2 0 28 192714 2022121420
5.20 1 1 0 28 191817 2022121420
0.00 0 2 0 28 191817 2022121420
0.00 0 2 0 30 191439 2022121420
0.00 0 1 0 30 191439 2022121420
0.00 0 2 0 30 194751 2022121420
0.00 0 2 0 30 194751 2022121420
0.00 0 2 9 17 196295 2022121420
0.00 0 2 0 17 196295 2022121420
5.20 1 1 0 26 193966 2022121420
0.00 0 2 0 26 193017 2022121420
0.00 0 2 0 26 189819 2022121420
0.00 0 2 0 26 189761 2022121420
5.20 1 1 0 26 189761 2022121420
0.00 0 2 0 27 191581 2022121420
0.00 0 2 0 27 191581 2022121420
0.00 0 2 0 28 193420 2022121420
5.20 1 0 0 28 193420 2022121420
0.00 0 2 0 28 193850 2022121420
0.00 0 2 0 28 195191 2022121420
0.00 0 2 0 30 191549 2022121420
0.00 0 2 0 30 191549 2022121420
0.00 0 2 0 30 190422 2022121420
5.20 1 1 0 30 190422 2022121420
0.00 0 2 0 30 190568 2022121420
0.00 0 2 0 30 190568 2022121420
5.20 1 1 0 30 193181 2022121420
0.00 0 2 0 30 193181 2022121420
0.00 0 2 0 30 194630 2022121420
0.00 0 2 0 30 194630 2022121420
0.00 0 1 0 30 189635 2022121420
5.20 1 1 0 30 189635 2022121420
0.00 0 2 0 30 188923 2022121420
0.00 0 2 0 30 188923 2022121420
5.20 1 1 0 30 188782 2022121420
0.00 0 2 0 30 188800 2022121420
0.00 0 2 0 30 188823 2022121420
0.00 0 2 3 20 187463 2022121420
0.00 0 2 0 20 187463 2022121420
0.00 0 2 5 22 187322 2022121420
0.00 0 2 0 22 187322 2022121420
5.31 1 1 0 27 188001 2022121420
0.00 0 2 0 27 188001 2022121420
0.00 0 1 0 27 187355 2022121420
5.20 1 1 0 27 187355 2022121420
0.00 0 2 0 27 188688 2022121420
0.00 0 2 0 27 188688 2022121420
0.00 0 2 0 28 190088 2022121420
0.00 0 2 0 28 190088 2022121420
5.20 1 1 0 30 191023 2022121420
0.00 0 2 0 30 190913 2022121420
0.00 0 2 0 30 190833 2022121420
0.00 0 2 0 33 193157 2022121420
5.20 1 1 0 33 193157 2022121420
0.00 0 2 0 33 193609 2022121420
0.00 0 2 0 33 193609 2022121420
0.00 0 1 0 33 193609 2022121420
0.00 0 2 4 19 191224 2022121420
0.00 0 2 6 20 188037 2022121420
0.00 0 2 0 20 188037 2022121420
0.00 0 2 0 27 188156 2022121420
5.20 1 1 0 27 188156 2022121420
0.00 0 2 0 27 188235 2022121420
0.00 0 2 0 27 188235 2022121420
5.20 1 1 0 30 188800 2022121420
0.00 0 2 0 30 188800 2022121420
0.00 0 2 0 30 190599 2022121420
0.00 0 2 0 30 190599 2022121420
5.20 1 1 0 30 193868 2022121420
0.00 0 1 0 30 193868 2022121420
0.00 0 2 0 33 194650 2022121420
0.00 0 2 0 33 194650 2022121420
5.20 1 1 0 33 191958 2022121420
0.00 0 2 0 33 191958 2022121420
0.00 0 2 0 33 189301 2022121420
0.00 0 2 0 33 188912 2022121420
5.20 1 1 0 33 188912 2022121420
0.00 0 2 7 22 188783 2022121420
0.00 0 2 0 22 188783 2022121420
0.00 0 2 0 27 189498 2022121420
0.00 0 2 0 27 195466 2022121420
5.20 1 1 0 27 194670 2022121420
0.00 0 1 0 27 194670 2022121420
0.00 0 2 0 28 191359 2022121420
0.00 0 2 0 28 190796 2022121420
0.00 0 2 0 30 191066 2022121420
5.20 1 1 0 30 191904 2022121420
0.00 0 2 0 30 192227 2022121420
0.00 0 2 0 30 192227 2022121420
5.20 1 1 0 31 192731 2022121420
0.00 0 2 0 31 192731 2022121420
0.00 0 2 7 20 191139 2022121420
0.00 0 2 1 22 191604 2022121420
0.00 0 2 0 22 191697 2022121420
0.00 0 2 0 24 192735 2022121420
5.20 1 0 0 24 197467 2022121420
0.00 0 2 0 24 197467 2022121420
0.00 0 2 0 24 200408 2022121420
0.00 0 2 0 24 200408 2022121420
0.00 0 2 0 26 197131 2022121420
0.00 0 2 0 26 194505 2022121420
5.20 1 1 0 26 194049 2022121420
0.00 0 2 0 26 193109 2022121420
0.00 0 2 0 26 192492 2022121420
0.00 0 2 0 27 192562 2022121420
5.20 1 1 0 27 192562 2022121420
0.00 0 2 0 27 193870 2022121420
0.00 0 2 0 27 193870 2022121420
0.00 0 1 0 27 194384 2022121420
0.00 0 2 0 28 195278 2022121420
0.00 0 2 0 28 195690 2022121420
5.20 1 1 0 28 196284 2022121420
0.00 0 2 0 30 193851 2022121420
0.00 0 2 0 30 193851 2022121420
5.20 1 1 0 30 189969 2022121420
0.00 0 2 0 30 189969 2022121420
0.00 0 2 0 31 192490 2022121420
0.00 0 2 0 31 192294 2022121420
5.20 1 1 0 31 193720 2022121420
0.00 0 2 0 31 193844 2022121420
0.00 0 2 0 31 197270 2022121420
0.00 0 1 0 31 197270 2022121420
0.00 0 2 5 22 192057 2022121420
0.00 0 2 1 22 192457 2022121420
0.00 0 2 0 22 192251 2022121420
0.00 0 2 0 26 192719 2022121420
5.20 1 1 0 26 192719 2022121420
0.00 0 2 0 26 192719 2022121420
0.00 0 2 0 26 192719 2022121420
0.00 0 2 0 26 192719 2022121420
0.00 0 2 0 26 192719 2022121420
0.00 0 2 0 26 192278 2022121420
0.00 0 2 0 26 192278 2022121420
0.00 0 2 1 1 192278 2022121420
0.00 0 1 0 1 192278 2022121420
0.00 0 2 0 2 192243 2022121420
0.00 0 2 0 2 192243 2022121420
0.00 0 2 0 2 192243 2022121420
0.00 0 2 0 2 192243 2022121420
0.00 0 2 1 1 192243 2022121420
0.00 0 2 0 1 192243 2022121420
0.00 0 2 1 2 191212 2022121420
0.00 0 2 0 2 191212 2022121420
0.00 0 2 2 2 190336 2022121420
0.00 0 2 0 2 190336 2022121420
0.00 0 2 1 2 191544 2022121420
0.00 0 2 3 4 191544 2022121420
0.00 0 1 0 4 191544 2022121420
0.00 0 2 0 4 191544 2022121420
0.00 0 2 2 2 189775 2022121420
0.00 0 2 0 2 189775 2022121420
0.00 0 2 2 2 190297 2022121420
0.00 0 2 2 2 189758 2022121420
0.00 0 2 0 2 189758 2022121420
0.00 0 2 1 2 190039 2022121420
0.00 0 2 0 2 190039 2022121420
0.00 0 2 1 1 190039 2022121420
0.00 0 2 0 1 190039 2022121420
0.00 0 2 2 2 189784 2022121420
0.00 0 2 0 2 189784 2022121420
0.00 0 1 2 2 189561 2022121420
0.00 0 2 0 2 189561 2022121420
0.00 0 2 2 2 189866 2022121420
5.20 1 1 0 2 189866 2022121420
0.00 0 2 0 2 189132 2022121420
0.00 0 2 0 2 189132 2022121420
0.00 0 2 0 5 188809 2022121420
0.00 0 2 0 5 188239 2022121420
0.00 0 2 0 5 188239 2022121420
0.00 0 2 0 5 187806 2022121420
0.00 0 2 0 5 187806 2022121420
0.00 0 2 0 5 187936 2022121420
0.00 0 2 0 5 187936 2022121420
0.00 0 1 0 8 188123 2022121420
0.00 0 2 0 8 188123 2022121420
0.00 0 2 0 8 188213 2022121420
0.00 0 2 0 8 188213 2022121420
0.00 0 2 0 8 187799 2022121420
0.00 0 2 0 8 187799 2022121420
0.00 0 2 0 8 188531 2022121420
0.00 0 2 0 8 188531 2022121420
0.00 0 2 0 11 189732 2022121420
0.00 0 2 0 11 189732 2022121420
5.20 1 1 0 11 190824 2022121420
0.00 0 2 0 11 190824 2022121420
0.00 0 2 0 11 191438 2022121420
0.00 0 1 0 11 191438 2022121420
0.00 0 2 0 11 190257 2022121420
0.00 0 2 0 11 190257 2022121420
0.00 0 2 0 13 189779 2022121420
0.00 0 2 0 13 189107 2022121420
0.00 0 2 0 13 189107 2022121420
0.00 0 2 0 13 189081 2022121420
5.20 1 1 0 13 189081 2022121420
0.00 0 2 0 13 191668 2022121420
0.00 0 2 0 13 191668 2022121420
0.00 0 2 0 16 193263 2022121420
0.00 0 2 0 16 193263 2022121420
0.00 0 2 0 16 191655 2022121420
0.00 0 1 0 16 191655 2022121420
0.00 0 2 0 16 189475 2022121420
5.20 1 1 0 16 189475 2022121420
0.00 0 2 0 16 189407 2022121420
0.00 0 2 0 16 189407 2022121420
0.00 0 2 0 19 189950 2022121420
0.00 0 2 0 19 189950 2022121420
0.00 0 2 0 19 189807 2022121420
0.00 0 2 0 19 189509 2022121420
5.20 1 1 0 19 189509 2022121420
0.00 0 2 0 19 189820 2022121420
0.00 0 2 0 19 189820 2022121420
0.00 0 2 0 22 191387 2022121420
0.00 0 1 0 22 191387 2022121420
0.00 0 2 0 22 192091 2022121420
5.20 1 1 0 22 192091 2022121420
0.00 0 2 0 24 191403 2022121420
0.00 0 2 0 24 191403 2022121420
0.00 0 2 0 27 190389 2022121420
0.00 0 2 0 27 190389 2022121420
5.20 1 1 0 31 189623 2022121420
0.00 0 2 0 31 189623 2022121420
0.00 0 2 0 38 193959 2022121420
0.00 0 2 0 38 193959 2022121420
5.20 1 1 0 42 193171 2022121420
0.00 0 2 0 48 189509 2022121420
0.00 0 1 0 48 189509 2022121420
0.00 0 2 0 48 189509 2022121420
8.13 1 1 0 53 188438 2022121420
0.00 0 2 0 53 188438 2022121420
5.20 1 1 0 62 187459 2022121420
0.00 0 2 0 68 189276 2022121420
5.54 1 1 0 68 189276 2022121420
0.00 0 2 0 73 188768 2022121420
5.20 1 1 0 73 188768 2022121420
0.00 0 2 1 1 187658 2022121420
0.00 0 2 0 1 187658 2022121420
0.00 0 2 20 27 190610 2022121420
0.00 0 2 0 27 190610 2022121420
0.00 0 1 14 33 190685 2022121420
5.20 1 1 0 33 190685 2022121420
5.20 1 1 0 53 189799 2022121420
0.00 0 2 0 53 189799 2022121420
0.00 0 2 8 37 194522 2022121420
0.00 0 2 0 37 194522 2022121420
0.00 0 2 14 19 194675 2022121420
0.00 0 2 0 19 194675 2022121420
5.20 1 1 4 28 188192 2022121420
0.00 0 2 0 38 189839 2022121420
0.00 0 2 0 38 189839 2022121420
0.00 0 2 1 39 194042 2022121420
5.20 1 1 0 39 194042 2022121420
0.00 0 1 0 39 194042 2022121420
5.20 1 1 0 39 193104 2022121420
0.00 0 2 0 39 190887 2022121420
0.00 0 2 0 39 190887 2022121420
0.00 0 2 8 27 191681 2022121420
0.00 0 2 0 27 191681 2022121420
0.00 0 2 9 19 194285 2022121420
0.00 0 2 0 19 194285 2022121420
0.00 0 2 0 30 194687 2022121420
5.20 1 1 0 30 194687 2022121420
0.00 0 2 0 35 190695 2022121420
0.00 0 2 0 35 190695 2022121420
5.20 1 1 0 35 189705 2022121420
0.00 0 1 0 35 189705 2022121420
0.00 0 2 0 38 189309 2022121420
0.00 0 2 0 38 189309 2022121420
5.20 1 1 0 38 189326 2022121420
0.00 0 2 0 38 189326 2022121420
0.00 0 2 12 16 189970 2022121420
0.00 0 2 0 16 189970 2022121420
0.00 0 2 4 23 190959 2022121420
0.00 0 2 0 27 191190 2022121420
5.20 1 1 0 27 191190 2022121420
0.00 0 2 0 28 190187 2022121420
0.00 0 2 0 28 190187 2022121420
0.00 0 2 0 30 189701 2022121420
5.20 1 0 0 30 189701 2022121420
0.00 0 2 0 30 189183 2022121420
0.00 0 2 0 30 189183 2022121420
0.00 0 2 0 33 188708 2022121420
0.00 0 2 0 33 188708 2022121420
5.20 1 1 0 33 188215 2022121420
0.00 0 2 0 33 188215 2022121420
5.20 1 1 0 33 187373 2022121420
0.00 0 2 0 33 187373 2022121420
0.00 0 2 0 33 189411 2022121420
0.00 0 2 8 16 192378 2022121420
0.00 0 2 0 16 192378 2022121420
0.00 0 2 4 22 192090 2022121420
0.00 0 1 0 22 192090 2022121420
0.00 0 2 0 22 192090 2022121420
5.20 1 1 0 26 190024 2022121420
0.00 0 2 0 26 189089 2022121420
0.00 0 2 0 26 189089 2022121420
0.00 0 2 0 30 189839 2022121420
0.00 0 2 0 30 189839 2022121420
0.00 0 2 0 30 192412 2022121420
5.20 1 1 0 30 192412 2022121420
0.00 0 2 0 30 194389 2022121420
0.00 0 2 0 30 194389 2022121420
5.20 1 1 0 33 192316 2022121420
0.00 0 2 0 33 192316 2022121420
0.00 0 1 0 33 189880 2022121420
0.00 0 2 0 33 189880 2022121420
0.00 0 2 0 33 190777 2022121420
5.20 1 1 0 33 190777 2022121420
0.00 0 2 0 33 192662 2022121420
0.00 0 2 0 33 192662 2022121420
5.20 1 1 0 33 194031 2022121420
0.00 0 2 0 33 194031 2022121420
0.00 0 2 2 22 195087 2022121420
0.00 0 2 7 22 192758 2022121420
0.00 0 2 0 22 192163 2022121420
0.00 0 2 0 28 191866 2022121420
5.20 1 1 0 28 191866 2022121420
0.00 0 1 0 28 191866 2022121420
0.00 0 2 0 28 190889 2022121420
0.00 0 2 0 28 190784 2022121420
5.20 1 1 0 28 190796 2022121420
0.00 0 2 0 30 194266 2022121420
0.00 0 2 0 30 194266 2022121420
0.00 0 2 0 30 196031 2022121420
5.20 1 1 0 30 196031 2022121420
0.00 0 2 0 31 196205 2022121420
0.00 0 2 0 31 196205 2022121420
5.20 1 1 0 31 191437 2022121420
0.00 0 2 0 31 191437 2022121420
0.00 0 2 5 17 190293 2022121420
0.00 0 1 0 17 190293 2022121420
0.00 0 2 5 22 189410 2022121420
0.00 0 2 0 22 189410 2022121420
0.00 0 2 0 24 189308 2022121420
5.20 1 1 0 24 189308 2022121420
0.00 0 2 0 26 191044 2022121420
0.00 0 2 0 26 191044 2022121420
0.00 0 2 0 28 192530 2022121420
0.00 0 2 0 30 192894 2022121420
5.20 1 1 0 30 192868 2022121420
0.00 0 2 0 30 189721 2022121420
0.00 0 2 0 30 189721 2022121420
0.00 0 2 0 31 188432 2022121420
5.20 1 0 0 31 188432 2022121420
0.00 0 2 0 31 189194 2022121420
0.00 0 2 0 31 189943 2022121420
0.00 0 2 0 33 192775 2022121420
5.20 1 1 0 33 192775 2022121420
0.00 0 2 9 19 194706 2022121420
0.00 0 2 0 19 194706 2022121420
0.00 0 2 0 24 189730 2022121420
0.00 0 2 0 24 189730 2022121420
5.20 1 1 0 26 188667 2022121420
0.00 0 2 0 26 188667 2022121420
0.00 0 2 0 27 194285 2022121420
0.00 0 2 0 27 194285 2022121420
0.00 0 1 0 28 195654 2022121420
0.00 0 2 0 28 195654 2022121420
5.20 1 1 0 30 191141 2022121420
0.00 0 2 0 30 191141 2022121420
0.00 0 2 0 31 189870 2022121420
0.00 0 2 0 31 189870 2022121420
5.20 1 1 0 31 189511 2022121420
0.00 0 2 0 33 189375 2022121420
0.00 0 2 0 33 189252 2022121420
0.00 0 2 0 33 191092 2022121420
5.20 1 1 0 33 191092 2022121420
0.00 0 2 6 22 192992 2022121420
0.00 0 2 0 22 192992 2022121420
0.00 0 1 0 26 192621 2022121420
5.20 1 1 0 26 192621 2022121420
0.00 0 2 0 26 190617 2022121420
0.00 0 2 0 26 190617 2022121420
0.00 0 2 0 28 192454 2022121420
0.00 0 2 0 28 192454 2022121420
0.00 0 2 0 30 192298 2022121420
5.20 1 1 0 30 192298 2022121420
0.00 0 2 0 30 189873 2022121420
0.00 0 2 0 30 189873 2022121420
5.20 1 1 0 31 188542 2022121420
0.00 0 2 8 20 187956 2022121420
0.00 0 2 0 20 187956 2022121420
0.00 0 1 0 20 187956 2022121420
0.00 0 2 0 23 193882 2022121420
0.00 0 2 0 23 193882 2022121420
5.20 1 1 0 24 194033 2022121420
0.00 0 2 0 24 193091 2022121420
0.00 0 2 0 24 192252 2022121420
0.00 0 2 0 26 189839 2022121420
0.00 0 2 0 26 189839 2022121420
0.00 0 2 0 26 188729 2022121420
5.20 1 1 0 26 188729 2022121420
0.00 0 2 0 26 188207 2022121420
0.00 0 2 0 26 188207 2022121420
5.20 1 1 0 26 188791 2022121420
0.00 0 1 0 26 188791 2022121420
0.00 0 2 0 27 191039 2022121420
0.00 0 2 0 27 191039 2022121420
0.00 0 2 0 27 189113 2022121420
0.00 0 2 0 27 189113 2022121420
5.20 1 1 0 28 188230 2022121420
0.00 0 2 0 28 187640 2022121420
0.00 0 2 0 28 187232 2022121420
0.00 0 2 0 30 189895 2022121420
5.20 1 1 0 30 189895 2022121420
0.00 0 2 0 30 195126 2022121420
0.00 0 2 0 30 195126 2022121420
0.00 0 2 0 31 192072 2022121420
5.20 1 0 0 31 192072 2022121420
0.00 0 2 0 31 188928 2022121420
0.00 0 2 0 31 188928 2022121420
0.00 0 2 7 20 187899 2022121420
0.00 0 2 0 20 187899 2022121420
5.20 1 1 0 24 187323 2022121420
0.00 0 2 0 24 187323 2022121420
0.00 0 2 0 26 191334 2022121420
0.00 0 2 0 26 191334 2022121420
5.20 1 1 0 27 195162 2022121420
0.00 0 2 0 28 194074 2022121420
0.00 0 2 0 28 192271 2022121420
0.00 0 2 0 30 189485 2022121420
0.00 0 1 0 30 189485 2022121420
0.00 0 2 0 30 189485 2022121420
5.20 1 1 0 30 192434 2022121420
0.00 0 2 0 30 192434 2022121420
0.00 0 2 0 31 193514 2022121420
0.00 0 2 0 31 190575 2022121420
5.20 1 1 0 31 190575 2022121420
0.00 0 2 3 22 189132 2022121420
0.00 0 2 0 22 189132 2022121420
0.00 0 2 4 22 190883 2022121420
0.00 0 2 0 22 190883 2022121420
5.20 1 1 0 24 200116 2022121420
0.00 0 2 0 24 200116 2022121420
0.00 0 1 0 26 199415 2022121420
0.00 0 2 0 26 204769 2022121420
0.00 0 2 0 27 206104 2022121420
5.20 1 1 0 27 204082 2022121420
0.00 0 2 0 28 201685 2022121420
0.00 0 2 0 28 201685 2022121420
0.00 0 2 0 30 197445 2022121420
0.00 0 2 0 30 197445 2022121420
5.20 1 1 0 30 197797 2022121420
0.00 0 2 0 30 197797 2022121420
0.00 0 2 0 31 195906 2022121420
0.00 0 2 0 31 190657 2022121420
5.20 1 1 0 31 190123 2022121420
0.00 0 1 0 31 190123 2022121420
0.00 0 2 0 31 189148 2022121420
0.00 0 2 0 31 189148 2022121420
5.20 1 1 0 31 192900 2022121420
0.00 0 2 6 22 195046 2022121420
0.00 0 2 0 22 195149 2022121420
0.00 0 2 0 26 189985 2022121420
5.20 1 1 0 26 189536 2022121420
0.00 0 2 0 26 192616 2022121420
0.00 0 2 0 27 199900 2022121420
0.00 0 2 0 27 203372 2022121420
0.00 0 2 0 28 202480 2022121420
5.20 1 1 0 28 196596 2022121420
0.00 0 1 0 28 196596 2022121420
0.00 0 2 0 30 192372 2022121420
0.00 0 2 0 30 194900 2022121420
5.20 1 1 0 30 192797 2022121420
0.00 0 2 0 31 193137 2022121420
0.00 0 2 0 31 198572 2022121420
0.00 0 2 0 31 198068 2022121420
0.00 0 2 3 22 197228 2022121420
0.00 0 2 1 22 195608 2022121420
0.00 0 2 0 22 194726 2022121420
5.20 1 1 0 24 191416 2022121420
0.00 0 2 0 26 191948 2022121420
0.00 0 1 0 26 191672 2022121420
5.20 1 1 0 27 193136 2022121420
0.00 0 2 0 27 194147 2022121420
0.00 0 2 0 28 197005 2022121420
0.00 0 2 0 28 193496 2022121420
5.20 1 1 0 28 191835 2022121420
0.00 0 2 0 30 189577 2022121420
0.00 0 2 0 30 194841 2022121420
0.00 0 2 0 30 195748 2022121420
0.00 0 2 0 31 198821 2022121420
5.20 1 1 0 31 198704 2022121420
0.00 0 2 0 31 198205 2022121420
0.00 0 2 1 23 194636 2022121420
0.00 0 1 0 23 194636 2022121420
0.00 0 2 5 17 190620 2022121420
0.00 0 2 0 22 189755 2022121420
5.20 1 1 0 24 189645 2022121420
0.00 0 2 0 24 191212 2022121420
0.00 0 2 0 26 193575 2022121420
0.00 0 2 0 26 194710 2022121420
5.20 1 1 0 27 194531 2022121420
0.00 0 2 0 28 190569 2022121420
0.00 0 2 0 28 193438 2022121420
0.00 0 2 0 30 192163 2022121420
5.20 1 1 0 30 192231 2022121420
0.00 0 2 0 30 194095 2022121420
0.00 0 1 0 30 195131 2022121420
0.00 0 2 0 31 195443 2022121420
0.00 0 2 0 31 195817 2022121420
5.20 1 1 0 31 192708 2022121420
0.00 0 2 2 27 191242 2022121420
0.00 0 2 0 22 189253 2022121420
0.00 0 2 2 22 188198 2022121420
0.00 0 2 0 22 188822 2022121420
5.20 1 1 0 24 189371 2022121420
0.00 0 2 0 26 191194 2022121420
0.00 0 2 0 26 192098 2022121420
0.00 0 2 0 27 194058 2022121420
5.20 1 1 0 27 193754 2022121420
0.00 0 1 0 27 193754 2022121420
0.00 0 2 0 28 192040 2022121420
0.00 0 2 0 28 190958 2022121420
0.00 0 2 0 28 190547 2022121420
0.00 0 2 8 16 188979 2022121420
0.00 0 2 0 17 188937 2022121420
0.00 0 2 0 20 189320 2022121420
5.20 1 1 0 22 191248 2022121420
0.00 0 2 0 22 192952 2022121420
0.00 0 2 0 22 197507 2022121420
0.00 0 2 0 22 196340 2022121420
0.00 0 2 0 23 192230 2022121420
5.20 1 1 0 23 190889 2022121420
0.00 0 1 0 23 189851 2022121420
0.00 0 2 0 23 189822 2022121420
0.00 0 2 0 23 189176 2022121420
0.00 0 2 0 23 189030 2022121420
5.20 1 1 0 23 188770 2022121420
0.00 0 2 0 23 189169 2022121420
0.00 0 2 0 24 199931 2022121420
0.00 0 2 0 24 197124 2022121420
0.00 0 2 0 24 194166 2022121420
5.20 1 1 0 24 194249 2022121420
0.00 0 2 0 26 195649 2022121420
0.00 0 2 0 26 197060 2022121420
0.00 0 2 0 26 197183 2022121420
0.00 0 1 0 26 196202 2022121420
5.20 1 1 0 27 190791 2022121420
0.00 0 2 0 27 188978 2022121420
0.00 0 2 0 27 191687 2022121420
0.00 0 2 0 28 193565 2022121420
5.20 1 1 0 28 191383 2022121420
0.00 0 2 0 28 190218 2022121420
0.00 0 2 0 28 195562 2022121420
0.00 0 2 0 30 194342 2022121420
0.00 0 2 0 30 193732 2022121420
5.20 1 1 0 30 192141 2022121420
0.00 0 2 0 30 191419 2022121420
0.00 0 2 0 31 192323 2022121420
0.00 0 1 0 31 193763 2022121420
5.20 1 1 0 31 194728 2022121420
0.00 0 2 0 33 196508 2022121420
1.05 125 1029 280 33 196508 2022121420
