61.5 6 0 0 107 14819 2022122121
34.1 4 0 0 107 14547 2022122121
34.1 4 0 0 107 14444 2022122121
34.1 4 0 0 107 14718 2022122121
17.0 2 0 0 107 14919 2022122121
34.1 4 0 0 107 14830 2022122121
31.6 4 0 0 107 14860 2022122121
34.1 4 0 0 107 14898 2022122121
34.1 4 0 0 107 14554 2022122121
17.0 2 0 0 107 14823 2022122121
34.1 4 0 0 107 14697 2022122121
34.1 4 0 0 107 14891 2022122121
34.1 4 0 0 107 14898 2022122121
34.1 4 0 0 107 15116 2022122121
17.0 2 0 0 107 14723 2022122121
34.1 4 0 0 107 14948 2022122121
34.1 4 0 0 107 14820 2022122121
34.1 4 0 0 107 14898 2022122121
14.6 2 0 0 107 14900 2022122121
34.1 4 0 0 107 14477 2022122121
83.9 8 0 0 148 18268 2022122121
52.4 5 0 1 171 21544 2022122121
60.9 6 0 6 124 16187 2022122121
62.4 6 0 0 128 16516 2022122121
62.7 6 0 0 132 17134 2022122121
62.4 6 0 0 135 18133 2022122121
62.6 6 0 0 139 18464 2022122121
62.7 6 0 0 144 18927 2022122121
62.4 6 0 0 148 19357 2022122121
62.6 6 0 0 152 19894 2022122121
62.6 6 0 0 156 20619 2022122121
62.6 6 0 0 159 20507 2022122121
62.6 6 0 0 162 21235 2022122121
62.7 6 0 1 115 15211 2022122121
62.6 6 0 0 120 15696 2022122121
62.4 6 0 0 124 16473 2022122121
62.6 6 0 0 130 16915 2022122121
62.7 6 0 0 134 17515 2022122121
62.4 6 0 0 138 18143 2022122121
62.6 6 0 0 141 18575 2022122121
62.9 6 0 0 145 18949 2022122121
30.9 3 0 0 148 19230 2022122121
62.6 6 0 0 152 19803 2022122121
62.7 6 0 0 155 20541 2022122121
62.4 6 0 0 159 21041 2022122121
62.6 6 0 0 162 21525 2022122121
83.4 8 0 1 118 15550 2022122121
62.6 6 0 0 121 15903 2022122121
31.3 3 0 0 124 16219 2022122121
62.6 6 0 0 128 16704 2022122121
62.7 6 0 0 132 17552 2022122121
62.4 6 0 0 137 17830 2022122121
62.6 6 0 0 141 18335 2022122121
62.6 6 0 0 145 19050 2022122121
62.6 6 0 0 149 19558 2022122121
62.6 6 0 0 152 19727 2022122121
62.6 6 0 0 156 20413 2022122121
62.6 6 0 0 159 20953 2022122121
62.7 6 0 0 164 21147 2022122121
62.4 6 0 1 117 15305 2022122121
62.7 6 0 0 121 15922 2022122121
62.4 6 0 0 125 16305 2022122121
62.6 6 0 0 130 17183 2022122121
62.7 6 0 0 134 17763 2022122121
62.4 6 0 0 138 18067 2022122121
62.6 6 0 0 142 18591 2022122121
62.7 6 0 0 147 19012 2022122121
62.4 6 0 0 151 19776 2022122121
62.6 6 0 0 155 20383 2022122121
31.5 3 0 0 156 20407 2022122121
62.4 6 0 0 161 21285 2022122121
62.6 6 0 0 164 21515 2022122121
62.7 6 0 1 117 15148 2022122121
62.4 6 0 0 120 15625 2022122121
62.6 6 0 0 124 15452 2022122121
62.6 6 0 0 130 16605 2022122121
62.6 6 0 0 134 17457 2022122121
62.6 6 0 0 138 18037 2022122121
62.6 6 0 0 141 18602 2022122121
62.7 6 0 0 145 19232 2022122121
62.4 6 0 0 149 19687 2022122121
62.6 6 0 0 154 20126 2022122121
62.7 6 0 0 158 20405 2022122121
62.4 6 0 0 161 21238 2022122121
62.6 6 0 3 114 21498 2022122121
52.1 5 0 0 115 15225 2022122121
62.7 6 0 0 121 15802 2022122121
62.4 6 0 0 125 16089 2022122121
62.6 6 0 0 130 17038 2022122121
62.7 6 0 0 134 17420 2022122121
62.4 6 0 0 139 18253 2022122121
62.6 6 0 0 142 18774 2022122121
62.6 6 0 0 147 19372 2022122121
62.6 6 0 0 151 17221 2022122121
62.6 6 0 0 155 20117 2022122121
62.6 6 0 0 158 20603 2022122121
41.8 4 0 0 159 21227 2022122121
52.1 5 0 0 164 21531 2022122121
62.7 6 0 1 117 15784 2022122121
62.4 6 0 0 121 15307 2022122121
62.9 6 0 0 125 16456 2022122121
62.2 6 0 0 130 16632 2022122121
62.6 6 0 0 134 17859 2022122121
62.6 6 0 0 138 18096 2022122121
62.6 6 0 0 142 18518 2022122121
62.7 6 0 0 147 19147 2022122121
62.4 6 0 0 149 19915 2022122121
62.6 6 0 0 154 20337 2022122121
62.7 6 0 0 158 19786 2022122121
62.4 6 0 0 161 21314 2022122121
62.6 6 0 1 114 19481 2022122121
62.6 6 0 0 118 15386 2022122121
62.6 6 0 0 123 16137 2022122121
62.9 6 0 0 127 16203 2022122121
62.2 6 0 0 131 17104 2022122121
62.6 6 0 0 135 17570 2022122121
62.6 6 0 0 139 18524 2022122121
31.5 3 0 0 142 18850 2022122121
62.4 6 0 0 145 19699 2022122121
62.7 6 0 0 149 19714 2022122121
62.4 6 0 0 154 20236 2022122121
62.6 6 0 0 158 17795 2022122121
62.6 6 0 0 161 21293 2022122121
62.6 6 0 1 114 21788 2022122121
52.1 5 0 0 117 15445 2022122121
62.6 6 0 0 121 15976 2022122121
62.7 6 0 0 125 16470 2022122121
62.4 6 0 0 130 17000 2022122121
62.6 6 0 0 135 13432 2022122121
62.6 6 0 0 139 18244 2022122121
62.6 6 0 0 144 18936 2022122121
62.7 6 0 0 147 19347 2022122121
62.4 6 0 0 151 19740 2022122121
62.6 6 0 0 155 20098 2022122121
62.7 6 0 0 158 20815 2022122121
62.4 6 0 0 162 21232 2022122121
62.7 6 0 1 115 15184 2022122121
62.4 6 0 0 120 15549 2022122121
62.6 6 0 0 124 16072 2022122121
62.6 6 0 0 128 18049 2022122121
62.6 6 0 0 132 17411 2022122121
62.6 6 0 0 137 17703 2022122121
62.6 6 0 0 141 18323 2022122121
62.6 6 0 0 145 19018 2022122121
62.7 6 0 0 149 19541 2022122121
31.1 3 0 0 151 19797 2022122121
62.6 6 0 0 155 20215 2022122121
62.6 6 0 0 159 19894 2022122121
62.6 6 0 0 162 21234 2022122121
62.6 6 0 1 115 15257 2022122121
62.6 6 0 0 120 15142 2022122121
62.6 6 0 0 124 16211 2022122121
62.6 6 0 0 127 16557 2022122121
62.6 6 0 0 132 17353 2022122121
62.6 6 0 0 137 17800 2022122121
62.7 6 0 0 139 18305 2022122121
62.4 6 0 0 145 18976 2022122121
62.6 6 0 0 148 19416 2022122121
62.7 6 0 0 152 20186 2022122121
62.4 6 0 0 156 20512 2022122121
62.6 6 0 0 159 20895 2022122121
62.6 6 0 0 164 21234 2022122121
62.6 6 0 1 117 15336 2022122121
62.9 6 0 0 121 15880 2022122121
62.2 6 0 0 125 16379 2022122121
62.6 6 0 0 130 17075 2022122121
31.5 3 0 0 132 17338 2022122121
62.4 6 0 0 137 17955 2022122121
62.6 6 0 0 139 18497 2022122121
62.9 6 0 0 144 18904 2022122121
62.2 6 0 0 148 19437 2022122121
62.7 6 0 0 152 19677 2022122121
62.9 6 0 0 156 20511 2022122121
62.0 6 0 0 161 21131 2022122121
62.7 6 0 0 162 21375 2022122121
52.1 5 0 1 115 18176 2022122121
62.4 6 0 0 120 15886 2022122121
62.6 6 0 0 124 16178 2022122121
62.7 6 0 0 128 16722 2022122121
62.4 6 0 0 132 17472 2022122121
62.6 6 0 0 137 17832 2022122121
62.7 6 0 0 141 18533 2022122121
62.4 6 0 0 145 18651 2022122121
62.6 6 0 0 149 19641 2022122121
62.7 6 0 0 154 20099 2022122121
62.4 6 0 0 156 23218 2022122121
62.6 6 0 0 161 21259 2022122121
62.7 6 0 0 164 21442 2022122121
62.4 6 0 1 118 15566 2022122121
62.6 6 0 0 121 16258 2022122121
62.6 6 0 0 125 16560 2022122121
62.6 6 0 0 131 16948 2022122121
62.6 6 0 0 134 17490 2022122121
31.3 3 0 0 137 17833 2022122121
62.6 6 0 0 141 19043 2022122121
62.6 6 0 0 145 18931 2022122121
62.6 6 0 0 149 19780 2022122121
62.6 6 0 0 152 20417 2022122121
62.6 6 0 0 156 20448 2022122121
62.7 6 0 0 159 21425 2022122121
62.6 6 0 0 164 21655 2022122121
62.4 6 0 1 117 15191 2022122121
62.6 6 0 0 121 15902 2022122121
62.6 6 0 0 125 16439 2022122121
62.6 6 0 0 130 17594 2022122121
62.7 6 0 0 134 17837 2022122121
62.6 6 0 0 138 17928 2022122121
62.4 6 0 0 142 18621 2022122121
62.6 6 0 0 145 19237 2022122121
62.6 6 0 0 151 19750 2022122121
62.6 6 0 0 154 20383 2022122121
62.6 6 0 0 158 20866 2022122121
62.6 6 0 0 161 21114 2022122121
62.6 6 0 1 114 19644 2022122121
52.1 5 0 0 118 14857 2022122121
62.6 6 0 0 121 15999 2022122121
62.6 6 0 0 125 16475 2022122121
62.7 6 0 0 131 17157 2022122121
62.4 6 0 0 135 17543 2022122121
62.6 6 0 0 138 18218 2022122121
62.7 6 0 0 142 18888 2022122121
31.1 3 0 0 145 19002 2022122121
62.6 6 0 0 149 20064 2022122121
62.7 6 0 0 152 20164 2022122121
62.4 6 0 0 156 20607 2022122121
62.6 6 0 0 161 20859 2022122121
62.7 6 0 0 164 21570 2022122121
62.4 6 0 1 117 15499 2022122121
62.7 6 0 0 121 15953 2022122121
62.4 6 0 0 125 16317 2022122121
62.6 6 0 0 131 17116 2022122121
62.7 6 0 0 135 17755 2022122121
62.4 6 0 0 138 18188 2022122121
62.6 6 0 0 142 18626 2022122121
62.6 6 0 0 147 19365 2022122121
62.6 6 0 0 151 19519 2022122121
62.7 6 0 0 155 20781 2022122121
62.4 6 0 0 159 20200 2022122121
62.6 6 0 0 162 21236 2022122121
62.7 6 0 1 115 15174 2022122121
62.4 6 0 0 120 15566 2022122121
62.7 6 0 0 123 16233 2022122121
31.1 3 0 0 125 16208 2022122121
62.6 6 0 0 131 17137 2022122121
62.6 6 0 0 134 17519 2022122121
62.6 6 0 0 138 18270 2022122121
62.6 6 0 0 142 18203 2022122121
62.6 6 0 0 147 20009 2022122121
62.6 6 0 0 151 19543 2022122121
62.6 6 0 0 154 20196 2022122121
62.7 6 0 0 158 20880 2022122121
62.4 6 0 0 162 21515 2022122121
62.6 6 0 1 114 16450 2022122121
62.6 6 0 0 118 15597 2022122121
62.6 6 0 0 123 16346 2022122121
62.7 6 0 0 127 15134 2022122121
62.4 6 0 0 131 17264 2022122121
62.6 6 0 0 137 17868 2022122121
62.6 6 0 0 141 18278 2022122121
62.6 6 0 0 144 19001 2022122121
62.7 6 0 0 148 19616 2022122121
62.4 6 0 0 152 20078 2022122121
62.6 6 0 0 156 20474 2022122121
31.3 3 0 0 156 20673 2022122121
62.6 6 0 0 161 21108 2022122121
62.6 6 0 1 115 15564 2022122121
62.9 6 0 0 120 15530 2022122121
62.2 6 0 0 123 16553 2022122121
62.6 6 0 0 127 16720 2022122121
62.6 6 0 0 132 16862 2022122121
62.6 6 0 0 135 17802 2022122121
62.7 6 0 0 141 18477 2022122121
62.4 6 0 0 144 18980 2022122121
62.6 6 0 0 148 19367 2022122121
62.7 6 0 0 152 19982 2022122121
62.4 6 0 0 156 20500 2022122121
62.6 6 0 0 159 21265 2022122121
62.6 6 0 0 162 21485 2022122121
62.7 6 0 1 117 15223 2022122121
62.4 6 0 0 121 15863 2022122121
62.6 6 0 0 125 16358 2022122121
62.6 6 0 0 128 16937 2022122121
62.6 6 0 0 134 17352 2022122121
31.3 3 0 0 135 17836 2022122121
62.6 6 0 0 139 18152 2022122121
62.9 6 0 0 144 18935 2022122121
62.2 6 0 0 148 19367 2022122121
62.7 6 0 0 152 20009 2022122121
62.4 6 0 0 155 20465 2022122121
62.6 6 0 0 159 20427 2022122121
62.7 6 0 0 162 21271 2022122121
62.6 6 0 1 115 13191 2022122121
57.3 6 0 0 120 15551 2022122121
62.4 6 0 0 124 16205 2022122121
62.6 6 0 0 128 16940 2022122121
62.6 6 0 0 132 17502 2022122121
62.6 6 0 0 137 17858 2022122121
62.7 6 0 0 141 18284 2022122121
62.4 6 0 0 145 18927 2022122121
62.6 6 0 0 149 19576 2022122121
62.7 6 0 0 152 20104 2022122121
62.4 6 0 0 156 20574 2022122121
62.6 6 0 0 161 20952 2022122121
62.7 6 0 0 164 21654 2022122121
62.4 6 0 1 117 15267 2022122121
62.7 6 0 0 121 15793 2022122121
62.4 6 0 0 125 16276 2022122121
62.6 6 0 0 130 16910 2022122121
31.5 3 0 0 132 17326 2022122121
62.4 6 0 0 137 17848 2022122121
62.6 6 0 0 139 18506 2022122121
62.6 6 0 0 144 18945 2022122121
62.6 6 0 0 148 19491 2022122121
62.6 6 0 0 152 20049 2022122121
62.9 6 0 0 156 20479 2022122121
62.2 6 0 0 161 21178 2022122121
62.7 6 0 0 164 21533 2022122121
62.6 6 0 1 117 15189 2022122121
62.4 6 0 0 121 16524 2022122121
62.6 6 0 0 124 16313 2022122121
62.6 6 0 0 130 17072 2022122121
62.6 6 0 0 134 17436 2022122121
62.7 6 0 0 138 18425 2022122121
62.4 6 0 0 142 18634 2022122121
62.7 6 0 0 145 19233 2022122121
62.4 6 0 0 149 19721 2022122121
62.6 6 0 0 154 20173 2022122121
62.9 6 0 0 158 20820 2022122121
30.9 3 0 0 159 21182 2022122121
62.6 6 0 0 162 21213 2022122121
83.4 8 0 1 118 15368 2022122121
62.7 6 0 0 121 15959 2022122121
62.4 6 0 0 125 16240 2022122121
62.6 6 0 0 131 17105 2022122121
62.6 6 0 0 135 17826 2022122121
31.3 3 0 0 137 18140 2022122121
62.6 6 0 0 141 18414 2022122121
62.7 6 0 0 145 18996 2022122121
62.4 6 0 0 149 19598 2022122121
62.6 6 0 0 152 20145 2022122121
62.6 6 0 0 156 20511 2022122121
62.6 6 0 0 161 20895 2022122121
62.7 6 0 0 164 21589 2022122121
62.4 6 0 1 117 14942 2022122121
62.6 6 0 0 121 15907 2022122121
62.6 6 0 0 125 16331 2022122121
62.6 6 0 0 130 17075 2022122121
62.7 6 0 0 134 17451 2022122121
62.4 6 0 0 138 18129 2022122121
62.6 6 0 0 142 18605 2022122121
62.7 6 0 0 147 19115 2022122121
62.4 6 0 0 151 19794 2022122121
62.6 6 0 0 155 20250 2022122121
62.6 6 0 0 158 20843 2022122121
62.6 6 0 0 161 21255 2022122121
62.7 6 0 1 115 15500 2022122121
31.1 3 0 0 117 15186 2022122121
62.6 6 0 0 121 15862 2022122121
62.7 6 0 0 125 16573 2022122121
62.4 6 0 0 131 17045 2022122121
62.6 6 0 0 134 17678 2022122121
62.9 6 0 0 138 18192 2022122121
62.2 6 0 0 142 18623 2022122121
62.6 6 0 0 147 18991 2022122121
62.6 6 0 0 151 19769 2022122121
62.6 6 0 0 155 20429 2022122121
62.7 6 0 0 158 20861 2022122121
62.4 6 0 0 161 21263 2022122121
62.6 6 0 1 115 16455 2022122121
62.6 6 0 0 118 15539 2022122121
62.6 6 0 0 123 16326 2022122121
62.7 6 0 0 127 16706 2022122121
62.4 6 0 0 132 17164 2022122121
62.6 6 0 0 137 17858 2022122121
62.7 6 0 0 139 18374 2022122121
62.4 6 0 0 144 18827 2022122121
62.6 6 0 0 148 19297 2022122121
31.5 3 0 0 149 19691 2022122121
62.4 6 0 0 154 20425 2022122121
62.6 6 0 0 158 20828 2022122121
62.6 6 0 0 161 21213 2022122121
62.6 6 0 1 114 18243 2022122121
62.7 6 0 0 118 15633 2022122121
62.4 6 0 0 123 16232 2022122121
62.6 6 0 0 127 16671 2022122121
62.9 6 0 0 131 17425 2022122121
62.2 6 0 0 137 16162 2022122121
62.6 6 0 0 139 18287 2022122121
62.6 6 0 0 144 18960 2022122121
62.6 6 0 0 148 19371 2022122121
62.7 6 0 0 152 19828 2022122121
62.4 6 0 0 156 20468 2022122121
62.6 6 0 0 159 20910 2022122121
62.7 6 0 0 164 21653 2022122121
62.6 6 0 1 117 15149 2022122121
62.6 6 0 0 121 15788 2022122121
62.4 6 0 0 124 16411 2022122121
62.6 6 0 0 130 17100 2022122121
31.5 3 0 0 131 17416 2022122121
62.4 6 0 0 135 17879 2022122121
62.6 6 0 0 139 18185 2022122121
62.7 6 0 0 144 18736 2022122121
62.4 6 0 0 148 19388 2022122121
62.6 6 0 0 152 19912 2022122121
62.9 6 0 0 155 20474 2022122121
62.2 6 0 0 159 21308 2022122121
62.6 6 0 0 162 21523 2022122121
52.2 5 0 1 115 15128 2022122121
62.6 6 0 0 120 15598 2022122121
62.4 6 0 0 124 16220 2022122121
62.6 6 0 0 128 16647 2022122121
62.9 6 0 0 132 17384 2022122121
62.2 6 0 0 137 18162 2022122121
62.6 6 0 0 141 18318 2022122121
62.6 6 0 0 145 18920 2022122121
62.6 6 0 0 149 19581 2022122121
62.7 6 0 0 152 20075 2022122121
62.4 6 0 0 156 20857 2022122121
62.6 6 0 0 159 21058 2022122121
62.7 6 0 0 164 20892 2022122121
62.4 6 0 1 117 15213 2022122121
62.7 6 0 0 121 15982 2022122121
62.4 6 0 0 125 16313 2022122121
62.6 6 0 0 130 17073 2022122121
62.9 6 0 0 134 17727 2022122121
30.9 3 0 0 137 17966 2022122121
62.6 6 0 0 139 18495 2022122121
62.7 6 0 0 144 18963 2022122121
62.4 6 0 0 148 19655 2022122121
62.6 6 0 0 152 20032 2022122121
62.6 6 0 0 156 20003 2022122121
62.6 6 0 0 161 21181 2022122121
62.6 6 0 0 164 21607 2022122121
62.7 6 0 1 117 15138 2022122121
62.4 6 0 0 121 15792 2022122121
62.6 6 0 0 125 16278 2022122121
62.6 6 0 0 130 16871 2022122121
62.6 6 0 0 134 17576 2022122121
62.6 6 0 0 138 17900 2022122121
62.6 6 0 0 142 18599 2022122121
62.7 6 0 0 147 18975 2022122121
62.4 6 0 0 151 19775 2022122121
62.6 6 0 0 154 20384 2022122121
62.7 6 0 0 158 20757 2022122121
62.4 6 0 0 161 21063 2022122121
62.6 6 0 1 114 16780 2022122121
31.5 3 0 0 117 15207 2022122121
62.4 6 0 0 121 15619 2022122121
62.7 6 0 0 125 16312 2022122121
62.4 6 0 0 130 17034 2022122121
62.6 6 0 0 134 17448 2022122121
62.7 6 0 0 138 18172 2022122121
62.4 6 0 0 141 18541 2022122121
62.6 6 0 0 145 19300 2022122121
62.6 6 0 0 149 19674 2022122121
62.6 6 0 0 154 20085 2022122121
62.7 6 0 0 158 20638 2022122121
62.4 6 0 0 161 20878 2022122121
62.6 6 0 1 124 21834 2022122121
52.1 5 0 0 118 15254 2022122121
62.6 6 0 0 121 15925 2022122121
62.6 6 0 0 125 16587 2022122121
62.6 6 0 0 131 17180 2022122121
62.7 6 0 0 134 17546 2022122121
62.4 6 0 0 138 18200 2022122121
62.6 6 0 0 142 18624 2022122121
62.7 6 0 0 147 19387 2022122121
62.4 6 0 0 151 19707 2022122121
62.6 6 0 0 155 20378 2022122121
62.6 6 0 0 159 20938 2022122121
62.6 6 0 0 162 21273 2022122121
62.7 6 0 1 115 15528 2022122121
62.4 6 0 0 120 15552 2022122121
62.6 6 0 0 124 16285 2022122121
31.5 3 0 0 125 16607 2022122121
62.4 6 0 0 131 17095 2022122121
62.6 6 0 0 134 17714 2022122121
62.9 6 0 0 138 18157 2022122121
62.2 6 0 0 142 18609 2022122121
62.6 6 0 0 147 19020 2022122121
62.6 6 0 0 151 19747 2022122121
62.6 6 0 0 155 20409 2022122121
62.7 6 0 0 158 20882 2022122121
62.4 6 0 0 161 21272 2022122121
62.6 6 0 1 114 16551 2022122121
62.6 6 0 0 118 15562 2022122121
62.6 6 0 0 123 16262 2022122121
62.7 6 0 0 127 16868 2022122121
62.4 6 0 0 132 17331 2022122121
62.6 6 0 0 137 17872 2022122121
62.7 6 0 0 139 18383 2022122121
62.4 6 0 0 144 18978 2022122121
62.6 6 0 0 148 19351 2022122121
62.6 6 0 0 152 20078 2022122121
31.3 3 0 0 154 20448 2022122121
62.6 6 0 0 158 20193 2022122121
62.7 6 0 0 161 21263 2022122121
62.4 6 0 1 114 19608 2022122121
62.9 6 0 0 118 15630 2022122121
62.2 6 0 0 123 15968 2022122121
62.6 6 0 0 127 16337 2022122121
62.9 6 0 0 132 17390 2022122121
62.2 6 0 0 135 17830 2022122121
62.6 6 0 0 139 18514 2022122121
62.6 6 0 0 144 18810 2022122121
62.6 6 0 0 148 19948 2022122121
62.7 6 0 0 152 20048 2022122121
62.4 6 0 0 155 20473 2022122121
62.6 6 0 0 161 20902 2022122121
62.7 6 0 0 162 21326 2022122121
52.1 5 0 1 115 15133 2022122121
62.4 6 0 0 120 15530 2022122121
62.6 6 0 0 124 16049 2022122121
62.7 6 0 0 128 16740 2022122121
62.4 6 0 0 132 17387 2022122121
62.6 6 0 0 137 17851 2022122121
62.7 6 0 0 141 18460 2022122121
62.4 6 0 0 145 18925 2022122121
62.6 6 0 0 148 19432 2022122121
62.6 6 0 0 152 20125 2022122121
62.6 6 0 0 156 20816 2022122121
62.6 6 0 0 161 21197 2022122121
31.5 3 0 0 162 21265 2022122121
62.4 6 0 1 115 15155 2022122121
62.7 6 0 0 120 15542 2022122121
62.4 6 0 0 124 16074 2022122121
62.6 6 0 0 127 16791 2022122121
62.9 6 0 0 132 17481 2022122121
62.2 6 0 0 137 17833 2022122121
62.6 6 0 0 141 18345 2022122121
62.6 6 0 0 144 18176 2022122121
62.6 6 0 0 148 19908 2022122121
62.7 6 0 0 152 19913 2022122121
62.4 6 0 0 156 20496 2022122121
62.6 6 0 0 159 20896 2022122121
62.7 6 0 0 164 21594 2022122121
62.4 6 0 1 117 15210 2022122121
62.7 6 0 0 121 15971 2022122121
62.4 6 0 0 125 16302 2022122121
62.6 6 0 0 130 17042 2022122121
62.9 6 0 0 134 17583 2022122121
62.2 6 0 0 138 18177 2022122121
62.6 6 0 0 142 18603 2022122121
31.5 3 0 0 144 18967 2022122121
62.4 6 0 0 148 19399 2022122121
62.6 6 0 0 152 19915 2022122121
62.6 6 0 0 156 20565 2022122121
62.6 6 0 0 161 21244 2022122121
62.6 6 0 0 164 21297 2022122121
62.7 6 0 1 117 15221 2022122121
62.4 6 0 0 121 15735 2022122121
62.6 6 0 0 125 16404 2022122121
62.6 6 0 0 130 16997 2022122121
62.6 6 0 0 134 17611 2022122121
62.6 6 0 0 138 17822 2022122121
62.6 6 0 0 142 18571 2022122121
62.7 6 0 0 147 19308 2022122121
62.4 6 0 0 151 19721 2022122121
62.6 6 0 0 154 20397 2022122121
62.9 6 0 0 158 20738 2022122121
62.2 6 0 0 161 20867 2022122121
62.6 6 0 1 114 17299 2022122121
62.6 6 0 0 118 15544 2022122121
62.6 6 0 0 123 16302 2022122121
31.5 3 0 0 125 16355 2022122121
62.4 6 0 0 130 16990 2022122121
62.6 6 0 0 134 17491 2022122121
62.7 6 0 0 138 18217 2022122121
62.4 6 0 0 141 18570 2022122121
62.6 6 0 0 145 19224 2022122121
62.6 6 0 0 149 19763 2022122121
62.6 6 0 0 154 20119 2022122121
62.7 6 0 0 158 20585 2022122121
62.4 6 0 0 161 21285 2022122121
62.6 6 0 1 121 21880 2022122121
52.1 5 0 0 118 15240 2022122121
62.6 6 0 0 121 15919 2022122121
62.6 6 0 0 125 16387 2022122121
62.6 6 0 0 131 17145 2022122121
62.6 6 0 0 134 17839 2022122121
62.6 6 0 0 138 18240 2022122121
62.6 6 0 0 142 18604 2022122121
62.7 6 0 0 147 19134 2022122121
62.4 6 0 0 151 19780 2022122121
62.6 6 0 0 155 20307 2022122121
62.6 6 0 0 159 20905 2022122121
62.6 6 0 0 161 21201 2022122121
62.7 6 0 1 115 15348 2022122121
62.4 6 0 0 120 13238 2022122121
62.6 6 0 0 124 16298 2022122121
62.6 6 0 0 127 16367 2022122121
31.3 3 0 0 131 17072 2022122121
62.6 6 0 0 134 17645 2022122121
62.7 6 0 0 138 18263 2022122121
62.4 6 0 0 142 18631 2022122121
62.6 6 0 0 147 19318 2022122121
62.6 6 0 0 151 19858 2022122121
62.6 6 0 0 155 20159 2022122121
62.7 6 0 0 158 20729 2022122121
62.4 6 0 0 161 21341 2022122121
60.1 3473 0 53 161 21341 2022122121
