13.7 2 0 2 1129 117866 2022121603
0.00 0 1 0 1129 117866 2022121603
12.3 2 0 0 1129 117866 2022121603
17.1 2 0 0 1129 117866 2022121603
41.9 4 0 0 1129 117866 2022121603
104 11 0 0 1129 117866 2022121603
62.9 6 0 0 1129 117866 2022121603
140 14 0 0 1129 117866 2022121603
77.9 8 0 0 1129 117866 2022121603
36.4 4 0 0 1129 117866 2022121603
41.6 4 0 0 1129 117866 2022121603
114 11 0 0 1129 117866 2022121603
52.0 5 0 0 1129 117866 2022121603
77.9 8 0 0 1129 117866 2022121603
46.8 5 0 0 1129 117866 2022121603
62.4 6 0 0 1129 117866 2022121603
135 13 0 0 1129 117866 2022121603
46.8 5 0 0 1129 117866 2022121603
130 13 0 0 1129 117866 2022121603
0.00 0 1 0 1129 117866 2022121603
72.7 7 0 0 1129 117866 2022121603
83.1 9 0 0 1129 117866 2022121603
77.9 8 0 0 1129 117866 2022121603
46.8 5 0 0 1129 117866 2022121603
36.4 4 0 0 1129 117866 2022121603
88.4 9 0 0 1129 117866 2022121603
77.8 8 0 0 1129 117866 2022121603
36.4 4 0 0 1129 117866 2022121603
88.3 9 0 0 1129 117866 2022121603
41.6 4 0 0 1129 117866 2022121603
125 12 0 0 1129 117866 2022121603
46.8 5 0 0 1129 117866 2022121603
41.6 4 0 0 1129 117866 2022121603
88.3 9 0 0 1129 117866 2022121603
93.5 10 0 0 1129 117866 2022121603
88.3 9 0 0 1129 117866 2022121603
46.8 5 0 0 1138 117109 2022121603
93.5 9 0 0 1148 113395 2022121603
46.8 5 0 0 1152 120279 2022121603
140 14 0 0 1166 117498 2022121603
46.8 5 0 0 1170 119342 2022121603
88.3 9 0 0 1178 117645 2022121603
52.0 5 0 0 1183 117665 2022121603
72.9 7 0 0 1187 119405 2022121603
119 12 0 0 1201 117574 2022121603
57.2 6 0 0 1201 117574 2022121603
36.4 4 0 0 1207 121211 2022121603
98.7 10 0 0 1216 117083 2022121603
98.7 10 0 0 1223 118685 2022121603
98.7 10 0 1 584 117172 2022121603
52.0 5 0 0 97 116968 2022121603
0.00 0 1 0 857 119400 2022121603
98.7 10 1 0 872 118916 2022121603
67.6 7 0 27 634 118759 2022121603
0.00 0 0 0 635 118759 2022121603
0.00 0 0 0 635 118759 2022121603
0.00 0 0 0 635 118759 2022121603
0.00 0 0 0 635 118759 2022121603
0.00 0 0 0 635 118759 2022121603
126 12 0 0 635 118759 2022121603
103 10 0 0 645 116854 2022121603
52.0 5 0 0 652 116995 2022121603
52.0 5 0 0 654 118224 2022121603
36.4 4 0 0 659 122925 2022121603
72.7 8 0 0 666 118242 2022121603
31.2 3 0 0 668 113417 2022121603
52.0 5 0 0 674 112988 2022121603
20.8 2 0 0 677 122934 2022121603
62.4 6 0 0 681 118560 2022121603
36.4 4 0 0 685 118720 2022121603
46.8 5 0 0 689 117195 2022121603
26.0 3 0 0 692 118788 2022121603
83.1 8 0 0 697 117013 2022121603
31.2 3 0 0 699 118719 2022121603
41.6 4 0 0 701 118637 2022121603
41.6 4 0 0 704 117790 2022121603
72.7 7 0 0 708 118914 2022121603
41.6 4 0 0 711 117743 2022121603
31.2 3 0 0 712 118725 2022121603
41.6 4 0 0 714 118943 2022121603
72.7 8 0 0 718 118983 2022121603
46.8 5 0 0 719 118697 2022121603
41.6 4 0 0 721 117530 2022121603
31.2 3 0 0 722 118783 2022121603
88.3 9 0 0 725 117123 2022121603
31.2 3 0 0 726 118344 2022121603
41.6 4 0 0 728 118892 2022121603
41.6 4 0 0 729 117012 2022121603
77.9 8 0 0 730 118823 2022121603
41.6 4 0 0 732 113107 2022121603
31.2 3 0 0 733 114591 2022121603
41.6 4 0 0 734 118601 2022121603
67.6 7 0 0 734 116886 2022121603
10.4 1 0 0 736 119132 2022121603
88.3 9 0 0 737 121394 2022121603
31.2 3 0 0 739 119338 2022121603
57.2 6 0 0 739 113425 2022121603
31.2 3 0 0 740 117399 2022121603
93.5 9 0 0 740 117049 2022121603
26.0 3 0 0 741 117956 2022121603
31.2 3 0 0 741 119305 2022121603
57.2 6 0 0 741 117902 2022121603
67.6 7 0 0 743 115910 2022121603
52.0 5 0 0 743 117610 2022121603
36.4 4 0 0 743 117878 2022121603
31.2 3 0 0 743 119178 2022121603
88.3 9 0 0 743 117373 2022121603
36.4 4 0 0 743 119158 2022121603
52.0 5 0 0 743 117062 2022121603
31.2 3 0 0 743 117774 2022121603
88.3 9 0 0 743 117850 2022121603
36.4 4 0 0 743 118073 2022121603
31.2 3 0 0 743 120023 2022121603
52.0 5 0 0 743 117632 2022121603
72.7 8 0 0 743 119321 2022121603
52.0 5 0 0 743 117893 2022121603
31.2 3 0 0 743 117525 2022121603
36.4 4 0 0 743 119404 2022121603
88.3 9 0 0 743 117708 2022121603
31.2 3 0 0 743 120504 2022121603
57.2 6 0 0 743 117778 2022121603
31.2 3 0 0 743 117993 2022121603
88.3 9 0 0 743 118057 2022121603
36.4 4 0 0 743 118079 2022121603
31.2 3 0 0 743 119272 2022121603
52.0 5 0 0 743 117817 2022121603
67.6 7 0 0 743 122204 2022121603
52.0 5 0 0 743 118113 2022121603
36.4 4 0 0 743 117924 2022121603
36.4 4 0 0 744 118134 2022121603
62.4 6 0 0 744 116985 2022121603
20.8 2 0 0 744 118213 2022121603
98.7 10 0 0 744 117196 2022121603
20.8 2 0 0 747 122665 2022121603
67.6 7 0 0 747 120713 2022121603
0.00 0 0 0 747 120713 2022121603
114 11 0 0 747 117890 2022121603
36.4 4 0 0 748 113329 2022121603
26.0 3 0 0 748 118775 2022121603
57.2 6 0 0 750 118366 2022121603
67.6 7 0 0 751 119220 2022121603
52.0 5 0 0 751 117694 2022121603
41.6 4 0 0 752 117253 2022121603
26.0 3 0 0 754 119486 2022121603
93.5 10 0 0 755 117518 2022121603
31.2 3 0 0 757 116483 2022121603
57.2 6 0 0 757 117606 2022121603
31.2 3 0 0 758 118035 2022121603
93.5 10 0 0 761 117617 2022121603
31.2 3 0 0 762 118059 2022121603
31.2 3 0 0 763 119553 2022121603
62.4 6 0 0 765 117485 2022121603
62.4 6 0 0 769 119458 2022121603
62.4 6 0 0 770 117272 2022121603
31.2 3 0 0 772 117790 2022121603
31.2 3 0 0 776 117859 2022121603
67.6 7 0 0 777 113004 2022121603
20.8 2 0 0 779 121643 2022121603
104 10 0 0 784 113099 2022121603
26.0 3 0 0 785 113972 2022121603
67.6 7 0 0 788 117056 2022121603
31.2 3 0 0 791 117375 2022121603
98.7 10 0 0 797 117106 2022121603
31.2 3 0 0 799 117161 2022121603
26.0 3 0 0 802 118372 2022121603
67.6 7 0 0 805 117196 2022121603
67.6 7 0 0 810 119127 2022121603
62.4 6 0 0 816 117023 2022121603
31.2 3 0 0 819 117673 2022121603
36.4 4 0 0 821 119212 2022121603
98.7 10 0 0 830 117205 2022121603
36.4 4 0 0 832 117465 2022121603
57.2 6 0 0 839 117981 2022121603
46.8 5 0 0 842 117026 2022121603
93.5 9 0 0 852 116967 2022121603
31.2 3 0 0 856 117043 2022121603
36.4 4 0 0 859 118570 2022121603
67.6 7 0 0 865 117333 2022121603
72.7 8 0 0 874 118962 2022121603
67.6 7 0 0 878 118883 2022121603
36.4 4 0 0 886 121609 2022121603
36.4 4 0 0 890 113398 2022121603
104 10 0 0 901 113297 2022121603
41.6 4 0 0 907 118141 2022121603
46.8 5 0 0 912 119376 2022121603
62.4 6 0 0 921 117740 2022121603
83.1 8 0 0 932 119156 2022121603
62.4 6 0 0 940 117868 2022121603
46.8 5 0 0 945 117923 2022121603
41.6 4 0 0 951 119204 2022121603
109 11 0 0 966 117505 2022121603
46.8 5 0 0 973 119127 2022121603
62.4 6 0 0 983 118091 2022121603
46.8 5 0 0 990 117740 2022121603
114 11 0 0 1006 118078 2022121603
52.0 5 0 0 1007 116847 2022121603
26.0 3 0 0 1007 122278 2022121603
83.1 8 0 0 1027 117064 2022121603
83.1 9 0 0 1045 119365 2022121603
72.7 7 0 0 1057 117047 2022121603
46.8 5 0 0 1067 117301 2022121603
46.8 5 0 22 518 115201 2022121603
67.6 7 0 27 736 119795 2022121603
0.00 0 1 0 759 118381 2022121603
93.5 9 0 0 761 117021 2022121603
26.0 3 0 0 770 123274 2022121603
62.4 6 0 0 791 117622 2022121603
62.4 6 0 0 798 117794 2022121603
62.4 6 0 0 806 117002 2022121603
31.2 3 0 0 814 117841 2022121603
93.5 10 0 0 832 117469 2022121603
36.4 4 0 0 839 117195 2022121603
36.4 4 0 0 845 119396 2022121603
62.4 6 0 0 852 117910 2022121603
77.9 8 0 0 865 119224 2022121603
62.4 6 0 0 874 117056 2022121603
36.4 4 0 0 879 117770 2022121603
41.6 4 0 0 883 117348 2022121603
98.7 10 0 0 899 118171 2022121603
41.6 4 0 0 905 119462 2022121603
67.6 7 0 0 912 117720 2022121603
36.4 4 0 0 916 117768 2022121603
109 11 0 0 929 117207 2022121603
41.6 4 0 0 933 118039 2022121603
46.8 5 0 0 937 119299 2022121603
67.6 7 0 0 944 116928 2022121603
83.1 9 0 0 952 119209 2022121603
67.6 7 0 0 959 117078 2022121603
41.6 4 0 0 963 118285 2022121603
46.8 5 0 0 966 119287 2022121603
109 11 0 0 976 118246 2022121603
46.8 5 0 0 979 119342 2022121603
72.7 7 0 0 984 117240 2022121603
36.4 4 0 0 987 118013 2022121603
120 12 0 0 995 117063 2022121603
46.8 5 0 0 998 117686 2022121603
46.8 5 0 0 1001 119133 2022121603
72.7 7 0 0 1005 112901 2022121603
88.3 9 0 0 1010 119271 2022121603
72.7 7 0 0 1013 117640 2022121603
41.6 4 0 0 1023 119085 2022121603
0.00 0 0 0 1023 119085 2022121603
166 16 0 0 1025 117158 2022121603
52.0 5 0 0 1027 119219 2022121603
67.6 7 0 0 1030 117718 2022121603
46.8 5 0 0 1031 118123 2022121603
125 12 0 0 1036 117424 2022121603
46.8 5 0 0 1038 118146 2022121603
52.0 5 0 0 1039 119278 2022121603
67.6 7 0 0 1042 117190 2022121603
98.7 10 0 0 1045 119061 2022121603
72.7 7 0 0 1047 117719 2022121603
46.8 5 0 0 1049 114058 2022121603
52.0 5 0 0 1050 118611 2022121603
120 12 0 0 1053 118002 2022121603
52.0 5 0 0 1054 118748 2022121603
67.6 7 0 0 1056 117409 2022121603
52.0 5 0 0 1056 117647 2022121603
120 12 0 0 1059 118069 2022121603
52.0 5 0 0 1059 117964 2022121603
52.0 5 0 0 1060 118764 2022121603
67.6 7 0 0 1061 117791 2022121603
109 11 0 0 1063 118695 2022121603
62.4 6 0 0 1064 117767 2022121603
57.2 6 0 0 1064 117899 2022121603
52.0 5 0 0 1065 118712 2022121603
120 12 0 0 1067 117764 2022121603
57.2 6 0 0 1067 113518 2022121603
62.4 6 0 0 1067 121270 2022121603
57.2 6 0 0 1068 113943 2022121603
120 12 0 0 1068 117685 2022121603
52.0 5 0 0 1068 117550 2022121603
57.2 6 0 0 1070 113837 2022121603
57.2 6 0 0 1070 118133 2022121603
120 12 0 0 1070 117452 2022121603
57.2 6 0 0 1070 117717 2022121603
57.2 6 0 0 1070 117415 2022121603
57.2 6 0 0 1070 117353 2022121603
120 12 0 0 1070 117375 2022121603
57.2 6 0 0 1070 117482 2022121603
57.2 6 0 0 1070 117425 2022121603
57.2 6 0 0 1070 117822 2022121603
120 12 0 0 1070 117684 2022121603
57.2 6 0 0 1070 117712 2022121603
57.2 6 0 0 1070 117638 2022121603
57.2 6 0 0 1070 117557 2022121603
120 12 0 0 1070 117764 2022121603
57.2 6 0 0 1070 117521 2022121603
57.2 6 0 0 1070 118417 2022121603
62.4 6 0 0 1070 117567 2022121603
109 11 0 0 1070 121650 2022121603
62.4 6 0 0 1070 117455 2022121603
57.2 6 0 0 1070 112984 2022121603
57.2 6 0 0 1070 118411 2022121603
120 12 0 0 1070 117181 2022121603
57.2 6 0 0 1070 117973 2022121603
57.2 6 0 0 1070 117671 2022121603
62.4 6 0 0 1070 117148 2022121603
114 11 0 0 1071 117616 2022121603
0.00 0 0 0 1071 117616 2022121603
109 11 0 0 1071 118123 2022121603
77.9 8 0 0 1071 116895 2022121603
52.0 5 0 0 1071 116989 2022121603
46.8 5 0 0 1072 119033 2022121603
125 12 0 0 1072 117835 2022121603
52.0 5 0 0 1074 118480 2022121603
67.6 7 0 0 1074 117471 2022121603
52.0 5 0 0 1075 117834 2022121603
125 13 0 0 1075 117200 2022121603
52.0 5 0 0 1076 117386 2022121603
57.2 6 0 0 1078 118325 2022121603
62.4 6 0 0 1078 117170 2022121603
109 11 0 0 1081 118141 2022121603
67.6 7 0 0 1081 117070 2022121603
52.0 5 0 0 1082 113555 2022121603
57.2 6 0 0 1082 114135 2022121603
120 12 0 0 1085 118006 2022121603
62.4 6 0 0 1086 114366 2022121603
62.4 6 0 0 1087 119174 2022121603
57.2 6 0 0 1089 117748 2022121603
98.7 10 0 0 1092 119279 2022121603
77.9 8 0 0 1093 116998 2022121603
10.4 1 0 0 1094 119150 2022121603
72.7 7 0 0 1097 117371 2022121603
104 10 0 0 1100 118781 2022121603
72.7 7 0 0 1103 117379 2022121603
52.0 5 0 0 1105 117598 2022121603
57.2 6 0 0 1107 118390 2022121603
125 13 0 0 1111 117765 2022121603
57.2 6 0 0 1114 118610 2022121603
67.6 7 0 0 1116 117568 2022121603
57.2 6 0 0 1119 117808 2022121603
125 13 0 0 1125 117921 2022121603
57.2 6 0 0 1127 117948 2022121603
57.2 6 0 0 1130 118985 2022121603
72.7 7 0 0 1133 117760 2022121603
109 11 0 0 1138 118964 2022121603
72.7 7 0 0 1143 117960 2022121603
57.2 6 0 0 1147 113921 2022121603
57.2 6 0 0 1150 118761 2022121603
130 13 0 0 1158 117154 2022121603
57.2 6 0 0 1162 118848 2022121603
72.7 7 0 0 1166 113402 2022121603
57.2 6 0 0 1170 117615 2022121603
135 13 0 0 1178 117379 2022121603
57.2 6 0 0 1184 117178 2022121603
57.2 6 0 0 1187 118532 2022121603
72.7 7 0 0 1194 117018 2022121603
62.4 6 0 0 1216 117773 2022121603
0.00 0 0 0 1216 117773 2022121603
0.00 0 0 0 1216 117773 2022121603
0.00 0 0 0 1216 117773 2022121603
0.00 0 0 0 1216 117773 2022121603
0.00 0 0 0 1216 117773 2022121603
330 32 1 0 1231 118528 2022121603
0.00 0 0 0 1231 118528 2022121603
130 13 0 0 1236 117100 2022121603
62.4 6 0 0 1243 117648 2022121603
77.9 8 0 0 1254 478388 2022121603
0.00 0 0 0 1301 478388 2022121603
168 16 0 0 1301 478388 2022121603
0.00 0 0 0 1301 478388 2022121603
0.00 0 0 0 1301 478388 2022121603
0.00 0 0 0 1301 478388 2022121603
0.00 0 0 0 1301 478388 2022121603
123 12 0 0 1334 117279 2022121603
0.00 0 0 0 1334 117279 2022121603
0.00 0 0 0 1334 117279 2022121603
192 19 0 0 1356 175035 2022121603
0.00 0 0 0 1383 175035 2022121603
0.00 0 0 0 1383 175035 2022121603
147 14 0 0 1383 183506 2022121603
157 15 0 0 1384 183506 2022121603
0.00 0 0 0 1384 183506 2022121603
38.9 4 0 0 1384 118583 2022121603
0.00 0 1 0 1410 117175 2022121603
46.8 5 0 0 1424 117926 2022121603
72.7 7 0 0 1438 118455 2022121603
156 16 0 8 992 118890 2022121603
5.20 1 0 0 1010 117976 2022121603
77.9 8 0 0 1028 112896 2022121603
46.8 5 0 0 1039 121088 2022121603
120 12 0 0 1061 117168 2022121603
46.8 5 0 0 1071 117111 2022121603
36.4 4 0 0 1076 118599 2022121603
88.3 9 0 0 1090 116981 2022121603
88.3 9 0 0 1141 119300 2022121603
0.00 0 0 0 1141 119300 2022121603
0.00 0 0 0 1141 119300 2022121603
0.00 0 0 0 1141 119300 2022121603
0.00 0 0 0 1141 119300 2022121603
147 14 0 0 1141 119595 2022121603
183 18 1 1 1125 117734 2022121603
93.5 9 0 0 810 118244 2022121603
5.20 1 0 0 812 119707 2022121603
93.5 9 0 0 823 117001 2022121603
31.2 3 0 0 830 116924 2022121603
36.4 4 0 0 841 117782 2022121603
72.7 7 0 0 845 116981 2022121603
20.8 2 0 0 849 119254 2022121603
109 11 0 0 860 117619 2022121603
31.2 3 0 0 864 119134 2022121603
67.6 7 0 0 870 117136 2022121603
36.4 4 0 0 875 117701 2022121603
104 11 0 0 883 117690 2022121603
41.6 4 0 0 888 117393 2022121603
36.4 4 0 0 890 119240 2022121603
67.6 7 0 0 897 117623 2022121603
77.9 8 0 0 903 119268 2022121603
67.6 7 0 0 908 117623 2022121603
41.6 4 0 0 911 117249 2022121603
36.4 4 0 0 912 119369 2022121603
109 11 0 0 921 117266 2022121603
41.6 4 0 0 923 119147 2022121603
67.6 7 0 0 926 117083 2022121603
41.6 4 0 0 929 117281 2022121603
109 11 0 0 934 117668 2022121603
41.6 4 0 0 937 117593 2022121603
41.6 4 0 0 940 115461 2022121603
67.6 7 0 0 943 113588 2022121603
88.3 9 0 0 947 119188 2022121603
62.4 6 0 0 950 117346 2022121603
46.8 5 0 0 952 117827 2022121603
41.6 4 0 0 954 119332 2022121603
114 12 0 0 958 117824 2022121603
41.6 4 0 0 961 117633 2022121603
0.00 0 0 0 961 117633 2022121603
109 11 0 0 962 117203 2022121603
114 12 0 0 965 117996 2022121603
46.8 5 0 0 966 117644 2022121603
41.6 4 0 0 967 119401 2022121603
72.7 7 0 0 969 117034 2022121603
88.3 9 0 0 972 119338 2022121603
67.6 7 0 0 972 117462 2022121603
46.8 5 0 0 973 118014 2022121603
46.8 5 0 0 974 118335 2022121603
109 11 0 0 976 113815 2022121603
46.8 5 0 0 977 118536 2022121603
57.2 6 0 0 977 114602 2022121603
57.2 6 0 0 979 118021 2022121603
98.7 10 0 0 980 118783 2022121603
62.4 6 0 0 981 117918 2022121603
46.8 5 0 0 981 118635 2022121603
52.0 5 0 0 981 118961 2022121603
104 11 0 0 983 118611 2022121603
57.2 6 0 0 983 118612 2022121603
57.2 6 0 0 983 118353 2022121603
46.8 5 0 0 983 118585 2022121603
114 12 0 0 984 114201 2022121603
46.8 5 0 0 984 114850 2022121603
57.2 6 0 0 984 119001 2022121603
57.2 6 0 0 984 113797 2022121603
104 11 0 0 984 118823 2022121603
57.2 6 0 0 984 118111 2022121603
46.8 5 0 0 984 118446 2022121603
52.0 5 0 0 984 118779 2022121603
62.4 6 0 0 984 117210 2022121603
0.00 0 0 0 984 117210 2022121603
0.00 0 0 0 984 117210 2022121603
0.00 0 0 0 984 117210 2022121603
0.00 0 0 0 984 117210 2022121603
271 26 0 0 984 117750 2022121603
83.1 8 0 0 984 117650 2022121603
46.8 5 0 0 984 119419 2022121603
114 12 0 0 984 117755 2022121603
41.6 4 0 0 984 119884 2022121603
72.7 7 0 0 984 117837 2022121603
46.8 5 0 0 984 118199 2022121603
114 11 0 0 984 119167 2022121603
0.00 0 0 0 984 119167 2022121603
120 12 0 0 984 117147 2022121603
52.0 5 0 0 984 118123 2022121603
62.4 6 0 0 984 119055 2022121603
46.8 5 0 0 984 114186 2022121603
52.0 5 0 0 985 117582 2022121603
109 11 0 0 985 116973 2022121603
31.2 3 0 0 985 117735 2022121603
77.9 8 0 2 1116 7289038 2022121603
83.1 8 0 0 1178 7289038 2022121603
77.9 8 0 0 1178 7289038 2022121603
41.6 4 0 0 1178 7289038 2022121603
41.6 4 0 0 1178 7289038 2022121603
83.1 8 0 0 1178 7289038 2022121603
67.6 7 0 0 1178 7289038 2022121603
46.8 5 0 0 1178 7289038 2022121603
120 12 0 0 1178 7289038 2022121603
77.9 8 0 0 1178 7289038 2022121603
46.8 5 0 0 1178 7289038 2022121603
41.6 4 0 0 1178 7289038 2022121603
72.7 7 0 0 1178 7289038 2022121603
93.5 10 0 0 1178 7289038 2022121603
67.6 7 0 0 1178 7289038 2022121603
52.0 5 0 0 1178 7289038 2022121603
26.0 3 0 0 1178 7289038 2022121603
135 14 0 0 1178 7289038 2022121603
31.2 3 0 0 1178 7289038 2022121603
83.1 8 0 0 1178 7289038 2022121603
46.8 5 0 0 1178 7289038 2022121603
120 12 0 0 1178 7289038 2022121603
41.6 4 0 0 1178 7289038 2022121603
36.4 4 0 0 1178 7289038 2022121603
83.1 8 0 0 1178 7289038 2022121603
83.1 9 0 0 1178 7289038 2022121603
83.1 8 0 0 1178 7289038 2022121603
41.6 4 0 0 1178 7289038 2022121603
41.6 4 0 0 1178 7289038 2022121603
125 12 0 0 1178 7289038 2022121603
46.8 5 0 0 1178 7289038 2022121603
77.9 8 0 0 1178 7289038 2022121603
46.8 5 0 0 1178 7289038 2022121603
125 12 0 0 1178 7289038 2022121603
41.6 4 0 0 1178 7289038 2022121603
46.8 5 0 0 1178 7289038 2022121603
83.1 8 0 0 1178 7289038 2022121603
88.3 9 0 0 1178 7289038 2022121603
83.1 8 0 0 1178 7289038 2022121603
41.6 4 0 0 1178 7289038 2022121603
46.8 5 0 0 1178 7289038 2022121603
130 13 0 0 1178 7289038 2022121603
46.8 5 0 0 1178 7289038 2022121603
83.1 8 0 0 1178 7289038 2022121603
46.8 5 0 0 1178 7289038 2022121603
83.1 8 0 0 1178 7289038 2022121603
88.3 9 0 0 1178 7289038 2022121603
46.8 5 0 0 1178 7289038 2022121603
46.8 5 0 0 1178 7289038 2022121603
140 14 0 0 1178 7289038 2022121603
41.6 4 0 0 1178 7289038 2022121603
93.5 9 0 0 1178 7289038 2022121603
46.8 5 0 0 1178 7289038 2022121603
140 14 0 0 1178 7289038 2022121603
46.8 5 0 0 1178 7289038 2022121603
46.8 5 0 0 1178 7289038 2022121603
98.7 10 0 0 1178 7289038 2022121603
57.2 6 1 0 1178 7289038 2022121603
0.00 0 1 0 1178 7289038 2022121603
62.4 6 0 0 1178 7289038 2022121603
36.4 4 0 0 1178 7289038 2022121603
104 10 0 0 1178 7289038 2022121603
36.4 4 0 0 1178 7289038 2022121603
36.4 4 0 0 1178 7289038 2022121603
67.6 7 0 0 1178 7289038 2022121603
77.9 8 0 0 1178 7289038 2022121603
72.7 7 0 0 1178 7289038 2022121603
41.6 4 0 0 1178 7289038 2022121603
36.4 4 0 0 1178 7289038 2022121603
0.00 0 0 0 1178 7289038 2022121603
0.00 0 0 0 1178 7289038 2022121603
229 22 0 0 1178 7289038 2022121603
41.6 4 0 0 1178 7289038 2022121603
120 12 0 0 1178 7289038 2022121603
41.6 4 0 0 1178 7289038 2022121603
0.00 0 0 0 1178 7289038 2022121603
0.00 0 0 0 1178 7289038 2022121603
161 16 0 0 1178 7289038 2022121603
125 12 0 0 1178 7289038 2022121603
41.6 4 0 0 1178 7289038 2022121603
46.8 5 0 0 1178 7289038 2022121603
125 13 0 0 1178 7289038 2022121603
46.8 5 0 0 1178 7289038 2022121603
77.9 8 0 0 1178 7289038 2022121603
46.8 5 0 0 1178 7289038 2022121603
130 13 0 0 1178 7289038 2022121603
46.8 5 0 0 1178 7289038 2022121603
46.8 5 0 0 1178 7289038 2022121603
77.9 8 0 0 1178 7289038 2022121603
98.7 10 0 0 1178 7289038 2022121603
0.00 0 0 0 1178 7289038 2022121603
161 16 0 0 1178 7289038 2022121603
0.00 0 0 0 1178 7289038 2022121603
94.4 9 0 0 1178 7289038 2022121603
0.00 0 0 0 1178 7289038 2022121603
0.00 0 0 0 1178 7289038 2022121603
0.00 0 0 0 1178 7289038 2022121603
0.00 0 0 0 1178 7289038 2022121603
0.00 0 0 0 1178 7289038 2022121603
0.00 0 0 0 1178 7289038 2022121603
0.00 0 0 0 1178 7289038 2022121603
0.00 0 0 0 1178 7289038 2022121603
0.00 0 0 0 1178 7289038 2022121603
0.00 0 0 0 1178 7289038 2022121603
0.00 0 0 0 1178 7289038 2022121603
0.00 0 0 0 1178 7289038 2022121603
0.00 0 0 0 1178 7289038 2022121603
0.00 0 0 0 1178 7289038 2022121603
0.00 0 0 0 1178 7289038 2022121603
0.00 0 0 0 1178 7289038 2022121603
0.00 0 0 0 1178 7289038 2022121603
0.00 0 0 0 1178 7289038 2022121603
0.00 0 0 0 1178 7289038 2022121603
0.00 0 0 0 1178 7289038 2022121603
0.00 0 0 0 1178 7289038 2022121603
0.00 0 0 0 1178 7289038 2022121603
0.00 0 0 0 1178 7289038 2022121603
0.00 0 0 0 1178 7289038 2022121603
0.00 0 0 0 1178 7289038 2022121603
0.00 0 0 0 1178 7289038 2022121603
0.00 0 0 0 1178 7289038 2022121603
0.00 0 0 0 1178 7289038 2022121603
0.00 0 0 0 1178 7289038 2022121603
0.00 0 0 0 1178 7289038 2022121603
0.00 0 0 0 1178 7289038 2022121603
0.00 0 0 0 1178 7289038 2022121603
0.00 0 0 0 1178 7289038 2022121603
0.00 0 0 0 1178 7289038 2022121603
0.00 0 0 0 1178 7289038 2022121603
0.00 0 0 0 1178 7289038 2022121603
0.00 0 0 0 1178 7289038 2022121603
0.00 0 0 0 1178 7289038 2022121603
0.00 0 0 0 1178 7289038 2022121603
0.00 0 0 0 1178 7289038 2022121603
0.00 0 0 0 1178 7289038 2022121603
0.00 0 0 0 1178 7289038 2022121603
0.00 0 0 0 1178 7289038 2022121603
0.00 0 0 0 1178 7289038 2022121603
0.00 0 0 0 1178 7289038 2022121603
0.00 0 0 0 1178 7289038 2022121603
0.00 0 0 0 1178 7289038 2022121603
0.00 0 0 0 1178 7289038 2022121603
0.00 0 0 0 1178 7289038 2022121603
0.00 0 0 0 1178 7289038 2022121603
0.00 0 0 0 1178 7289038 2022121603
0.00 0 0 0 1178 7289038 2022121603
0.00 0 0 0 1178 7289038 2022121603
0.00 0 0 0 1178 7289038 2022121603
0.00 0 0 0 1178 7289038 2022121603
0.00 0 0 0 1178 7289038 2022121603
0.00 0 0 0 1178 7289038 2022121603
0.00 0 0 0 1178 7289038 2022121603
0.00 0 0 0 1178 7289038 2022121603
0.00 0 0 0 1178 7289038 2022121603
0.00 0 0 0 1178 7289038 2022121603
0.00 0 0 0 1178 7289038 2022121603
0.00 0 0 0 1178 7289038 2022121603
0.00 0 0 0 1178 7289038 2022121603
0.00 0 0 0 1178 7289038 2022121603
0.00 0 0 0 1178 7289038 2022121603
0.00 0 0 0 1178 7289038 2022121603
0.00 0 0 0 1178 7289038 2022121603
0.00 0 0 0 1178 7289038 2022121603
0.00 0 0 0 1178 7289038 2022121603
0.00 0 0 0 1178 7289038 2022121603
0.00 0 0 0 1178 7289038 2022121603
0.00 0 0 0 1178 7289038 2022121603
0.00 0 0 0 1178 7289038 2022121603
0.00 0 0 0 1178 7289038 2022121603
0.00 0 0 0 1178 7289038 2022121603
0.00 0 0 0 1178 7289038 2022121603
0.00 0 0 0 1178 7289038 2022121603
0.00 0 0 0 1178 7289038 2022121603
0.00 0 0 0 1178 7289038 2022121603
0.00 0 0 0 1178 7289038 2022121603
0.00 0 0 0 1178 7289038 2022121603
0.00 0 0 0 1178 7289038 2022121603
0.00 0 0 0 1178 7289038 2022121603
0.00 0 0 0 1178 7289038 2022121603
0.00 0 0 0 1178 7289038 2022121603
0.00 0 0 0 1178 7289038 2022121603
0.00 0 0 0 1178 7289038 2022121603
0.00 0 0 0 1178 7289038 2022121603
0.00 0 0 0 1178 7289038 2022121603
0.00 0 0 0 1178 7289038 2022121603
0.00 0 0 0 1178 7289038 2022121603
0.00 0 0 0 1178 7289038 2022121603
0.00 0 0 0 1178 7289038 2022121603
0.00 0 0 0 1178 7289038 2022121603
0.00 0 0 0 1178 7289038 2022121603
0.00 0 0 0 1178 7289038 2022121603
0.00 0 0 0 1178 7289038 2022121603
0.00 0 0 0 1178 7289038 2022121603
0.00 0 0 0 1178 7289038 2022121603
0.00 0 0 0 1178 7289038 2022121603
0.00 0 0 0 1178 7289038 2022121603
0.00 0 0 0 1178 7289038 2022121603
52.9 3599 10 90 1178 7289038 2022121603
