13.7 2 0 0 27 93534 2022121601
10.4 1 1 0 55 100321 2022121601
39.0 4 1 0 110 92634 2022121601
31.2 3 0 0 220 94937 2022121601
135 13 0 0 441 97253 2022121601
151 15 0 0 881 92718 2022121601
88.3 9 1 0 925 96359 2022121601
72.7 7 1 0 1006 92648 2022121601
20.8 2 0 0 1016 93475 2022121601
140 14 0 0 1070 95376 2022121601
20.8 3 0 93 241 92625 2022121601
0.00 0 2 236 234 92800 2022121601
0.00 0 1 117 252 92121 2022121601
46.8 5 0 143 202 95049 2022121601
10.4 1 1 0 752 93808 2022121601
31.2 3 0 0 757 92827 2022121601
15.6 2 1 204 244 97588 2022121601
5.20 1 1 172 244 98945 2022121601
26.0 3 1 0 529 92384 2022121601
31.2 3 0 0 537 95496 2022121601
41.6 4 0 33 402 92033 2022121601
15.6 2 1 76 106 94475 2022121601
26.0 3 0 63 301 99921 2022121601
0.00 0 1 0 377 98460 2022121601
36.4 4 0 0 384 98591 2022121601
26.0 3 0 0 388 98790 2022121601
36.4 4 0 0 395 94784 2022121601
31.2 3 0 0 395 96473 2022121601
31.2 3 1 0 399 98353 2022121601
31.2 3 0 0 404 98106 2022121601
36.4 4 1 0 406 98242 2022121601
31.2 3 1 0 409 97811 2022121601
31.2 3 0 0 413 97622 2022121601
36.4 4 1 0 416 98157 2022121601
31.2 3 1 0 420 97507 2022121601
31.2 3 0 0 423 98543 2022121601
41.6 4 1 0 426 97599 2022121601
31.2 3 1 0 427 102109 2022121601
31.2 3 0 9 187 97417 2022121601
41.6 4 1 0 300 96941 2022121601
10.4 1 1 0 304 97940 2022121601
20.8 2 0 0 306 98385 2022121601
31.2 4 0 0 310 94107 2022121601
20.8 3 0 0 314 97924 2022121601
26.0 3 0 0 315 98272 2022121601
31.2 3 1 0 319 93737 2022121601
20.8 3 0 0 325 96260 2022121601
20.8 2 0 0 325 97646 2022121601
36.4 4 0 0 330 96007 2022121601
20.8 3 0 0 333 96536 2022121601
36.4 4 0 0 335 97431 2022121601
26.0 3 1 0 337 97034 2022121601
0.00 0 1 0 339 97776 2022121601
36.4 4 0 0 340 93140 2022121601
46.8 5 0 0 343 92089 2022121601
31.2 4 0 0 346 97340 2022121601
5.20 1 0 0 347 98109 2022121601
36.4 4 0 0 348 98968 2022121601
41.6 5 0 0 350 97919 2022121601
5.20 1 0 0 351 98672 2022121601
36.4 4 0 0 354 96335 2022121601
26.0 3 0 0 354 98684 2022121601
31.2 3 0 0 355 98656 2022121601
46.8 5 0 0 357 98306 2022121601
5.20 1 0 0 358 96380 2022121601
36.4 4 0 0 359 108464 2022121601
20.8 2 0 0 359 117941 2022121601
20.8 2 0 0 359 117795 2022121601
20.8 2 0 0 359 117764 2022121601
5.20 1 0 0 359 117775 2022121601
15.6 2 0 0 359 118631 2022121601
0.00 0 1 0 359 117691 2022121601
15.6 2 0 0 359 117644 2022121601
10.4 1 0 0 359 117664 2022121601
10.4 1 0 0 359 114185 2022121601
10.4 1 0 0 359 117966 2022121601
10.4 1 0 0 359 114297 2022121601
5.20 1 0 0 359 117884 2022121601
15.6 2 0 0 359 114184 2022121601
10.4 1 0 0 359 117698 2022121601
10.4 1 0 0 359 117826 2022121601
10.4 1 0 0 359 117653 2022121601
15.6 2 0 0 359 117782 2022121601
10.4 1 0 0 359 117669 2022121601
5.20 1 0 0 359 117752 2022121601
10.4 1 0 0 359 118125 2022121601
15.6 2 0 0 359 113916 2022121601
10.4 1 0 0 359 117665 2022121601
5.20 1 0 0 359 117849 2022121601
10.4 1 0 0 359 121032 2022121601
10.4 1 0 0 359 121032 2022121601
15.6 2 0 0 359 118137 2022121601
0.00 0 1 0 359 117856 2022121601
5.20 1 0 0 359 117826 2022121601
15.6 2 0 0 359 114368 2022121601
10.4 1 0 0 359 113724 2022121601
5.20 1 0 0 359 117066 2022121601
10.4 1 0 0 359 117749 2022121601
15.6 2 0 0 359 117636 2022121601
10.4 1 0 0 359 117584 2022121601
5.20 1 0 0 359 113681 2022121601
10.4 1 0 0 359 121160 2022121601
20.8 2 0 0 359 117658 2022121601
5.20 1 0 0 359 117892 2022121601
10.4 1 0 0 359 117488 2022121601
15.6 2 0 0 359 117165 2022121601
10.4 1 0 0 359 117567 2022121601
10.4 1 0 0 359 117525 2022121601
10.4 1 0 0 359 117700 2022121601
15.6 2 0 0 359 117591 2022121601
5.20 1 0 0 359 118400 2022121601
10.4 1 0 0 359 117712 2022121601
5.20 1 0 0 359 117531 2022121601
10.4 1 0 0 359 118483 2022121601
15.6 2 0 0 359 117727 2022121601
5.20 1 0 0 359 117997 2022121601
10.4 1 0 0 359 117626 2022121601
5.20 1 0 0 359 117819 2022121601
15.6 2 0 0 359 117245 2022121601
10.4 1 0 0 359 120774 2022121601
10.4 1 0 0 359 117967 2022121601
5.20 1 0 0 359 117898 2022121601
15.6 2 0 0 359 117449 2022121601
10.4 1 0 0 359 118171 2022121601
5.20 1 0 0 359 114114 2022121601
20.8 2 0 0 359 117883 2022121601
5.20 1 0 0 359 118129 2022121601
5.20 1 0 0 359 117608 2022121601
10.4 1 0 0 359 118117 2022121601
15.6 2 0 0 359 117728 2022121601
5.20 1 0 0 359 1180[ ID] Interval Transfer Bandwidth Write Err Rtry Cwnd RTT 2022121601
57.2 6 0 0 157 117874 2022121601
5.20 1 0 0 359 117837 2022121601
15.6 2 0 0 359 117969 2022121601
5.20 1 0 0 359 118085 2022121601
5.20 1 0 0 359 117962 2022121601
10.4 1 0 0 359 117938 2022121601
10.4 2 0 0 359 113988 2022121601
5.20 1 0 0 359 117309 2022121601
5.20 1 0 0 359 118096 2022121601
10.4 1 0 0 359 117832 2022121601
15.6 2 0 0 359 118020 2022121601
5.20 1 0 0 359 118093 2022121601
5.20 1 0 0 359 118672 2022121601
5.20 1 0 0 359 118854 2022121601
5.20 1 1 0 359 1185[ ID] [ ID] Interval Transfer Bandwidth Write Err Rtry Cwnd RTT 2022121601
10.4 1 0 0 359 118325 2022121601
0.00 0 1 0 359 118223 2022121601
5.20 1 0 0 359 117978 2022121601
15.6 2 0 0 359 118120 2022121601
5.20 1 0 0 359 118068 2022121601
5.20 1 0 0 359 118149 2022121601
10.4 1 0 0 359 118002 2022121601
10.4 2 0 0 359 118169 2022121601
5.20 1 0 0 359 114093 2022121601
5.20 1 0 0 359 118842 2022121601
10.4 1 0 0 359 120148 2022121601
10.4 2 0 0 359 117944 2022121601
5.20 1 0 0 359 120551 2022121601
5.20 1 0 0 359 118556 2022121601
5.20 1 0 0 359 118092 2022121601
15.6 2 0 0 359 117682 2022121601
5.20 1 0 0 359 116204 2022121601
5.20 1 0 0 359 117677 2022121601
5.20 1 0 0 359 118286 2022121601
10.4 2 0 0 359 118210 2022121601
0.00 0 1 0 359 118087 2022121601
5.20 1 0 0 359 118233 2022121601
5.20 1 0 8 79 118274 2022121601
10.4 1 1 0 96 119484 2022121601
10.4 1 0 0 99 118286 2022121601
0.00 0 1 0 103 118923 2022121601
5.20 1 0 0 107 118252 2022121601
10.4 2 0 0 122 118538 2022121601
5.20 1 0 0 122 115090 2022121601
5.20 1 0 0 122 118863 2022121601
5.20 1 0 0 136 115648 2022121601
10.4 2 0 0 150 117720 2022121601
10.4 1 0 0 157 121541 2022121601
5.20 1 0 0 157 118716 2022121601
10.4 1 0 0 157 118253 2022121601
10.4 2 0 0 157 118235 2022121601
5.20 1 0 0 157 117524 2022121601
5.20 1 0 0 157 121220 2022121601
10.4 1 0 0 157 115057 2022121601
10.4 2 0 0 157 120864 2022121601
5.20 1 0 0 157 121335 2022121601
10.4 1 0 0 157 118328 2022121601
5.20 1 0 0 157 118097 2022121601
5.20 1 0 0 157 118390 2022121601
5.20 1 0 0 157 118198 2022121601
10.4 2 0 0 224 118435 2022121601
0.00 0 0 0 224 118435 2022121601
0.00 0 0 0 224 118435 2022121601
0.00 0 0 0 224 118435 2022121601
0.00 0 0 0 224 118435 2022121601
0.00 0 0 0 224 118435 2022121601
0.00 0 0 0 224 118435 2022121601
0.00 0 0 0 224 1184[ ID] Interval Transfer Bandwidth Write Err Rtry Cwnd RTT 2022121601
5.20 1 0 0 132 119255 2022121601
83.1 8 0 0 224 117510 2022121601
15.6 2 0 0 224 117947 2022121601
5.20 1 0 0 224 118224 2022121601
5.20 1 0 0 224 118741 2022121601
10.4 1 0 0 224 118027 2022121601
5.20 1 0 0 224 114954 2022121601
10.4 1 1 0 224 114776 2022121601
5.20 1 0 0 224 118078 2022121601
5.20 1 0 0 224 117998 2022121601
15.6 2 0 0 224 118221 2022121601
5.20 1 0 0 224 118323 2022121601
10.4 1 0 0 224 118290 2022121601
5.20 1 0 0 224 118171 2022121601
10.4 2 0 0 224 118060 2022121601
10.4 1 0 0 224 118227 2022121601
5.20 1 0 0 224 118507 2022121601
10.4 1 0 0 224 118248 2022121601
5.20 1 0 0 224 118270 2022121601
10.4 2 0 0 224 118236 2022121601
10.4 1 0 0 224 114227 2022121601
5.20 1 0 0 224 117618 2022121601
15.6 2 0 0 224 118021 2022121601
5.20 1 0 0 224 118029 2022121601
10.4 1 0 0 224 118379 2022121601
5.20 1 0 0 224 118575 2022121601
10.4 2 0 0 224 118097 2022121601
5.20 1 0 0 224 118059 2022121601
10.4 1 0 0 224 118094 2022121601
5.20 1 0 0 224 119005 2022121601
5.20 1 0 0 224 117992 2022121601
15.6 2 0 0 224 117806 2022121601
5.20 1 0 0 224 117777 2022121601
5.20 1 0 0 224 121564 2022121601
15.6 2 0 0 224 117642 2022121601
0.00 0 1 0 224 118281 2022121601
10.4 1 0 0 224 118160 2022121601
0.00 0 1 0 224 118037 2022121601
15.6 2 0 0 224 118296 2022121601
5.20 1 0 0 224 117986 2022121601
5.20 1 0 0 224 117976 2022121601
10.4 1 0 0 224 118370 2022121601
10.4 2 0 0 224 118088 2022121601
5.20 1 0 0 224 118132 2022121601
10.4 1 0 0 224 118198 2022121601
5.20 1 0 0 224 115157 2022121601
10.4 2 0 0 224 119201 2022121601
0.00 0 0 0 224 119201 2022121601
10.4 1 1 0 224 118868 2022121601
10.4 1 0 0 224 117954 2022121601
5.20 1 0 0 224 118168 2022121601
5.20 1 0 0 224 118090 2022121601
10.4 2 0 0 224 117637 2022121601
5.20 1 0 0 224 118217 2022121601
5.20 1 0 0 224 118513 2022121601
5.20 1 0 0 224 118142 2022121601
15.6 2 0 0 224 118136 2022121601
5.20 1 0 0 224 118131 2022121601
10.4 1 0 0 224 118244 2022121601
5.20 1 0 0 224 118471 2022121601
10.4 2 0 0 224 118139 2022121601
5.20 1 0 0 224 118460 2022121601
10.4 1 0 0 224 118922 2022121601
0.00 0 1 0 224 119167 2022121601
10.4 2 0 0 224 118200 2022121601
5.20 1 0 0 224 118089 2022121601
10.4 1 0 0 224 118147 2022121601
5.20 1 0 0 224 118221 2022121601
10.4 2 0 0 224 118486 2022121601
5.20 1 0 0 224 118274 2022121601
10.4 1 0 0 224 118363 2022121601
5.20 1 0 0 224 114680 2022121601
10.4 1 1 0 224 118165 2022121601
5.20 1 0 0 224 118259 2022121601
5.20 1 0 0 224 118198 2022121601
10.4 1 0 0 224 118134 2022121601
15.6 2 0 0 224 118153 2022121601
0.00 0 1 0 224 118219 2022121601
10.4 1 0 0 224 118061 2022121601
5.20 1 0 0 224 118719 2022121601
10.4 2 0 0 224 118167 2022121601
10.4 1 0 0 224 118506 2022121601
5.20 1 0 0 224 118436 2022121601
5.20 1 0 0 224 118215 2022121601
15.6 2 0 0 224 118220 2022121601
5.20 1 0 0 224 119464 2022121601
5.20 1 0 0 224 118302 2022121601
0.00 0 1 0 224 118033 2022121601
15.6 2 0 0 224 119155 2022121601
5.20 1 0 0 224 118167 2022121601
5.20 1 0 0 224 118385 2022121601
5.20 1 0 0 224 118092 2022121601
5.20 1 0 0 224 116437 2022121601
10.4 1 1 0 224 118494 2022121601
5.20 1 0 0 224 114336 2022121601
5.20 1 0 0 224 117412 2022121601
15.6 2 0 0 224 118543 2022121601
5.20 1 0 0 224 117735 2022121601
5.20 1 0 0 224 118031 2022121601
10.4 1 0 0 224 118022 2022121601
15.6 2 0 0 224 118038 2022121601
5.20 1 0 0 224 118060 2022121601
5.20 1 0 0 224 118284 2022121601
5.20 1 0 0 224 118190 2022121601
15.6 2 0 0 224 118128 2022121601
5.20 1 0 0 224 118399 2022121601
5.20 1 0 0 224 118204 2022121601
5.20 1 0 0 224 118286 2022121601
10.4 2 0 0 224 117356 2022121601
10.4 1 0 0 224 118007 2022121601
0.00 0 1 0 224 118534 2022121601
5.20 1 0 0 224 118121 2022121601
5.20 1 0 0 224 118117 2022121601
10.4 2 0 0 224 114202 2022121601
5.20 1 0 0 224 120460 2022121601
5.20 1 0 0 224 118330 2022121601
15.6 2 0 0 224 118564 2022121601
5.20 1 0 0 224 117909 2022121601
5.20 1 0 0 224 117968 2022121601
10.4 1 0 0 224 118141 2022121601
15.6 2 0 0 224 118072 2022121601
5.20 1 0 0 224 118168 2022121601
5.20 1 0 0 224 118207 2022121601
10.4 1 0 0 224 118368 2022121601
10.4 2 0 0 224 123411 2022121601
0.00 0 0 0 224 123411 2022121601
10.4 1 0 0 224 118787 2022121601
10.4 1 1 0 224 114293 2022121601
5.20 1 0 0 224 120818 2022121601
5.20 1 0 0 224 114313 2022121601
15.6 2 0 0 224 118237 2022121601
5.20 1 0 0 224 118106 2022121601
10.4 1 0 0 224 118369 2022121601
5.20 1 0 0 224 117935 2022121601
10.4 2 0 0 224 117920 2022121601
0.00 0 0 0 224 117920 2022121601
20.8 3 0 0 224 118259 2022121601
0.00 0 1 0 224 117952 2022121601
10.4 1 0 0 224 118032 2022121601
5.20 1 0 0 224 117940 2022121601
15.6 2 0 0 224 118086 2022121601
0.00 0 1 0 224 117974 2022121601
5.20 1 0 0 224 118228 2022121601
5.20 1 0 0 224 118156 2022121601
10.4 1 1 0 224 115347 2022121601
10.4 1 0 0 224 114194 2022121601
5.20 1 0 0 224 118132 2022121601
5.20 1 0 0 224 118268 2022121601
10.4 2 0 0 224 118101 2022121601
10.4 1 0 0 224 118034 2022121601
5.20 1 0 0 224 117962 2022121601
5.20 1 0 0 224 117946 2022121601
10.4 2 0 0 224 118318 2022121601
5.20 1 0 0 224 118090 2022121601
10.4 1 0 0 224 118189 2022121601
5.20 1 0 0 224 118216 2022121601
10.4 2 0 0 224 118160 2022121601
5.20 1 0 0 224 118623 2022121601
5.20 1 0 0 224 115035 2022121601
10.4 1 0 0 224 117916 2022121601
5.20 1 0 0 224 118813 2022121601
5.20 1 0 0 224 114903 2022121601
10.4 1 0 0 224 118096 2022121601
5.20 1 0 0 224 118163 2022121601
15.6 2 0 0 224 118590 2022121601
5.20 1 0 0 224 118340 2022121601
5.20 1 0 0 224 118887 2022121601
10.4 1 0 0 224 118359 2022121601
10.4 2 0 0 224 119320 2022121601
10.4 1 0 0 224 118403 2022121601
5.20 1 0 0 224 121741 2022121601
5.20 1 0 0 224 117729 2022121601
10.4 2 0 0 224 121688 2022121601
5.20 1 0 0 224 114455 2022121601
5.20 1 0 0 224 117568 2022121601
10.4 1 0 0 224 118289 2022121601
15.6 2 0 0 224 118471 2022121601
0.00 0 1 0 224 118126 2022121601
10.4 1 0 0 224 118148 2022121601
5.20 1 0 0 224 118192 2022121601
15.6 2 0 0 224 118374 2022121601
10.4 1 0 0 224 118834 2022121601
0.00 0 1 0 224 118387 2022121601
5.20 1 0 0 224 118346 2022121601
15.6 2 0 0 224 117706 2022121601
5.20 1 0 0 224 118052 2022121601
0.00 0 1 0 224 118075 2022121601
10.4 1 0 0 224 117476 2022121601
10.4 2 0 0 224 118156 2022121601
10.4 1 0 0 224 118203 2022121601
5.20 1 0 0 224 118141 2022121601
5.20 1 0 0 224 119141 2022121601
15.6 2 0 0 224 118771 2022121601
5.20 1 0 0 224 118433 2022121601
5.20 1 0 0 224 118296 2022121601
5.20 1 0 0 224 118194 2022121601
15.6 2 0 0 224 118148 2022121601
5.20 1 0 0 224 118091 2022121601
10.4 1 0 0 224 118274 2022121601
5.20 1 0 0 224 118066 2022121601
15.6 2 0 0 224 118934 2022121601
0.00 0 1 0 224 118508 2022121601
5.20 1 0 0 224 118142 2022121601
5.20 1 0 0 224 118603 2022121601
15.6 2 0 0 224 118158 2022121601
10.4 1 0 0 224 117818 2022121601
5.20 1 0 0 224 117630 2022121601
5.20 1 0 0 224 117489 2022121601
10.4 1 0 0 224 118480 2022121601
10.4 2 0 0 224 118611 2022121601
10.4 1 0 0 224 118079 2022121601
5.20 1 0 0 224 118196 2022121601
10.4 2 0 0 224 118301 2022121601
10.4 1 0 0 224 118271 2022121601
5.20 1 0 0 224 118128 2022121601
5.20 1 0 0 224 118278 2022121601
15.6 2 0 0 224 118074 2022121601
0.00 0 1 0 224 118107 2022121601
10.4 1 0 0 224 118001 2022121601
5.20 1 0 0 224 118194 2022121601
10.4 2 0 0 224 118030 2022121601
[ 3] 42.00-42.10 /sec [ ID] Interval Transfer Bandwidth Write Err Rtry Cwnd RTT 2022121601
10.4 1 0 0 197 118903 2022121601
5.20 1 0 0 197 117908 2022121601
10.4 1 0 0 197 117908 2022121601
5.20 1 0 0 197 117908 2022121601
15.6 2 0 0 197 117908 2022121601
10.4 1 0 0 197 117908 2022121601
5.20 1 0 0 197 117908 2022121601
10.4 1 0 0 197 117908 2022121601
10.4 2 0 0 197 117908 2022121601
10.4 1 0 0 197 117908 2022121601
5.20 1 0 0 197 117908 2022121601
10.4 1 0 0 197 117908 2022121601
5.20 1 1 0 197 117908 2022121601
10.4 1 0 0 197 117908 2022121601
5.20 1 0 0 197 117908 2022121601
5.20 1 0 0 197 117908 2022121601
20.8 2 0 0 197 117908 2022121601
0.00 0 1 0 197 117908 2022121601
10.4 1 0 0 197 117908 2022121601
5.20 1 0 0 197 117908 2022121601
15.6 2 0 0 197 117908 2022121601
10.4 1 0 0 197 117908 2022121601
0.00 0 1 0 197 117908 2022121601
10.4 1 0 0 197 117908 2022121601
0.00 0 1 0 184 117833 2022121601
0.00 0 0 0 184 117833 2022121601
10.4 1 0 0 184 117833 2022121601
0.00 0 1 0 184 117833 2022121601
10.4 2 0 0 184 117833 2022121601
0.00 0 1 0 184 117833 2022121601
10.5 1 0 0 184 117833 2022121601
5.10 1 0 0 184 117833 2022121601
5.20 1 1 0 184 117833 2022121601
[ 3] 45.40-45.50 /sec 0.06 M[ ID] Interval Transfer Bandwidth Write Err Rtry Cwnd RTT 2022121601
0.00 0 1 0 197 117584 2022121601
10.4 1 0 0 197 117584 2022121601
15.6 2 0 0 197 117584 2022121601
5.20 1 0 0 197 117584 2022121601
10.4 1 0 0 197 117584 2022121601
5.20 1 0 0 197 117584 2022121601
5.20 1 0 0 197 117584 2022121601
15.6 2 0 0 197 117584 2022121601
5.20 1 0 0 197 117584 2022121601
5.20 1 0 0 197 117584 2022121601
5.20 1 0 0 197 117584 2022121601
15.6 2 0 0 197 117584 2022121601
10.4 1 0 0 197 117584 2022121601
5.20 1 0 0 197 117584 2022121601
10.4 1 0 0 197 117584 2022121601
10.4 2 0 0 197 117584 2022121601
10.4 1 0 0 197 117584 2022121601
5.20 1 0 0 197 117584 2022121601
5.20 1 0 0 197 117584 2022121601
15.6 2 0 0 197 117584 2022121601
10.4 1 0 0 197 117584 2022121601
0.00 0 1 0 197 117584 2022121601
10.4 1 0 0 197 117584 2022121601
10.4 2 0 0 197 117584 2022121601
5.20 1 0 0 197 117584 2022121601
5.20 1 0 0 197 117584 2022121601
10.4 1 0 0 197 117584 2022121601
15.6 2 0 0 197 117584 2022121601
5.20 1 0 0 197 117584 2022121601
5.20 1 0 0 197 117584 2022121601
10.4 1 0 0 197 117584 2022121601
10.4 2 0 0 197 117584 2022121601
10.4 1 0 0 197 117584 2022121601
5.20 1 0 0 197 117584 2022121601
5.20 1 0 0 197 117584 2022121601
10.4 2 0 0 197 117584 2022121601
10.4 1 0 0 197 117584 2022121601
5.20 1 0 0 197 117584 2022121601
10.4 1 0 0 197 117584 2022121601
5.20 1 0 0 197 117584 2022121601
10.4 1 0 0 197 117584 2022121601
5.20 1 0 0 197 117584 2022121601
5.20 1 0 0 197 117584 2022121601
5.20 1 0 0 197 117584 2022121601
10.4 1 0 0 197 117584 2022121601
0.00 0 1 0 197 117584 2022121601
0.00 0 0 0 197 117584 2022121601
15.6 2 0 0 197 117584 2022121601
0.00 0 1 0 197 117584 2022121601
5.20 1 1 0 197 117584 2022121601
5.20 1 0 0 197 117584 2022121601
10.4 1 0 0 197 117584 2022121601
0.00 0 0 0 197 117584 2022121601
5.20 1 1 0 197 117584 2022121601
10.4 1 0 0 197 117584 2022121601
5.20 1 0 0 197 117584 2022121601
5.20 1 0 0 197 117584 2022121601
10.4 1 0 0 197 117584 2022121601
5.20 1 0 0 197 117584 2022121601
0.00 0 1 0 197 117584 2022121601
10.4 1 0 0 197 117584 2022121601
5.20 1 0 0 197 117584 2022121601
5.20 1 0 0 197 117584 2022121601
10.4 2 0 0 197 117584 2022121601
5.20 1 0 0 197 117584 2022121601
5.20 1 0 0 197 117584 2022121601
10.4 1 0 0 197 117584 2022121601
10.4 2 0 0 197 117584 2022121601
10.4 1 0 0 197 117584 2022121601
5.20 1 0 0 197 117584 2022121601
5.20 1 0 0 197 117584 2022121601
15.6 2 0 0 197 117584 2022121601
5.20 1 0 0 197 117584 2022121601
15.6 2 0 0 197 117584 2022121601
5.20 1 0 0 197 117584 2022121601
0.00 0 0 0 197 117584 2022121601
0.00 0 0 0 197 117584 2022121601
20.8 2 0 0 197 117584 2022121601
15.6 2 0 0 197 117584 2022121601
10.4 2 0 0 197 117584 2022121601
0.00 0 0 0 197 117584 2022121601
20.8 2 0 0 197 117584 2022121601
5.20 1 0 0 197 117584 2022121601
5.20 1 0 0 197 117584 2022121601
5.20 1 0 0 197 117584 2022121601
10.4 1 0 0 197 117584 2022121601
10.4 1 0 0 197 117584 2022121601
10.4 2 0 0 197 117584 2022121601
10.4 1 0 0 197 117584 2022121601
5.20 1 0 0 197 117584 2022121601
5.20 1 0 0 197 117584 2022121601
15.6 2 0 0 197 117584 2022121601
5.20 1 0 0 197 117584 2022121601
5.20 1 0 0 197 117584 2022121601
10.4 1 0 0 197 117584 2022121601
10.4 2 0 0 197 117584 2022121601
5.20 1 0 0 197 117584 2022121601
10.4 1 0 0 197 117584 2022121601
5.20 1 0 0 197 117584 2022121601
5.20 1 0 0 197 117584 2022121601
10.4 1 0 0 197 117584 2022121601
10.4 2 0 0 197 117584 2022121601
10.4 1 0 0 197 117584 2022121601
5.20 1 0 0 197 117584 2022121601
15.6 2 0 0 197 117584 2022121601
10.4 1 0 0 197 117584 2022121601
5.20 1 0 0 197 117584 2022121601
5.20 1 0 0 197 117584 2022121601
5.20 1 0 0 197 117584 2022121601
15.6 2 0 0 197 117584 2022121601
5.20 1 0 0 197 117584 2022121601
10.4 1 0 0 197 117584 2022121601
0.00 0 1 0 197 117584 2022121601
20.8 2 0 0 197 117584 2022121601
0.00 0 1 0 197 117584 2022121601
10.4 1 0 0 197 117584 2022121601
5.20 1 0 0 197 117584 2022121601
15.6 2 0 0 197 117584 2022121601
10.4 1 0 0 197 117584 2022121601
5.20 1 0 0 197 117584 2022121601
15.6 2 0 0 197 117584 2022121601
10.4 1 0 0 197 117584 2022121601
5.20 1 0 0 197 117584 2022121601
5.20 1 0 0 197 117584 2022121601
15.6 2 0 0 197 117584 2022121601
0.00 0 0 0 197 117584 2022121601
15.6 2 0 0 197 117584 2022121601
0.00 0 1 0 197 117584 2022121601
10.4 1 1 0 197 117584 2022121601
5.20 1 0 0 197 117584 2022121601
10.4 1 0 0 197 117584 2022121601
0.00 0 1 0 197 117584 2022121601
15.6 2 0 0 197 117584 2022121601
5.20 1 0 0 197 117584 2022121601
10.4 1 0 0 197 117584 2022121601
5.20 1 0 0 197 117584 2022121601
10.4 2 0 0 197 117584 2022121601
10.4 1 0 0 197 117584 2022121601
5.20 1 0 0 197 117584 2022121601
5.20 1 0 0 197 117584 2022121601
10.4 2 0 0 197 117584 2022121601
10.4 1 0 0 197 117584 2022121601
5.20 1 0 0 197 117584 2022121601
5.20 1 0 0 197 117584 2022121601
15.6 2 0 0 197 117584 2022121601
5.20 1 0 0 282 117915 2022121601
5.17 464 180 29 282 117915 2022121601
