13.7 2 0 0 27 118539 2022121600
0.00 0 1 0 55 119721 2022121600
10.4 1 0 0 110 119612 2022121600
18.2 2 0 0 220 114285 2022121600
36.4 4 0 0 361 117013 2022121600
62.9 6 0 0 441 114979 2022121600
72.2 7 0 0 882 118858 2022121600
177 18 0 0 1275 119138 2022121600
72.7 7 0 0 1275 116841 2022121600
41.6 4 0 0 1297 117140 2022121600
62.4 6 0 0 1297 117118 2022121600
104 10 0 0 1320 117123 2022121600
36.4 4 0 0 1362 117927 2022121600
140 14 0 0 1453 117510 2022121600
77.9 8 0 0 1501 117388 2022121600
77.9 8 0 0 1503 117127 2022121600
77.9 8 0 0 1551 117121 2022121600
77.9 8 0 0 1551 117320 2022121600
166 16 0 0 1602 116846 2022121600
83.1 8 0 0 1603 116976 2022121600
83.1 8 0 0 1654 116921 2022121600
83.1 8 0 0 1709 117090 2022121600
177 18 0 19 1213 118449 2022121600
5.20 1 0 0 1213 120174 2022121600
46.8 5 0 0 1228 117017 2022121600
93.5 9 0 0 1239 116962 2022121600
140 14 0 0 1257 117406 2022121600
57.2 6 0 0 1269 117170 2022121600
57.2 6 0 0 1282 115176 2022121600
88.3 9 0 0 1297 117185 2022121600
125 13 0 0 1316 116929 2022121600
88.3 9 0 0 1327 113111 2022121600
62.4 6 0 0 1376 117790 2022121600
0.00 0 0 0 1376 117790 2022121600
0.00 0 0 0 1376 117790 2022121600
0.00 0 0 0 1376 117790 2022121600
330 32 0 0 1392 117725 2022121600
67.6 7 0 0 1402 117272 2022121600
77.9 8 0 6 79 119115 2022121600
0.00 0 0 0 79 119115 2022121600
0.00 0 0 0 79 119115 2022121600
192 19 0 0 1014 117016 2022121600
0.00 0 0 0 1014 117016 2022121600
0.00 0 0 0 1014 117016 2022121600
0.00 0 0 0 1014 117016 2022121600
234 23 0 0 1054 119068 2022121600
0.00 0 0 0 1054 119068 2022121600
0.00 0 0 0 1054 119068 2022121600
0.00 0 0 0 1054 119068 2022121600
0.00 0 0 0 1054 119068 2022121600
189 18 0 0 1070 9121279 2022121600
0.00 0 0 0 1207 9121279 2022121600
41.9 4 0 0 1207 9121279 2022121600
0.00 0 0 0 1207 9121279 2022121600
0.00 0 0 0 1207 9121279 2022121600
0.00 0 0 0 1207 9121279 2022121600
0.00 0 0 0 1207 9121279 2022121600
0.00 0 0 0 1207 9121279 2022121600
0.00 0 0 0 1207 9121279 2022121600
0.00 0 0 0 1207 9121279 2022121600
0.00 0 0 0 1207 9121279 2022121600
0.00 0 0 0 1207 9121279 2022121600
0.00 0 0 0 1207 9121279 2022121600
0.00 0 0 0 1207 9121279 2022121600
0.00 0 0 0 1207 9121279 2022121600
0.00 0 0 0 1207 9121279 2022121600
0.00 0 0 0 1207 9121279 2022121600
0.00 0 0 0 1207 9121279 2022121600
0.00 0 0 0 1207 9121279 2022121600
0.00 0 0 0 1207 9121279 2022121600
0.00 0 0 0 1207 9121279 2022121600
0.00 0 0 0 1207 9121279 2022121600
0.00 0 0 0 1207 9121279 2022121600
0.00 0 0 0 1207 9121279 2022121600
0.00 0 0 0 1207 9121279 2022121600
0.00 0 0 0 1207 9121279 2022121600
0.00 0 0 0 1207 9121279 2022121600
0.00 0 0 0 1207 9121279 2022121600
0.00 0 0 0 1207 9121279 2022121600
0.00 0 0 0 1207 9121279 2022121600
0.00 0 0 0 1207 9121279 2022121600
0.00 0 0 0 1207 9121279 2022121600
0.00 0 0 0 1207 9121279 2022121600
0.00 0 0 0 1207 9121279 2022121600
0.00 0 0 0 1207 9121279 2022121600
0.00 0 0 0 1207 9121279 2022121600
0.00 0 0 0 1207 9121279 2022121600
0.00 0 0 0 1207 9121279 2022121600
0.00 0 0 0 1207 9121279 2022121600
0.00 0 0 0 1207 9121279 2022121600
0.00 0 0 0 1207 9121279 2022121600
0.00 0 0 0 1207 9121279 2022121600
0.00 0 0 0 1207 9121279 2022121600
0.00 0 0 0 1207 9121279 2022121600
0.00 0 0 0 1207 9121279 2022121600
0.00 0 0 0 1207 9121279 2022121600
0.00 0 0 0 1207 9121279 2022121600
0.00 0 0 0 1207 9121279 2022121600
0.00 0 0 0 1207 9121279 2022121600
0.00 0 0 0 1207 9121279 2022121600
0.00 0 0 0 1207 9121279 2022121600
0.00 0 0 0 1207 9121279 2022121600
0.00 0 0 0 1207 9121279 2022121600
0.00 0 0 0 1207 9121279 2022121600
0.00 0 0 0 1207 9121279 2022121600
0.00 0 0 0 1207 9121279 2022121600
0.00 0 0 0 1207 9121279 2022121600
0.00 0 0 0 1207 9121279 2022121600
0.00 0 0 0 1207 9121279 2022121600
0.00 0 0 0 1207 9121279 2022121600
0.00 0 0 0 1207 9121279 2022121600
0.00 0 0 0 1207 9121279 2022121600
0.00 0 0 0 1207 9121279 2022121600
0.00 0 0 0 1207 9121279 2022121600
0.00 0 0 0 1207 9121279 2022121600
0.00 0 0 0 1207 9121279 2022121600
0.00 0 0 0 1207 9121279 2022121600
0.00 0 0 0 1207 9121279 2022121600
0.00 0 0 0 1207 9121279 2022121600
0.00 0 0 0 1207 9121279 2022121600
0.00 0 0 0 1207 9121279 2022121600
0.00 0 0 0 1207 9121279 2022121600
0.00 0 0 0 1207 9121279 2022121600
0.00 0 0 0 1207 9121279 2022121600
0.00 0 0 0 1207 9121279 2022121600
0.00 0 0 0 1207 9121279 2022121600
0.00 0 0 0 1207 9121279 2022121600
0.00 0 0 0 1207 9121279 2022121600
0.00 0 0 0 1207 9121279 2022121600
0.00 0 0 0 1207 9121279 2022121600
0.00 0 0 0 1207 9121279 2022121600
0.00 0 0 0 1207 9121279 2022121600
0.00 0 0 0 1207 9121279 2022121600
0.00 0 0 0 1207 9121279 2022121600
0.00 0 0 0 1207 9121279 2022121600
0.00 0 0 0 1207 9121279 2022121600
0.00 0 0 0 1207 9121279 2022121600
0.00 0 0 0 1207 9121279 2022121600
0.00 0 0 0 1207 9121279 2022121600
0.00 0 0 0 1207 9121279 2022121600
0.00 0 0 0 1207 9121279 2022121600
0.00 0 0 0 1207 9121279 2022121600
0.00 0 0 0 1207 9121279 2022121600
0.00 0 0 0 1207 9121279 2022121600
0.00 0 0 0 1207 9121279 2022121600
0.00 0 0 0 1207 9121279 2022121600
0.00 0 0 0 1207 9121279 2022121600
0.00 0 0 0 1207 9121279 2022121600
0.00 0 0 0 1207 9121279 2022121600
0.00 0 0 0 1207 9121279 2022121600
0.00 0 0 0 1207 9121279 2022121600
0.00 0 0 0 1207 9121279 2022121600
0.00 0 0 0 1207 9121279 2022121600
0.00 0 0 0 1207 9121279 2022121600
0.00 0 0 0 1207 9121279 2022121600
0.00 0 0 0 1207 9121279 2022121600
0.00 0 0 0 1207 9121279 2022121600
288 28 0 0 1252 142654 2022121600
0.00 0 0 0 1261 142654 2022121600
0.00 0 0 0 1261 142654 2022121600
52.4 5 0 0 1261 142654 2022121600
0.00 0 0 0 1261 142654 2022121600
223 22 0 0 1269 259400 2022121600
0.00 0 0 0 1269 259400 2022121600
126 12 0 0 1269 259400 2022121600
0.00 0 0 0 1269 259400 2022121600
0.00 0 0 0 1269 259400 2022121600
134 13 0 0 1290 118555 2022121600
0.00 0 0 0 1290 118555 2022121600
0.00 0 0 0 1290 118555 2022121600
52.4 5 0 0 1300 118208 2022121600
202 20 0 0 1311 114535 2022121600
77.9 8 0 0 1315 118352 2022121600
77.9 8 0 0 1320 117464 2022121600
140 14 0 0 1333 118615 2022121600
0.00 0 0 0 1333 118615 2022121600
104 10 0 0 1354 117284 2022121600
0.00 0 0 0 1354 117284 2022121600
105 10 0 0 1354 117284 2022121600
150 15 0 0 1370 117150 2022121600
0.00 0 0 0 1370 117150 2022121600
197 19 0 0 1378 117210 2022121600
109 11 0 0 1389 119070 2022121600
0.00 0 0 0 1389 119070 2022121600
156 15 0 18 381 117846 2022121600
0.00 0 0 0 381 117846 2022121600
182 18 0 0 992 117352 2022121600
0.00 0 0 0 992 117352 2022121600
77.9 8 0 0 1025 121287 2022121600
0.00 0 0 0 1025 121287 2022121600
83.1 8 0 0 1042 114505 2022121600
140 14 0 0 1061 117300 2022121600
0.00 0 0 0 1061 117300 2022121600
120 12 0 0 1087 117468 2022121600
0.00 0 0 0 1087 117468 2022121600
125 12 0 0 1103 117201 2022121600
0.00 0 0 0 1103 117201 2022121600
88.3 9 0 0 1115 117239 2022121600
93.5 9 0 0 1122 304706 2022121600
83.9 8 0 0 1161 3099691 2022121600
0.00 0 0 0 1173 3099691 2022121600
0.00 0 0 0 1173 3099691 2022121600
41.9 4 0 0 1173 3099691 2022121600
0.00 0 0 0 1173 3099691 2022121600
0.00 0 0 0 1173 3099691 2022121600
0.00 0 0 0 1173 3099691 2022121600
0.00 0 0 0 1173 3099691 2022121600
0.00 0 0 0 1173 3099691 2022121600
0.00 0 0 0 1173 3099691 2022121600
0.00 0 0 0 1173 3099691 2022121600
0.00 0 0 0 1173 3099691 2022121600
0.00 0 0 0 1173 3099691 2022121600
0.00 0 0 0 1173 3099691 2022121600
0.00 0 0 0 1173 3099691 2022121600
0.00 0 0 0 1173 3099691 2022121600
0.00 0 0 0 1173 3099691 2022121600
0.00 0 0 0 1173 3099691 2022121600
0.00 0 0 0 1173 3099691 2022121600
0.00 0 0 0 1173 3099691 2022121600
0.00 0 0 0 1173 3099691 2022121600
0.00 0 0 0 1173 3099691 2022121600
0.00 0 0 0 1173 3099691 2022121600
0.00 0 0 0 1173 3099691 2022121600
0.00 0 0 0 1173 3099691 2022121600
0.00 0 0 0 1173 3099691 2022121600
0.00 0 0 0 1173 3099691 2022121600
0.00 0 0 0 1173 3099691 2022121600
0.00 0 0 0 1173 3099691 2022121600
0.00 0 0 0 1173 3099691 2022121600
0.00 0 0 0 1173 3099691 2022121600
0.00 0 0 0 1173 3099691 2022121600
0.00 0 0 0 1173 3099691 2022121600
0.00 0 0 0 1173 3099691 2022121600
0.00 0 0 0 1173 3099691 2022121600
0.00 0 0 0 1173 3099691 2022121600
0.00 0 0 0 1173 3099691 2022121600
0.00 0 0 0 1173 3099691 2022121600
0.00 0 0 0 1173 3099691 2022121600
0.00 0 0 0 1173 3099691 2022121600
0.00 0 0 0 1173 3099691 2022121600
0.00 0 0 0 1173 3099691 2022121600
0.00 0 0 0 1173 3099691 2022121600
0.00 0 0 0 1173 3099691 2022121600
0.00 0 0 0 1173 3099691 2022121600
0.00 0 0 0 1173 3099691 2022121600
0.00 0 0 0 1173 3099691 2022121600
0.00 0 0 0 1173 3099691 2022121600
0.00 0 0 0 1173 3099691 2022121600
0.00 0 0 0 1173 3099691 2022121600
0.00 0 0 0 1173 3099691 2022121600
0.00 0 0 0 1173 3099691 2022121600
0.00 0 0 0 1173 3099691 2022121600
0.00 0 0 0 1173 3099691 2022121600
0.00 0 0 0 1173 3099691 2022121600
0.00 0 0 0 1173 3099691 2022121600
0.00 0 0 0 1173 3099691 2022121600
0.00 0 0 0 1173 3099691 2022121600
0.00 0 0 0 1173 3099691 2022121600
0.00 0 0 0 1173 3099691 2022121600
0.00 0 0 0 1173 3099691 2022121600
0.00 0 0 0 1173 3099691 2022121600
0.00 0 0 0 1173 3099691 2022121600
0.00 0 0 0 1173 3099691 2022121600
0.00 0 0 0 1173 3099691 2022121600
0.00 0 0 0 1173 3099691 2022121600
0.00 0 0 0 1173 3099691 2022121600
0.00 0 0 0 1173 3099691 2022121600
0.00 0 0 0 1173 3099691 2022121600
0.00 0 0 0 1173 3099691 2022121600
0.00 0 0 0 1173 3099691 2022121600
0.00 0 0 0 1173 3099691 2022121600
0.00 0 0 0 1173 3099691 2022121600
0.00 0 0 0 1173 3099691 2022121600
0.00 0 0 0 1173 3099691 2022121600
0.00 0 0 0 1173 3099691 2022121600
0.00 0 0 0 1173 3099691 2022121600
0.00 0 0 0 1173 3099691 2022121600
0.00 0 0 0 1173 3099691 2022121600
0.00 0 0 0 1173 3099691 2022121600
0.00 0 0 0 1173 3099691 2022121600
0.00 0 0 0 1173 3099691 2022121600
0.00 0 0 0 1173 3099691 2022121600
0.00 0 0 0 1173 3099691 2022121600
0.00 0 0 0 1173 3099691 2022121600
0.00 0 0 0 1173 3099691 2022121600
0.00 0 0 0 1173 3099691 2022121600
0.00 0 0 0 1173 3099691 2022121600
0.00 0 0 0 1173 3099691 2022121600
0.00 0 0 0 1173 3099691 2022121600
0.00 0 0 0 1173 3099691 2022121600
0.00 0 0 0 1173 3099691 2022121600
0.00 0 0 0 1173 3099691 2022121600
0.00 0 0 0 1173 3099691 2022121600
0.00 0 0 0 1173 3099691 2022121600
0.00 0 0 0 1173 3099691 2022121600
0.00 0 0 0 1173 3099691 2022121600
0.00 0 0 0 1173 3099691 2022121600
0.00 0 0 0 1173 3099691 2022121600
0.00 0 0 0 1173 3099691 2022121600
0.00 0 0 0 1173 3099691 2022121600
0.00 0 0 0 1173 3099691 2022121600
0.00 0 0 0 1173 3099691 2022121600
0.00 0 0 0 1173 3099691 2022121600
0.00 0 0 0 1173 3099691 2022121600
0.00 0 0 0 1173 3099691 2022121600
0.00 0 0 0 1173 3099691 2022121600
0.00 0 0 0 1173 3099691 2022121600
0.00 0 0 0 1173 3099691 2022121600
0.00 0 0 0 1173 3099691 2022121600
0.00 0 0 0 1173 3099691 2022121600
0.00 0 0 0 1173 3099691 2022121600
0.00 0 0 0 1173 3099691 2022121600
0.00 0 0 0 1173 3099691 2022121600
0.00 0 0 0 1173 3099691 2022121600
0.00 0 0 0 1173 3099691 2022121600
0.00 0 0 0 1173 3099691 2022121600
0.00 0 0 0 1173 3099691 2022121600
0.00 0 0 0 1173 3099691 2022121600
0.00 0 0 0 1173 3099691 2022121600
0.00 0 0 0 1173 3099691 2022121600
0.00 0 0 0 1173 3099691 2022121600
0.00 0 0 0 1173 3099691 2022121600
0.00 0 0 0 1173 3099691 2022121600
0.00 0 0 0 1173 3099691 2022121600
66.4 7 0 0 1173 117355 2022121600
0.00 0 1 0 1173 116901 2022121600
77.9 8 0 0 1298 117108 2022121600
52.0 5 0 0 1398 118783 2022121600
88.3 9 0 9 836 116972 2022121600
62.4 6 0 12 114 117965 2022121600
52.0 5 0 2 1017 117203 2022121600
62.4 6 0 0 1017 118988 2022121600
46.8 5 0 0 1039 117356 2022121600
41.6 4 0 0 1049 117088 2022121600
36.4 4 0 0 1056 10525616 2022121600
73.4 7 0 0 1056 10525616 2022121600
0.00 0 0 0 1056 10525616 2022121600
0.00 0 0 0 1056 10525616 2022121600
0.00 0 0 0 1056 10525616 2022121600
0.00 0 0 0 1056 10525616 2022121600
0.00 0 0 0 1056 10525616 2022121600
0.00 0 0 0 1056 10525616 2022121600
0.00 0 0 0 1056 10525616 2022121600
0.00 0 0 0 1056 10525616 2022121600
0.00 0 0 0 1056 10525616 2022121600
0.00 0 0 0 1056 10525616 2022121600
0.00 0 0 0 1056 10525616 2022121600
0.00 0 0 0 1056 10525616 2022121600
0.00 0 0 0 1056 10525616 2022121600
0.00 0 0 0 1056 10525616 2022121600
0.00 0 0 0 1056 10525616 2022121600
0.00 0 0 0 1056 10525616 2022121600
0.00 0 0 0 1056 10525616 2022121600
0.00 0 0 0 1056 10525616 2022121600
0.00 0 0 0 1056 10525616 2022121600
0.00 0 0 0 1056 10525616 2022121600
0.00 0 0 0 1056 10525616 2022121600
0.00 0 0 0 1056 10525616 2022121600
0.00 0 0 0 1056 10525616 2022121600
0.00 0 0 0 1056 10525616 2022121600
0.00 0 0 0 1056 10525616 2022121600
0.00 0 0 0 1056 10525616 2022121600
0.00 0 0 0 1056 10525616 2022121600
0.00 0 0 0 1056 10525616 2022121600
0.00 0 0 0 1056 10525616 2022121600
0.00 0 0 0 1056 10525616 2022121600
0.00 0 0 0 1056 10525616 2022121600
0.00 0 0 0 1056 10525616 2022121600
0.00 0 0 0 1056 10525616 2022121600
0.00 0 0 0 1056 10525616 2022121600
0.00 0 0 0 1056 10525616 2022121600
0.00 0 0 0 1056 10525616 2022121600
0.00 0 0 0 1056 10525616 2022121600
0.00 0 0 0 1056 10525616 2022121600
0.00 0 0 0 1056 10525616 2022121600
0.00 0 0 0 1056 10525616 2022121600
0.00 0 0 0 1056 10525616 2022121600
0.00 0 0 0 1056 10525616 2022121600
0.00 0 0 0 1056 10525616 2022121600
0.00 0 0 0 1056 10525616 2022121600
0.00 0 0 0 1056 10525616 2022121600
0.00 0 0 0 1056 10525616 2022121600
0.00 0 0 0 1056 10525616 2022121600
0.00 0 0 0 1056 10525616 2022121600
0.00 0 0 0 1056 10525616 2022121600
0.00 0 0 0 1056 10525616 2022121600
0.00 0 0 0 1056 10525616 2022121600
0.00 0 0 0 1056 10525616 2022121600
0.00 0 0 0 1056 10525616 2022121600
0.00 0 0 0 1056 10525616 2022121600
0.00 0 0 0 1056 10525616 2022121600
0.00 0 0 0 1056 10525616 2022121600
0.00 0 0 0 1056 10525616 2022121600
0.00 0 0 0 1056 10525616 2022121600
0.00 0 0 0 1056 10525616 2022121600
0.00 0 0 0 1056 10525616 2022121600
0.00 0 0 0 1056 10525616 2022121600
0.00 0 0 0 1056 10525616 2022121600
0.00 0 0 0 1056 10525616 2022121600
0.00 0 0 0 1056 10525616 2022121600
0.00 0 0 0 1056 10525616 2022121600
0.00 0 0 0 1056 10525616 2022121600
0.00 0 0 0 1056 10525616 2022121600
0.00 0 0 0 1056 10525616 2022121600
0.00 0 0 0 1056 10525616 2022121600
0.00 0 0 0 1056 10525616 2022121600
0.00 0 0 0 1056 10525616 2022121600
0.00 0 0 0 1056 10525616 2022121600
0.00 0 0 0 1056 10525616 2022121600
0.00 0 0 0 1056 10525616 2022121600
0.00 0 0 0 1056 10525616 2022121600
0.00 0 0 0 1056 10525616 2022121600
0.00 0 0 0 1056 10525616 2022121600
0.00 0 0 0 1056 10525616 2022121600
0.00 0 0 0 1056 10525616 2022121600
0.00 0 0 0 1056 10525616 2022121600
0.00 0 0 0 1056 10525616 2022121600
0.00 0 0 0 1056 10525616 2022121600
0.00 0 0 0 1056 10525616 2022121600
0.00 0 0 0 1056 10525616 2022121600
0.00 0 0 0 1056 10525616 2022121600
0.00 0 0 0 1056 10525616 2022121600
0.00 0 0 0 1056 10525616 2022121600
0.00 0 0 0 1056 10525616 2022121600
0.00 0 0 0 1056 10525616 2022121600
0.00 0 0 0 1056 10525616 2022121600
0.00 0 0 0 1056 10525616 2022121600
0.00 0 0 0 1056 10525616 2022121600
0.00 0 0 0 1056 10525616 2022121600
0.00 0 0 0 1056 10525616 2022121600
0.00 0 0 0 1056 10525616 2022121600
0.00 0 0 0 1056 10525616 2022121600
0.00 0 0 0 1056 10525616 2022121600
0.00 0 0 0 1056 10525616 2022121600
0.00 0 0 0 1056 10525616 2022121600
0.00 0 0 0 1056 10525616 2022121600
0.00 0 0 0 1056 10525616 2022121600
0.00 0 0 0 1056 10525616 2022121600
0.00 0 0 0 1056 10525616 2022121600
0.00 0 0 0 1056 10525616 2022121600
0.00 0 0 0 1056 10525616 2022121600
0.00 0 0 0 1056 10525616 2022121600
0.00 0 0 0 1056 10525616 2022121600
0.00 0 0 0 1056 10525616 2022121600
0.00 0 0 0 1056 10525616 2022121600
0.00 0 0 0 1056 10525616 2022121600
0.00 0 0 0 1056 10525616 2022121600
98.1 10 0 0 1283 219242 2022121600
0.00 0 0 0 1283 219242 2022121600
0.00 0 0 0 1283 219242 2022121600
105 10 0 0 1283 219242 2022121600
0.00 0 0 0 1283 219242 2022121600
21.0 2 0 0 1283 178207 2022121600
61.2 6 0 0 1345 116906 2022121600
10.5 1 0 4 253 118731 2022121600
0.00 0 0 0 253 118731 2022121600
0.00 0 0 0 253 118731 2022121600
0.00 0 0 0 253 118731 2022121600
0.00 0 0 0 253 118731 2022121600
0.00 0 0 0 253 118731 2022121600
0.00 0 0 0 253 118731 2022121600
0.00 0 0 0 253 118731 2022121600
0.00 0 0 0 253 118731 2022121600
0.00 0 0 0 253 118731 2022121600
0.00 0 0 0 253 118731 2022121600
0.00 0 0 0 253 118731 2022121600
0.00 0 0 0 253 118731 2022121600
0.00 0 0 0 253 118731 2022121600
0.00 0 0 0 253 118731 2022121600
0.00 0 0 0 253 118731 2022121600
0.00 0 0 0 253 118731 2022121600
0.00 0 0 0 253 118731 2022121600
0.00 0 0 0 253 118731 2022121600
0.00 0 0 0 253 118731 2022121600
0.00 0 0 0 253 118731 2022121600
0.00 0 0 0 253 118731 2022121600
0.00 0 0 0 253 118731 2022121600
0.00 0 0 0 253 118731 2022121600
0.00 0 0 0 253 118731 2022121600
0.00 0 0 0 253 118731 2022121600
0.00 0 0 0 253 118731 2022121600
0.00 0 0 0 253 118731 2022121600
0.00 0 0 0 253 118731 2022121600
0.00 0 0 0 253 118731 2022121600
0.00 0 0 0 253 118731 2022121600
0.00 0 0 0 253 118731 2022121600
0.00 0 0 0 253 118731 2022121600
0.00 0 0 0 253 118731 2022121600
0.00 0 0 0 253 118731 2022121600
0.00 0 0 0 253 118731 2022121600
0.00 0 0 0 253 118731 2022121600
0.00 0 0 0 253 118731 2022121600
0.00 0 0 0 253 118731 2022121600
0.00 0 0 0 253 118731 2022121600
0.00 0 0 0 253 118731 2022121600
0.00 0 0 0 253 118731 2022121600
0.00 0 0 0 253 118731 2022121600
0.00 0 0 0 253 118731 2022121600
0.00 0 0 0 253 118731 2022121600
0.00 0 0 0 253 118731 2022121600
0.00 0 0 0 253 118731 2022121600
0.00 0 0 0 253 118731 2022121600
0.00 0 0 0 253 118731 2022121600
0.00 0 0 0 253 118731 2022121600
0.00 0 0 0 253 118731 2022121600
0.00 0 0 0 253 118731 2022121600
0.00 0 0 0 253 118731 2022121600
0.00 0 0 0 253 118731 2022121600
0.00 0 0 0 253 118731 2022121600
0.00 0 0 0 253 118731 2022121600
0.00 0 0 0 253 118731 2022121600
0.00 0 0 0 253 118731 2022121600
0.00 0 0 0 253 118731 2022121600
0.00 0 0 0 253 118731 2022121600
0.00 0 0 0 253 118731 2022121600
0.00 0 0 0 253 118731 2022121600
0.00 0 0 0 253 118731 2022121600
0.00 0 0 0 253 118731 2022121600
0.00 0 0 0 253 118731 2022121600
0.00 0 0 0 253 118731 2022121600
0.00 0 0 0 253 118731 2022121600
0.00 0 0 0 253 118731 2022121600
0.00 0 0 0 253 118731 2022121600
0.00 0 0 0 253 118731 2022121600
0.00 0 0 0 253 118731 2022121600
0.00 0 0 0 253 118731 2022121600
0.00 0 0 0 253 118731 2022121600
0.00 0 0 0 253 118731 2022121600
0.00 0 0 0 253 118731 2022121600
0.00 0 0 0 253 118731 2022121600
0.00 0 0 0 253 118731 2022121600
0.00 0 0 0 253 118731 2022121600
0.00 0 0 0 253 118731 2022121600
0.00 0 0 0 253 118731 2022121600
0.00 0 0 0 253 118731 2022121600
0.00 0 0 0 253 118731 2022121600
0.00 0 0 0 253 118731 2022121600
0.00 0 0 0 253 118731 2022121600
0.00 0 0 0 253 118731 2022121600
0.00 0 0 0 253 118731 2022121600
0.00 0 0 0 253 118731 2022121600
0.00 0 0 0 253 118731 2022121600
0.00 0 0 0 253 118731 2022121600
0.00 0 0 0 253 118731 2022121600
0.00 0 0 0 253 118731 2022121600
0.00 0 0 0 253 118731 2022121600
0.00 0 0 0 253 118731 2022121600
0.00 0 0 0 253 118731 2022121600
0.00 0 0 0 253 118731 2022121600
0.00 0 0 0 253 118731 2022121600
0.00 0 0 0 253 118731 2022121600
0.00 0 0 0 253 118731 2022121600
0.00 0 0 0 253 118731 2022121600
0.00 0 0 0 253 118731 2022121600
0.00 0 0 0 253 118731 2022121600
0.00 0 0 0 253 118731 2022121600
0.00 0 0 0 253 118731 2022121600
0.00 0 0 0 253 118731 2022121600
0.00 0 0 0 253 118731 2022121600
319 31 0 0 1067 122674 2022121600
0.00 0 0 0 1067 122674 2022121600
0.00 0 0 0 1067 122674 2022121600
0.00 0 0 0 1067 122674 2022121600
140 14 0 0 1090 10053537 2022121600
83.9 8 0 130 1145 118473 2022121600
0.00 0 0 0 1145 118473 2022121600
0.00 0 0 0 1145 118473 2022121600
0.00 0 0 0 1145 118473 2022121600
0.00 0 0 0 1145 118473 2022121600
0.00 0 0 0 1145 118473 2022121600
0.00 0 0 0 1145 118473 2022121600
0.00 0 0 0 1145 118473 2022121600
0.00 0 0 0 1145 118473 2022121600
0.00 0 0 0 1145 118473 2022121600
0.00 0 0 0 1145 118473 2022121600
0.00 0 0 0 1145 118473 2022121600
0.00 0 0 0 1145 118473 2022121600
0.00 0 0 0 1145 118473 2022121600
0.00 0 0 0 1145 118473 2022121600
0.00 0 0 0 1145 118473 2022121600
0.00 0 0 0 1145 118473 2022121600
0.00 0 0 0 1145 118473 2022121600
0.00 0 0 0 1145 118473 2022121600
0.00 0 0 0 1145 118473 2022121600
0.00 0 0 0 1145 118473 2022121600
0.00 0 0 0 1145 118473 2022121600
0.00 0 0 0 1145 118473 2022121600
0.00 0 0 0 1145 118473 2022121600
0.00 0 0 0 1145 118473 2022121600
0.00 0 0 0 1145 118473 2022121600
0.00 0 0 0 1145 118473 2022121600
0.00 0 0 0 1145 118473 2022121600
0.00 0 0 0 1145 118473 2022121600
0.00 0 0 0 1145 118473 2022121600
0.00 0 0 0 1145 118473 2022121600
0.00 0 0 0 1145 118473 2022121600
0.00 0 0 0 1145 118473 2022121600
0.00 0 0 0 1145 118473 2022121600
0.00 0 0 0 1145 118473 2022121600
0.00 0 0 0 1145 118473 2022121600
0.00 0 0 0 1145 118473 2022121600
0.00 0 0 0 1145 118473 2022121600
0.00 0 0 0 1145 118473 2022121600
0.00 0 0 0 1145 118473 2022121600
0.00 0 0 0 1145 118473 2022121600
0.00 0 0 0 1145 118473 2022121600
0.00 0 0 0 1145 118473 2022121600
0.00 0 0 0 1145 118473 2022121600
0.00 0 0 0 1145 118473 2022121600
0.00 0 0 0 1145 118473 2022121600
0.00 0 0 0 1145 118473 2022121600
0.00 0 0 0 1145 118473 2022121600
0.00 0 0 0 1145 118473 2022121600
0.00 0 0 0 1145 118473 2022121600
0.00 0 0 0 1145 118473 2022121600
0.00 0 0 0 1145 118473 2022121600
0.00 0 0 0 1145 118473 2022121600
0.00 0 0 0 1145 118473 2022121600
0.00 0 0 0 1145 118473 2022121600
0.00 0 0 0 1145 118473 2022121600
0.00 0 0 0 1145 118473 2022121600
0.00 0 0 0 1145 118473 2022121600
0.00 0 0 0 1145 118473 2022121600
0.00 0 0 0 1145 118473 2022121600
0.00 0 0 0 1145 118473 2022121600
0.00 0 0 0 1145 118473 2022121600
0.00 0 0 0 1145 118473 2022121600
0.00 0 0 0 1145 118473 2022121600
0.00 0 0 0 1145 118473 2022121600
0.00 0 0 0 1145 118473 2022121600
0.00 0 0 0 1145 118473 2022121600
0.00 0 0 0 1145 118473 2022121600
0.00 0 0 0 1145 118473 2022121600
0.00 0 0 0 1145 118473 2022121600
0.00 0 0 0 1145 118473 2022121600
0.00 0 0 0 1145 118473 2022121600
0.00 0 0 0 1145 118473 2022121600
0.00 0 0 0 1145 118473 2022121600
0.00 0 0 0 1145 118473 2022121600
0.00 0 0 0 1145 118473 2022121600
0.00 0 0 0 1145 118473 2022121600
0.00 0 0 0 1145 118473 2022121600
0.00 0 0 0 1145 118473 2022121600
0.00 0 0 0 1145 118473 2022121600
0.00 0 0 0 1145 118473 2022121600
0.00 0 0 0 1145 118473 2022121600
0.00 0 0 0 1145 118473 2022121600
0.00 0 0 0 1145 118473 2022121600
0.00 0 0 0 1145 118473 2022121600
0.00 0 0 0 1145 118473 2022121600
0.00 0 0 0 1145 118473 2022121600
0.00 0 0 0 1145 118473 2022121600
0.00 0 0 0 1145 118473 2022121600
0.00 0 0 0 1145 118473 2022121600
0.00 0 0 0 1145 118473 2022121600
0.00 0 0 0 1145 118473 2022121600
0.00 0 0 0 1145 118473 2022121600
0.00 0 0 0 1145 118473 2022121600
0.00 0 0 0 1145 118473 2022121600
0.00 0 0 0 1145 118473 2022121600
0.00 0 0 0 1145 118473 2022121600
0.00 0 0 0 1145 118473 2022121600
0.00 0 0 0 1145 118473 2022121600
0.00 0 0 0 1145 118473 2022121600
0.00 0 0 0 1145 118473 2022121600
0.00 0 0 0 1145 118473 2022121600
0.00 0 0 0 1145 118473 2022121600
0.00 0 0 0 1145 118473 2022121600
0.00 0 0 0 1145 118473 2022121600
0.00 0 0 0 1145 118473 2022121600
0.00 0 0 0 1145 118473 2022121600
0.00 0 0 0 1145 118473 2022121600
0.00 0 0 0 1145 118473 2022121600
12.4 829 2 200 1145 118473 2022121600
