13.7 2 0 0 27 117860 2022121618
0.00 0 1 0 55 119339 2022121618
12.3 2 0 0 110 119480 2022121618
20.0 2 0 0 202 118875 2022121618
32.4 4 0 0 405 117177 2022121618
62.4 6 0 0 704 117213 2022121618
10.5 1 0 0 704 117213 2022121618
114 11 0 33 62 118560 2022121618
0.00 0 0 0 62 118560 2022121618
192 19 0 40 649 117037 2022121618
0.00 0 0 0 649 117037 2022121618
0.00 0 0 0 649 117037 2022121618
0.00 0 0 0 649 117037 2022121618
98.7 10 0 0 660 117062 2022121618
52.0 5 0 0 664 118990 2022121618
57.2 6 0 0 674 117045 2022121618
52.0 6 0 0 686 119482 2022121618
52.0 5 0 0 696 117988 2022121618
31.2 3 0 0 701 117657 2022121618
31.2 3 0 0 704 119444 2022121618
83.1 8 0 0 719 118208 2022121618
31.2 3 0 0 725 119361 2022121618
52.0 5 0 0 733 117676 2022121618
36.4 4 0 0 739 118067 2022121618
31.2 3 0 0 748 117987 2022121618
57.2 6 0 0 759 118125 2022121618
88.3 9 0 0 772 113021 2022121618
0.00 0 0 0 772 113021 2022121618
93.5 9 0 0 779 118114 2022121618
62.4 6 0 0 783 119242 2022121618
57.2 6 0 0 788 118853 2022121618
31.2 3 0 0 792 118117 2022121618
41.6 4 0 0 797 119507 2022121618
93.5 10 0 0 806 117629 2022121618
36.4 4 0 0 809 119376 2022121618
57.2 6 0 0 814 118008 2022121618
36.4 4 0 0 817 117991 2022121618
93.5 10 0 0 825 117800 2022121618
41.6 4 0 0 830 118035 2022121618
36.4 4 0 0 831 119249 2022121618
57.2 6 0 0 835 118166 2022121618
83.1 8 0 0 841 118953 2022121618
57.2 6 0 0 845 117123 2022121618
36.4 4 0 0 848 118247 2022121618
41.6 4 0 0 850 119328 2022121618
98.7 10 0 0 854 113851 2022121618
41.6 4 0 0 857 119310 2022121618
57.2 6 0 0 860 113851 2022121618
41.6 4 0 0 863 117816 2022121618
98.7 10 0 0 867 117993 2022121618
41.6 4 0 0 870 118143 2022121618
36.4 4 0 0 871 119214 2022121618
62.4 6 0 0 872 118303 2022121618
83.1 8 0 0 876 119510 2022121618
57.2 6 0 0 878 117542 2022121618
46.8 5 0 0 881 121854 2022121618
36.4 4 0 0 882 119001 2022121618
62.4 6 0 0 883 118175 2022121618
83.1 8 0 0 885 118961 2022121618
57.2 6 0 0 886 118094 2022121618
46.8 5 0 0 888 117536 2022121618
98.7 10 0 0 890 117971 2022121618
46.8 5 0 0 890 117650 2022121618
41.6 4 0 0 892 119211 2022121618
57.2 6 0 0 893 118175 2022121618
88.3 9 0 0 894 119301 2022121618
57.2 6 0 0 896 117978 2022121618
46.8 5 0 0 896 117700 2022121618
41.6 4 0 0 897 118281 2022121618
77.9 8 0 0 899 117118 2022121618
26.0 3 0 0 899 117128 2022121618
114 11 0 0 899 112986 2022121618
31.2 3 0 0 900 114861 2022121618
72.7 7 0 0 900 117194 2022121618
36.4 4 0 0 900 117609 2022121618
104 10 0 4 388 118690 2022121618
46.8 5 0 9 42 117089 2022121618
15.6 2 0 73 394 118325 2022121618
5.20 1 0 0 632 117063 2022121618
62.4 6 1 0 650 117596 2022121618
26.0 3 0 0 659 117204 2022121618
20.8 2 0 0 663 118542 2022121618
57.2 6 0 0 674 117768 2022121618
52.0 5 0 0 686 118273 2022121618
41.6 4 0 0 689 117344 2022121618
31.2 3 0 0 689 117532 2022121618
20.8 2 0 0 689 117541 2022121618
52.0 6 0 0 717 118599 2022121618
36.4 4 0 0 741 118085 2022121618
41.6 4 0 0 747 118701 2022121618
0.00 0 0 0 747 118701 2022121618
0.00 0 0 0 747 118701 2022121618
135 13 0 0 752 118443 2022121618
83.1 9 0 0 763 118185 2022121618
41.6 4 0 0 769 118239 2022121618
46.8 5 0 0 774 117670 2022121618
36.4 4 0 0 779 118369 2022121618
88.3 9 0 0 788 117925 2022121618
36.4 4 0 0 792 118304 2022121618
46.8 5 0 0 798 118508 2022121618
46.8 5 0 0 802 113500 2022121618
83.1 9 0 0 810 118634 2022121618
46.8 5 0 0 813 113913 2022121618
36.4 4 0 0 817 118138 2022121618
46.8 5 0 0 821 118687 2022121618
46.8 5 0 0 825 113545 2022121618
88.3 9 0 0 832 118321 2022121618
46.8 5 0 0 834 113127 2022121618
41.6 4 0 0 838 117013 2022121618
93.5 9 0 0 845 116999 2022121618
36.4 4 0 0 848 117566 2022121618
36.4 4 0 0 850 119208 2022121618
67.6 7 0 0 853 117540 2022121618
72.7 8 0 0 857 118995 2022121618
62.4 6 0 0 860 117525 2022121618
41.6 4 0 0 863 117720 2022121618
36.4 4 0 0 864 119250 2022121618
104 10 0 0 870 117443 2022121618
36.4 4 0 0 871 119466 2022121618
67.6 7 0 0 872 117326 2022121618
36.4 4 0 0 875 117108 2022121618
104 11 0 0 878 117744 2022121618
41.6 4 0 0 881 117155 2022121618
36.4 4 0 0 882 119347 2022121618
67.6 7 0 0 883 117651 2022121618
72.7 8 0 0 885 119169 2022121618
67.6 7 0 0 888 119340 2022121618
0.00 0 0 0 888 119340 2022121618
72.7 7 0 0 889 119126 2022121618
93.7 9 0 0 890 118083 2022121618
57.0 6 0 0 892 119444 2022121618
67.6 7 0 0 893 117926 2022121618
41.6 4 0 0 893 117851 2022121618
36.4 4 0 0 894 119505 2022121618
109 11 0 0 896 117266 2022121618
36.4 4 0 22 419 119597 2022121618
62.4 6 0 10 528 118948 2022121618
5.20 1 0 0 627 119748 2022121618
72.7 7 1 0 639 116936 2022121618
15.6 2 0 0 643 119169 2022121618
46.8 5 0 0 649 118415 2022121618
36.4 4 0 0 654 117338 2022121618
67.6 7 0 0 663 118048 2022121618
36.4 4 0 0 667 116835 2022121618
26.0 3 0 0 670 115293 2022121618
77.9 8 0 0 679 118037 2022121618
31.2 3 0 0 682 119028 2022121618
46.8 5 0 0 686 117237 2022121618
31.2 3 0 0 690 117632 2022121618
77.9 8 0 0 696 117835 2022121618
36.4 4 0 0 700 117354 2022121618
26.0 3 0 0 701 119266 2022121618
52.0 5 0 0 703 116981 2022121618
36.4 4 0 0 708 117262 2022121618
77.9 8 0 0 714 117600 2022121618
36.4 4 0 0 717 117196 2022121618
26.0 3 0 0 718 119209 2022121618
57.2 6 0 0 722 117971 2022121618
57.2 6 0 0 725 116336 2022121618
57.2 6 0 0 728 117788 2022121618
36.4 4 0 0 729 117215 2022121618
83.1 9 0 0 734 117140 2022121618
26.0 3 0 0 736 114522 2022121618
36.4 4 0 0 737 119074 2022121618
52.0 5 0 0 739 117102 2022121618
67.6 7 0 0 750 8273899 2022121618
0.00 0 0 0 857 8273899 2022121618
0.00 0 0 0 857 8273899 2022121618
0.00 0 0 0 857 8273899 2022121618
0.00 0 0 0 857 8273899 2022121618
0.00 0 0 0 857 8273899 2022121618
0.00 0 0 0 857 8273899 2022121618
10.5 1 0 0 857 5292539 2022121618
0.00 0 0 0 857 5292539 2022121618
0.00 0 0 0 857 5292539 2022121618
0.00 0 0 0 857 5292539 2022121618
0.00 0 0 0 857 5292539 2022121618
0.00 0 0 0 857 5292539 2022121618
0.00 0 0 0 857 5292539 2022121618
0.00 0 0 0 857 5292539 2022121618
0.00 0 0 0 857 5292539 2022121618
0.00 0 0 0 857 5292539 2022121618
0.00 0 0 0 857 5292539 2022121618
0.00 0 0 0 857 5292539 2022121618
0.00 0 0 0 857 5292539 2022121618
0.00 0 0 0 857 5292539 2022121618
0.00 0 0 0 857 5292539 2022121618
0.00 0 0 0 857 5292539 2022121618
0.00 0 0 0 857 5292539 2022121618
0.00 0 0 0 857 5292539 2022121618
0.00 0 0 0 857 5292539 2022121618
0.00 0 0 0 857 5292539 2022121618
0.00 0 0 0 857 5292539 2022121618
0.00 0 0 0 857 5292539 2022121618
0.00 0 0 0 857 5292539 2022121618
0.00 0 0 0 857 5292539 2022121618
0.00 0 0 0 857 5292539 2022121618
0.00 0 0 0 857 5292539 2022121618
0.00 0 0 0 857 5292539 2022121618
0.00 0 0 0 857 5292539 2022121618
0.00 0 0 0 857 5292539 2022121618
0.00 0 0 0 857 5292539 2022121618
0.00 0 0 0 857 5292539 2022121618
0.00 0 0 0 857 5292539 2022121618
0.00 0 0 0 857 5292539 2022121618
0.00 0 0 0 857 5292539 2022121618
0.00 0 0 0 857 5292539 2022121618
0.00 0 0 0 857 5292539 2022121618
0.00 0 0 0 857 5292539 2022121618
0.00 0 0 0 857 5292539 2022121618
0.00 0 0 0 857 5292539 2022121618
0.00 0 0 0 857 5292539 2022121618
0.00 0 0 0 857 5292539 2022121618
0.00 0 0 0 857 5292539 2022121618
0.00 0 0 0 857 5292539 2022121618
0.00 0 0 0 857 5292539 2022121618
0.00 0 0 0 857 5292539 2022121618
0.00 0 0 0 857 5292539 2022121618
0.00 0 0 0 857 5292539 2022121618
0.00 0 0 0 857 5292539 2022121618
0.00 0 0 0 857 5292539 2022121618
0.00 0 0 0 857 5292539 2022121618
0.00 0 0 0 857 5292539 2022121618
0.00 0 0 0 857 5292539 2022121618
0.00 0 0 0 857 5292539 2022121618
0.00 0 0 0 857 5292539 2022121618
0.00 0 0 0 857 5292539 2022121618
0.00 0 0 0 857 5292539 2022121618
0.00 0 0 0 857 5292539 2022121618
0.00 0 0 0 857 5292539 2022121618
0.00 0 0 0 857 5292539 2022121618
0.00 0 0 0 857 5292539 2022121618
0.00 0 0 0 857 5292539 2022121618
0.00 0 0 0 857 5292539 2022121618
0.00 0 0 0 857 5292539 2022121618
0.00 0 0 0 857 5292539 2022121618
0.00 0 0 0 857 5292539 2022121618
0.00 0 0 0 857 5292539 2022121618
0.00 0 0 0 857 5292539 2022121618
0.00 0 0 0 857 5292539 2022121618
0.00 0 0 0 857 5292539 2022121618
0.00 0 0 0 857 5292539 2022121618
0.00 0 0 0 857 5292539 2022121618
0.00 0 0 0 857 5292539 2022121618
0.00 0 0 0 857 5292539 2022121618
0.00 0 0 0 857 5292539 2022121618
0.00 0 0 0 857 5292539 2022121618
0.00 0 0 0 857 5292539 2022121618
0.00 0 0 0 857 5292539 2022121618
0.00 0 0 0 857 5292539 2022121618
0.00 0 0 0 857 5292539 2022121618
0.00 0 0 0 857 5292539 2022121618
0.00 0 0 0 857 5292539 2022121618
0.00 0 0 0 857 5292539 2022121618
0.00 0 0 0 857 5292539 2022121618
0.00 0 0 0 857 5292539 2022121618
0.00 0 0 0 857 5292539 2022121618
0.00 0 0 0 857 5292539 2022121618
0.00 0 0 0 857 5292539 2022121618
0.00 0 0 0 857 5292539 2022121618
0.00 0 0 0 857 5292539 2022121618
0.00 0 0 0 857 5292539 2022121618
0.00 0 0 0 857 5292539 2022121618
0.00 0 0 0 857 5292539 2022121618
0.00 0 0 0 857 5292539 2022121618
0.00 0 0 0 857 5292539 2022121618
0.00 0 0 0 857 5292539 2022121618
0.00 0 0 0 857 5292539 2022121618
0.00 0 0 0 857 5292539 2022121618
0.00 0 0 0 857 5292539 2022121618
0.00 0 0 0 857 5292539 2022121618
0.00 0 0 0 857 5292539 2022121618
0.00 0 0 0 857 5292539 2022121618
0.00 0 0 0 857 5292539 2022121618
0.00 0 0 0 857 5292539 2022121618
0.00 0 0 0 857 5292539 2022121618
0.00 0 0 0 857 5292539 2022121618
0.00 0 0 0 857 5292539 2022121618
0.00 0 0 0 857 5292539 2022121618
0.00 0 0 0 857 5292539 2022121618
0.00 0 0 0 857 5292539 2022121618
0.00 0 0 0 857 5292539 2022121618
0.00 0 0 0 857 5292539 2022121618
0.00 0 0 0 857 5292539 2022121618
0.00 0 0 0 857 5292539 2022121618
0.00 0 0 0 857 5292539 2022121618
0.00 0 0 0 857 5292539 2022121618
0.00 0 0 0 857 5292539 2022121618
0.00 0 0 0 857 5292539 2022121618
0.00 0 0 0 857 5292539 2022121618
0.00 0 0 0 857 5292539 2022121618
0.00 0 0 0 857 5292539 2022121618
0.00 0 0 0 857 5292539 2022121618
0.00 0 0 0 857 5292539 2022121618
0.00 0 0 0 857 5292539 2022121618
0.00 0 0 0 857 5292539 2022121618
241 23 0 0 857 5292539 2022121618
0.00 0 0 0 857 5292539 2022121618
0.00 0 0 0 857 5292539 2022121618
83.2 8 0 0 857 159338 2022121618
0.00 0 1 0 966 117148 2022121618
68.0 7 0 0 1199 114791 2022121618
51.5 6 0 0 1337 118242 2022121618
67.6 7 0 9 468 118789 2022121618
83.1 8 0 0 788 119463 2022121618
5.20 1 0 0 970 117438 2022121618
57.2 6 0 0 980 117566 2022121618
83.1 8 0 0 1031 117523 2022121618
0.00 0 0 0 1031 117523 2022121618
0.00 0 0 0 1031 117523 2022121618
0.00 0 0 0 1031 117523 2022121618
239 23 0 0 1070 118784 2022121618
0.00 0 0 0 1070 118784 2022121618
0.00 0 0 0 1070 118784 2022121618
0.00 0 0 0 1070 118784 2022121618
0.00 0 0 0 1070 118784 2022121618
0.00 0 0 0 1070 118784 2022121618
0.00 0 0 0 1070 118784 2022121618
0.00 0 0 0 1070 118784 2022121618
330 32 0 0 1111 119050 2022121618
0.00 0 0 0 1111 119050 2022121618
0.00 0 0 0 1111 119050 2022121618
0.00 0 0 0 1111 119050 2022121618
0.00 0 0 0 1111 119050 2022121618
0.00 0 0 0 1111 119050 2022121618
0.00 0 0 0 1111 119050 2022121618
330 32 0 16 799 114107 2022121618
0.00 0 0 0 799 114107 2022121618
0.00 0 0 0 799 114107 2022121618
0.00 0 0 0 799 114107 2022121618
0.00 0 0 0 799 114107 2022121618
234 23 0 0 828 117931 2022121618
0.00 0 0 0 828 117931 2022121618
0.00 0 0 0 828 117931 2022121618
0.00 0 0 0 828 117931 2022121618
223 22 0 0 861 119420 2022121618
0.00 0 0 0 861 119420 2022121618
0.00 0 0 0 861 119420 2022121618
0.00 0 0 0 861 119420 2022121618
0.00 0 0 0 861 119420 2022121618
0.00 0 0 0 861 119420 2022121618
0.00 0 0 0 861 119420 2022121618
329 32 0 0 888 123367 2022121618
0.00 0 0 0 888 123367 2022121618
0.00 0 0 0 888 123367 2022121618
0.00 0 0 0 888 123367 2022121618
0.00 0 0 0 888 123367 2022121618
0.00 0 0 0 888 123367 2022121618
0.00 0 0 0 888 123367 2022121618
329 32 0 0 903 118432 2022121618
0.00 0 0 0 903 118432 2022121618
0.00 0 0 0 903 118432 2022121618
0.00 0 0 0 903 118432 2022121618
0.00 0 0 0 903 118432 2022121618
213 21 0 0 908 117703 2022121618
98.7 10 0 0 911 118565 2022121618
46.8 5 0 0 912 119174 2022121618
62.4 6 0 0 916 119071 2022121618
88.3 9 0 0 922 118297 2022121618
0.00 0 0 0 922 118297 2022121618
72.7 7 0 0 930 118784 2022121618
0.00 0 0 0 930 118784 2022121618
177 17 0 0 939 119003 2022121618
0.00 0 0 0 939 119003 2022121618
0.00 0 0 0 939 119003 2022121618
0.00 0 0 0 939 119003 2022121618
0.00 0 0 0 939 119003 2022121618
0.00 0 0 0 939 119003 2022121618
329 32 0 0 472 114476 2022121618
0.00 0 0 0 472 114476 2022121618
0.00 0 0 0 472 114476 2022121618
0.00 0 0 0 472 114476 2022121618
0.00 0 0 0 472 114476 2022121618
0.00 0 0 0 472 114476 2022121618
0.00 0 0 0 472 114476 2022121618
0.00 0 0 0 472 114476 2022121618
0.00 0 0 0 472 114476 2022121618
0.00 0 0 0 472 114476 2022121618
94.4 9 0 0 13 121304 2022121618
0.00 0 0 0 13 121304 2022121618
0.00 0 0 0 13 121304 2022121618
0.00 0 0 0 13 121304 2022121618
0.00 0 0 0 13 121304 2022121618
0.00 0 0 0 13 121304 2022121618
0.00 0 0 0 13 121304 2022121618
0.00 0 0 0 13 121304 2022121618
0.00 0 0 0 13 121304 2022121618
0.00 0 0 0 13 121304 2022121618
0.00 0 0 0 13 121304 2022121618
0.00 0 0 0 13 121304 2022121618
0.00 0 0 0 13 121304 2022121618
0.00 0 0 0 13 121304 2022121618
0.00 0 0 0 13 121304 2022121618
0.00 0 0 0 13 121304 2022121618
0.00 0 0 0 13 121304 2022121618
0.00 0 0 0 13 121304 2022121618
0.00 0 0 0 13 121304 2022121618
0.00 0 0 0 13 121304 2022121618
0.00 0 0 0 13 121304 2022121618
0.00 0 0 0 13 121304 2022121618
0.00 0 0 0 13 121304 2022121618
0.00 0 0 0 13 121304 2022121618
0.00 0 0 0 13 121304 2022121618
0.00 0 0 0 13 121304 2022121618
0.00 0 0 0 13 121304 2022121618
0.00 0 0 0 13 121304 2022121618
0.00 0 0 0 13 121304 2022121618
0.00 0 0 0 13 121304 2022121618
0.00 0 0 0 13 121304 2022121618
0.00 0 0 0 13 121304 2022121618
0.00 0 0 0 13 121304 2022121618
0.00 0 0 0 13 121304 2022121618
0.00 0 0 0 13 121304 2022121618
0.00 0 0 0 13 121304 2022121618
0.00 0 0 0 13 121304 2022121618
0.00 0 0 0 13 121304 2022121618
0.00 0 0 0 13 121304 2022121618
0.00 0 0 0 13 121304 2022121618
0.00 0 0 0 13 121304 2022121618
0.00 0 0 0 13 121304 2022121618
0.00 0 0 0 13 121304 2022121618
0.00 0 0 0 13 121304 2022121618
0.00 0 0 0 13 121304 2022121618
0.00 0 0 0 13 121304 2022121618
0.00 0 0 0 13 121304 2022121618
0.00 0 0 0 13 121304 2022121618
0.00 0 0 0 13 121304 2022121618
0.00 0 0 0 13 121304 2022121618
0.00 0 0 0 13 121304 2022121618
0.00 0 0 0 13 121304 2022121618
0.00 0 0 0 13 121304 2022121618
0.00 0 0 0 13 121304 2022121618
0.00 0 0 0 13 121304 2022121618
0.00 0 0 0 13 121304 2022121618
0.00 0 0 0 13 121304 2022121618
0.00 0 0 0 13 121304 2022121618
0.00 0 0 0 13 121304 2022121618
0.00 0 0 0 13 121304 2022121618
0.00 0 0 0 13 121304 2022121618
0.00 0 0 0 13 121304 2022121618
0.00 0 0 0 13 121304 2022121618
0.00 0 0 0 13 121304 2022121618
0.00 0 0 0 13 121304 2022121618
0.00 0 0 0 13 121304 2022121618
0.00 0 0 0 13 121304 2022121618
0.00 0 0 0 13 121304 2022121618
0.00 0 0 0 13 121304 2022121618
0.00 0 0 0 13 121304 2022121618
0.00 0 0 0 13 121304 2022121618
0.00 0 0 0 13 121304 2022121618
0.00 0 0 0 13 121304 2022121618
0.00 0 0 0 13 121304 2022121618
0.00 0 0 0 13 121304 2022121618
0.00 0 0 0 13 121304 2022121618
0.00 0 0 0 13 121304 2022121618
0.00 0 0 0 13 121304 2022121618
0.00 0 0 0 13 121304 2022121618
0.00 0 0 0 13 121304 2022121618
0.00 0 0 0 13 121304 2022121618
0.00 0 0 0 13 121304 2022121618
0.00 0 0 0 13 121304 2022121618
0.00 0 0 0 13 121304 2022121618
0.00 0 0 0 13 121304 2022121618
0.00 0 0 0 13 121304 2022121618
0.00 0 0 0 13 121304 2022121618
0.00 0 0 0 13 121304 2022121618
0.00 0 0 0 13 121304 2022121618
0.00 0 0 0 13 121304 2022121618
0.00 0 0 0 13 121304 2022121618
0.00 0 0 0 13 121304 2022121618
0.00 0 0 0 13 121304 2022121618
0.00 0 0 0 13 121304 2022121618
0.00 0 0 0 13 121304 2022121618
0.00 0 0 0 13 121304 2022121618
0.00 0 0 0 13 121304 2022121618
0.00 0 0 0 13 121304 2022121618
0.00 0 0 0 13 121304 2022121618
0.00 0 0 0 13 121304 2022121618
0.00 0 0 0 13 121304 2022121618
0.00 0 0 0 13 121304 2022121618
0.00 0 0 0 13 121304 2022121618
0.00 0 0 0 13 121304 2022121618
0.00 0 0 0 13 121304 2022121618
0.00 0 0 0 13 121304 2022121618
0.00 0 0 0 13 121304 2022121618
0.00 0 0 0 13 121304 2022121618
0.00 0 0 0 13 121304 2022121618
0.00 0 0 0 13 121304 2022121618
0.00 0 0 0 13 121304 2022121618
0.00 0 0 0 13 121304 2022121618
0.00 0 0 0 13 121304 2022121618
0.00 0 0 0 13 121304 2022121618
0.00 0 0 0 13 121304 2022121618
0.00 0 0 0 13 121304 2022121618
0.00 0 0 0 13 121304 2022121618
0.00 0 0 0 13 121304 2022121618
0.00 0 0 0 13 121304 2022121618
0.00 0 0 0 13 121304 2022121618
0.00 0 0 0 13 121304 2022121618
0.00 0 0 0 13 121304 2022121618
0.00 0 0 0 13 121304 2022121618
0.00 0 0 0 13 121304 2022121618
0.00 0 0 0 13 121304 2022121618
0.00 0 0 0 13 121304 2022121618
0.00 0 0 0 13 121304 2022121618
0.00 0 0 0 13 121304 2022121618
0.00 0 0 0 13 121304 2022121618
0.00 0 0 0 13 121304 2022121618
0.00 0 0 0 13 121304 2022121618
0.00 0 0 0 13 121304 2022121618
0.00 0 0 0 13 121304 2022121618
0.00 0 0 0 13 121304 2022121618
0.00 0 0 0 13 121304 2022121618
0.00 0 0 0 13 121304 2022121618
0.00 0 0 0 13 121304 2022121618
0.00 0 0 0 13 121304 2022121618
0.00 0 0 0 13 121304 2022121618
0.00 0 0 0 13 121304 2022121618
0.00 0 0 0 13 121304 2022121618
0.00 0 0 0 13 121304 2022121618
0.00 0 0 0 13 121304 2022121618
323 31 0 0 146 114927 2022121618
0.00 0 0 0 146 114927 2022121618
0.00 0 0 0 146 114927 2022121618
0.00 0 0 0 146 114927 2022121618
0.00 0 1 0 146 119837 2022121618
10.4 1 0 0 219 117828 2022121618
15.6 2 0 0 315 116858 2022121618
0.00 0 1 0 317 119053 2022121618
10.4 1 0 0 423 119100 2022121618
26.0 3 0 0 555 118781 2022121618
31.2 4 0 0 722 117728 2022121618
46.8 5 0 0 889 117363 2022121618
31.2 3 0 0 926 116945 2022121618
26.0 3 0 0 940 117808 2022121618
114 12 0 0 955 116970 2022121618
36.4 4 0 0 956 118470 2022121618
67.6 7 0 0 958 117008 2022121618
46.8 5 0 0 958 119148 2022121618
114 11 0 0 959 116975 2022121618
0.00 0 0 0 959 116975 2022121618
83.1 9 0 0 959 118442 2022121618
57.2 6 0 0 959 117033 2022121618
46.8 5 0 0 959 114336 2022121618
57.2 6 0 0 959 122326 2022121618
98.7 10 0 0 959 118444 2022121618
57.2 6 0 0 959 114139 2022121618
57.2 6 0 0 959 117105 2022121618
46.8 5 0 0 959 122600 2022121618
109 11 0 0 959 117417 2022121618
46.8 5 0 0 959 118448 2022121618
52.0 5 0 0 959 118295 2022121618
57.2 6 0 0 959 117337 2022121618
98.7 10 0 0 959 118018 2022121618
57.2 6 0 0 959 117470 2022121618
46.8 5 0 0 959 117757 2022121618
77.9 8 0 0 959 117984 2022121618
57.2 6 0 0 959 118215 2022121618
57.2 6 0 0 959 117146 2022121618
98.7 10 0 0 959 113948 2022121618
57.2 6 0 0 959 117264 2022121618
46.8 5 0 0 961 118395 2022121618
52.0 5 0 0 961 118083 2022121618
104 11 0 0 961 117115 2022121618
57.2 6 0 0 961 117437 2022121618
52.0 5 0 0 962 117529 2022121618
46.8 5 0 0 962 118489 2022121618
109 11 0 0 963 117190 2022121618
46.8 5 0 0 963 117373 2022121618
52.0 5 0 0 963 117214 2022121618
52.0 5 0 0 963 117171 2022121618
83.1 9 0 0 963 117513 2022121618
41.6 4 0 0 963 117664 2022121618
31.2 3 0 0 963 117318 2022121618
36.4 4 0 0 963 117665 2022121618
77.9 8 0 0 963 121409 2022121618
36.4 4 0 0 963 117476 2022121618
41.6 4 0 0 963 113479 2022121618
36.4 4 0 0 963 113651 2022121618
77.9 8 0 0 963 117547 2022121618
36.4 4 0 0 963 117453 2022121618
36.4 4 0 0 963 121269 2022121618
36.4 4 0 0 963 121163 2022121618
77.9 8 0 0 963 117302 2022121618
26.0 3 0 0 963 117041 2022121618
41.6 4 0 0 963 121514 2022121618
46.8 5 0 0 963 117278 2022121618
77.9 8 0 0 963 117221 2022121618
0.00 0 0 0 963 117221 2022121618
104 11 0 0 963 121000 2022121618
41.6 4 0 0 963 117127 2022121618
41.6 4 0 0 963 117310 2022121618
41.6 4 0 0 963 113183 2022121618
72.7 7 0 0 963 121216 2022121618
0.00 0 0 0 963 121216 2022121618
135 13 0 0 963 117295 2022121618
0.00 0 0 0 963 117295 2022121618
93.5 9 0 0 963 117155 2022121618
46.8 5 0 0 963 121127 2022121618
93.5 10 0 0 963 121444 2022121618
28.1 1714 6 216 963 121444 2022121618
0.00 0 0 0 1490 9043298 2022121618
0.00 0 0 0 1490 9043298 2022121618
0.00 0 0 0 1490 9043298 2022121618
0.00 0 0 0 1490 9043298 2022121618
0.00 0 0 0 1490 9043298 2022121618
0.00 0 0 0 1490 9043298 2022121618
0.00 0 0 0 1490 9043298 2022121618
0.00 0 0 0 1490 9043298 2022121618
0.00 0 0 0 1490 9043298 2022121618
0.00 0 0 0 1490 9043298 2022121618
0.00 0 0 0 1490 9043298 2022121618
0.00 0 0 0 1490 9043298 2022121618
0.00 0 0 0 1490 9043298 2022121618
0.00 0 0 0 1490 9043298 2022121618
0.00 0 0 0 1490 9043298 2022121618
0.00 0 0 0 1490 9043298 2022121618
0.00 0 0 0 1490 9043298 2022121618
0.00 0 0 0 1490 9043298 2022121618
0.00 0 0 0 1490 9043298 2022121618
0.00 0 0 0 1490 9043298 2022121618
0.00 0 0 0 1490 9043298 2022121618
0.00 0 0 0 1490 9043298 2022121618
0.00 0 0 0 1490 9043298 2022121618
0.00 0 0 0 1490 9043298 2022121618
0.00 0 0 0 1490 9043298 2022121618
0.00 0 0 0 1490 9043298 2022121618
0.00 0 0 0 1490 9043298 2022121618
0.00 0 0 0 1490 9043298 2022121618
0.00 0 0 0 1490 9043298 2022121618
0.00 0 0 0 1490 9043298 2022121618
0.00 0 0 0 1490 9043298 2022121618
0.00 0 0 0 1490 9043298 2022121618
0.00 0 0 0 1490 9043298 2022121618
0.00 0 0 0 1490 9043298 2022121618
27.9 1783 6 308 1490 9043298 2022121618
