13.7 2 0 0 27 119869 2022121608
0.00 0 1 0 55 119751 2022121608
10.4 1 0 0 110 119653 2022121608
18.2 2 0 0 220 119226 2022121608
31.2 3 0 0 441 117360 2022121608
10.5 1 0 0 441 117360 2022121608
72.7 7 0 0 810 117995 2022121608
239 23 0 0 846 117003 2022121608
26.0 3 0 0 868 117534 2022121608
36.4 4 0 0 893 119283 2022121608
104 11 0 0 956 117808 2022121608
41.6 4 0 0 984 119263 2022121608
67.6 7 0 0 1028 117321 2022121608
46.8 5 0 0 1054 118086 2022121608
120 12 0 0 1133 117326 2022121608
46.8 5 0 0 1162 117193 2022121608
46.8 5 0 0 1195 116135 2022121608
88.3 9 0 0 1249 117099 2022121608
104 10 0 21 97 119258 2022121608
46.8 5 0 4 896 117910 2022121608
46.8 5 0 0 907 112830 2022121608
10.4 1 0 0 918 118952 2022121608
72.7 7 0 5 523 117863 2022121608
57.2 6 0 44 649 119824 2022121608
5.20 1 0 0 654 116903 2022121608
5.20 1 0 0 657 119350 2022121608
98.7 10 0 0 661 118447 2022121608
57.2 6 0 0 672 117062 2022121608
5.20 1 0 0 675 119565 2022121608
46.8 5 0 0 682 118888 2022121608
41.6 4 0 0 688 116912 2022121608
20.8 2 0 0 690 119519 2022121608
88.3 9 0 0 700 117034 2022121608
26.0 3 0 0 703 119439 2022121608
52.0 5 0 0 707 117471 2022121608
31.2 3 0 0 711 117059 2022121608
83.1 8 0 0 718 117484 2022121608
31.2 3 0 0 718 116019 2022121608
31.2 3 0 0 723 119217 2022121608
88.3 9 0 0 730 117588 2022121608
26.0 3 0 0 733 119160 2022121608
57.2 6 0 0 736 117717 2022121608
36.4 4 0 0 739 117548 2022121608
83.1 9 0 0 744 117095 2022121608
26.0 3 0 0 747 118473 2022121608
41.6 4 0 0 748 119126 2022121608
52.0 5 0 0 751 117101 2022121608
67.6 7 0 0 755 118391 2022121608
52.0 5 0 0 758 117775 2022121608
31.2 3 0 0 761 118067 2022121608
41.6 4 0 0 762 118821 2022121608
83.1 9 0 0 766 118270 2022121608
41.6 4 0 0 768 118833 2022121608
46.8 5 0 0 769 117203 2022121608
36.4 4 0 0 770 118460 2022121608
41.6 4 0 0 772 119085 2022121608
83.1 9 0 0 774 114487 2022121608
41.6 4 0 0 774 118882 2022121608
52.0 5 0 0 776 113495 2022121608
31.2 3 0 46 449 117306 2022121608
0.00 0 0 0 449 117306 2022121608
0.00 0 0 0 449 117306 2022121608
0.00 0 0 0 449 117306 2022121608
0.00 0 0 0 449 117306 2022121608
223 22 0 0 548 117035 2022121608
36.4 4 0 0 554 114953 2022121608
31.2 3 0 0 559 117529 2022121608
26.0 3 0 0 561 122574 2022121608
67.6 7 0 0 573 116959 2022121608
10.4 1 0 0 575 117682 2022121608
46.8 5 0 0 581 117443 2022121608
26.0 3 0 0 584 117024 2022121608
72.7 7 0 0 591 117132 2022121608
20.8 2 0 0 595 116987 2022121608
20.8 2 0 0 597 117190 2022121608
52.0 5 0 0 603 112938 2022121608
46.8 5 0 0 606 114795 2022121608
26.0 3 0 0 608 117030 2022121608
72.7 7 0 0 614 117049 2022121608
26.0 3 0 0 616 117161 2022121608
20.8 2 0 0 619 117881 2022121608
52.0 5 0 0 621 117374 2022121608
52.0 5 0 0 626 117868 2022121608
52.0 5 0 0 628 116974 2022121608
26.0 3 0 0 630 117355 2022121608
20.8 2 0 0 631 118686 2022121608
77.9 8 0 0 635 118751 2022121608
26.0 3 0 0 638 118754 2022121608
41.6 4 0 0 639 117160 2022121608
26.0 3 0 0 641 118655 2022121608
72.7 7 0 0 643 117368 2022121608
31.2 3 0 0 645 115149 2022121608
41.6 4 0 0 646 117760 2022121608
31.2 3 0 0 648 117603 2022121608
72.7 7 0 0 650 117024 2022121608
36.4 4 0 0 650 117597 2022121608
26.0 3 0 0 652 118244 2022121608
41.6 4 0 0 653 118111 2022121608
67.6 7 0 0 654 118764 2022121608
41.6 4 0 0 656 117925 2022121608
36.4 4 0 0 656 117421 2022121608
26.0 3 0 0 657 118782 2022121608
77.9 8 0 0 659 117459 2022121608
31.2 3 0 0 660 118690 2022121608
41.6 4 0 0 660 117565 2022121608
36.4 4 0 0 660 117353 2022121608
72.7 7 0 0 661 117628 2022121608
36.4 4 0 0 661 117711 2022121608
31.2 3 0 0 661 118914 2022121608
41.6 4 0 0 661 118146 2022121608
62.4 6 0 0 663 118601 2022121608
46.8 5 0 0 663 117715 2022121608
31.2 3 0 0 663 117431 2022121608
77.9 8 0 0 663 113521 2022121608
31.2 3 0 0 663 117385 2022121608
36.4 4 0 0 663 116913 2022121608
15.6 2 0 0 663 116947 2022121608
83.1 8 0 0 663 117076 2022121608
26.0 3 0 0 663 118874 2022121608
46.8 5 0 0 663 117062 2022121608
31.2 3 0 0 663 117350 2022121608
52.1 5 0 0 663 118730 2022121608
57.0 6 0 0 663 117462 2022121608
31.2 3 0 0 663 118751 2022121608
41.6 4 0 0 663 117356 2022121608
36.4 4 0 0 663 117274 2022121608
72.7 8 0 0 663 113785 2022121608
36.4 4 0 0 663 113399 2022121608
26.0 3 0 0 663 118964 2022121608
77.9 8 0 0 663 117411 2022121608
31.2 3 0 0 663 117609 2022121608
46.8 5 0 0 663 117177 2022121608
31.2 3 0 0 663 118808 2022121608
72.7 7 0 0 663 117030 2022121608
36.4 4 0 0 663 117627 2022121608
31.2 3 0 0 663 118853 2022121608
41.6 4 0 0 663 117432 2022121608
67.6 7 0 0 664 118601 2022121608
41.6 4 0 0 667 120296 2022121608
0.00 0 0 0 667 120296 2022121608
0.00 0 0 0 667 120296 2022121608
0.00 0 0 0 667 120296 2022121608
0.00 0 0 0 667 120296 2022121608
0.00 0 0 0 667 120296 2022121608
229 22 0 0 668 117100 2022121608
57.2 6 0 0 668 119148 2022121608
20.8 2 0 0 670 117030 2022121608
77.9 8 0 0 671 119722 2022121608
31.2 3 0 0 672 117139 2022121608
31.2 3 0 0 672 117276 2022121608
52.0 5 0 0 674 119280 2022121608
57.2 6 0 0 675 119252 2022121608
52.0 5 0 0 677 117623 2022121608
26.0 3 0 0 677 117920 2022121608
31.2 3 0 0 678 119378 2022121608
83.1 8 0 0 681 113469 2022121608
31.2 3 0 0 682 114154 2022121608
46.8 5 0 0 683 113009 2022121608
31.2 3 0 0 685 117430 2022121608
83.1 8 0 0 689 116958 2022121608
26.0 3 0 0 690 117459 2022121608
36.4 4 0 0 692 117925 2022121608
46.8 5 0 0 694 117633 2022121608
67.6 7 0 0 697 119229 2022121608
46.8 5 0 0 701 117612 2022121608
31.2 3 0 0 703 118323 2022121608
31.2 3 0 0 704 119417 2022121608
83.1 8 0 0 710 118322 2022121608
36.4 4 0 0 712 119413 2022121608
52.0 5 0 0 715 117094 2022121608
26.0 3 0 0 718 118416 2022121608
62.4 7 0 8 501 119224 2022121608
5.20 1 0 0 501 123542 2022121608
52.0 5 0 0 512 117142 2022121608
20.8 2 0 0 518 117015 2022121608
62.4 7 0 0 533 117030 2022121608
20.8 2 0 0 539 117013 2022121608
20.8 2 0 0 543 119159 2022121608
36.4 4 0 0 551 113539 2022121608
52.0 6 0 0 561 115727 2022121608
41.6 4 0 0 569 118161 2022121608
26.0 3 0 0 573 118135 2022121608
20.8 2 0 0 577 119401 2022121608
72.7 8 0 0 590 118066 2022121608
20.8 2 0 0 594 119412 2022121608
46.8 5 0 0 599 117706 2022121608
26.0 3 0 0 603 117571 2022121608
72.7 8 0 0 613 117782 2022121608
26.0 3 0 0 616 118272 2022121608
26.0 3 0 0 620 119267 2022121608
46.8 5 0 0 626 117650 2022121608
26.0 3 0 0 632 117811 2022121608
52.0 5 0 0 637 117063 2022121608
72.7 8 0 0 643 117834 2022121608
31.2 3 0 0 648 116910 2022121608
15.6 2 0 0 649 122872 2022121608
57.2 6 0 0 653 113715 2022121608
52.0 5 0 0 659 117500 2022121608
57.2 6 0 0 661 117887 2022121608
26.0 3 0 0 664 117272 2022121608
20.8 2 0 0 666 117511 2022121608
88.3 9 0 0 672 117402 2022121608
20.8 2 0 0 675 118071 2022121608
62.4 6 0 0 677 117881 2022121608
26.0 3 0 0 679 117048 2022121608
83.1 8 0 0 685 116918 2022121608
31.2 3 0 0 686 117020 2022121608
20.8 2 0 0 688 118459 2022121608
57.2 6 0 0 690 117304 2022121608
57.2 6 0 0 693 118828 2022121608
57.2 6 0 0 696 117306 2022121608
26.0 3 0 0 696 121225 2022121608
26.0 3 0 0 699 116870 2022121608
88.3 9 0 31 56 112973 2022121608
20.8 2 0 28 353 118604 2022121608
5.20 1 0 0 492 117007 2022121608
0.00 0 1 0 493 119399 2022121608
77.9 8 0 0 504 116958 2022121608
10.4 1 0 0 507 118485 2022121608
46.8 5 0 0 512 117057 2022121608
20.8 2 0 0 517 117120 2022121608
62.4 7 0 0 523 116968 2022121608
20.8 2 0 0 526 116976 2022121608
20.8 2 0 0 528 117035 2022121608
41.6 4 0 0 532 117586 2022121608
41.6 5 0 0 537 119188 2022121608
41.6 4 0 0 541 117609 2022121608
26.0 3 0 0 546 117265 2022121608
20.8 2 0 0 548 117011 2022121608
67.6 7 0 0 554 117781 2022121608
20.8 2 0 0 554 119440 2022121608
46.8 5 0 0 557 117085 2022121608
26.0 3 0 0 558 117525 2022121608
62.4 6 0 0 563 117758 2022121608
26.0 3 0 0 563 119266 2022121608
20.8 2 0 0 566 119347 2022121608
46.8 5 0 0 569 117817 2022121608
46.8 5 0 0 572 121811 2022121608
0.00 0 0 0 572 121811 2022121608
67.6 7 0 0 575 118399 2022121608
46.8 5 0 0 576 117097 2022121608
26.0 3 0 0 579 117393 2022121608
20.8 2 0 0 580 117302 2022121608
72.7 8 0 0 581 117607 2022121608
26.0 3 0 0 583 117830 2022121608
41.6 4 0 0 584 119513 2022121608
31.2 3 0 0 584 118063 2022121608
67.6 7 0 0 587 119273 2022121608
26.0 3 0 0 587 117847 2022121608
20.8 2 0 0 588 117827 2022121608
46.8 5 0 0 590 119431 2022121608
52.0 6 0 0 591 117062 2022121608
46.8 5 0 0 591 117463 2022121608
26.0 3 0 0 591 123383 2022121608
46.8 5 0 0 592 113323 2022121608
26.0 3 0 0 592 113277 2022121608
41.6 4 0 0 592 117445 2022121608
52.0 5 0 0 592 119488 2022121608
46.8 5 0 0 594 116917 2022121608
26.0 3 0 0 594 117445 2022121608
26.0 3 0 0 594 119217 2022121608
72.7 8 0 0 594 117823 2022121608
26.0 3 0 0 594 119308 2022121608
41.6 4 0 0 594 117953 2022121608
31.2 3 0 0 594 117729 2022121608
67.6 7 0 0 594 117961 2022121608
26.0 3 0 0 594 117494 2022121608
52.0 5 0 0 594 116951 2022121608
15.6 2 0 0 594 122218 2022121608
52.0 5 0 0 594 117250 2022121608
20.8 2 0 0 594 117618 2022121608
77.9 8 0 0 594 117057 2022121608
20.8 2 0 0 594 117126 2022121608
20.8 2 0 0 594 117604 2022121608
52.0 5 0 0 594 113555 2022121608
46.8 5 0 0 594 119268 2022121608
46.8 5 0 0 594 117400 2022121608
26.0 3 0 0 594 117532 2022121608
26.0 3 0 0 594 117144 2022121608
72.7 8 0 0 594 118528 2022121608
20.8 2 0 0 594 109602 2022121608
52.0 5 0 0 594 117333 2022121608
20.8 2 0 0 594 117974 2022121608
77.9 8 0 0 594 117302 2022121608
20.8 2 0 0 594 118250 2022121608
26.0 3 0 0 594 118928 2022121608
46.8 5 0 0 595 113413 2022121608
46.8 5 0 0 595 120613 2022121608
52.0 5 0 0 595 113739 2022121608
20.8 2 0 0 597 118175 2022121608
26.0 3 0 0 597 123166 2022121608
72.7 7 0 0 598 122196 2022121608
26.0 3 0 0 598 119363 2022121608
46.8 5 0 0 598 118115 2022121608
52.0 6 0 0 599 119307 2022121608
41.6 4 0 0 601 117954 2022121608
26.0 3 0 0 602 114085 2022121608
31.2 3 0 0 602 119919 2022121608
41.6 4 0 0 602 118294 2022121608
57.2 6 0 0 605 119291 2022121608
41.6 4 0 0 606 117830 2022121608
26.0 3 0 0 606 118263 2022121608
31.2 3 0 0 608 119304 2022121608
67.6 7 0 0 610 118071 2022121608
31.2 3 0 0 612 119402 2022121608
41.6 4 0 0 613 117804 2022121608
26.0 3 0 0 614 117825 2022121608
77.9 8 0 0 617 117171 2022121608
26.0 3 0 0 619 117591 2022121608
26.0 3 0 0 620 107580 2022121608
72.7 8 0 0 624 158490 2022121608
0.00 0 0 0 624 158490 2022121608
46.8 5 0 0 626 160550 2022121608
20.8 2 0 0 630 116938 2022121608
41.6 4 1 0 634 117233 2022121608
31.2 3 0 0 637 117351 2022121608
26.0 3 0 0 639 119154 2022121608
46.8 5 0 0 642 117327 2022121608
57.2 6 0 0 648 119147 2022121608
46.8 5 0 0 650 117081 2022121608
31.2 3 0 0 652 118985 2022121608
26.0 3 0 0 656 119266 2022121608
77.9 8 0 0 663 117467 2022121608
31.2 3 0 0 666 119171 2022121608
46.8 5 0 0 670 117056 2022121608
31.2 3 0 0 672 117522 2022121608
72.7 7 0 0 681 117140 2022121608
31.2 3 0 0 683 117361 2022121608
36.4 4 0 0 688 117836 2022121608
41.6 4 0 0 693 117154 2022121608
72.7 8 0 0 701 118044 2022121608
41.6 4 0 0 706 117920 2022121608
36.4 4 0 0 710 117605 2022121608
36.4 4 0 0 715 118421 2022121608
77.9 8 0 0 725 113908 2022121608
36.4 4 0 0 730 118715 2022121608
41.6 4 0 0 740 118112 2022121608
62.4 6 0 0 744 113035 2022121608
10.4 1 0 0 752 117438 2022121608
62.4 6 0 0 763 117212 2022121608
62.4 6 0 0 763 118966 2022121608
57.2 6 0 0 774 117035 2022121608
31.2 3 0 0 779 117047 2022121608
36.4 4 0 0 785 118981 2022121608
88.3 9 0 0 801 117090 2022121608
36.4 4 0 0 806 118955 2022121608
57.2 6 0 0 814 117143 2022121608
36.4 4 0 0 821 117299 2022121608
93.5 9 0 0 836 117057 2022121608
41.6 4 0 0 845 117322 2022121608
41.6 4 0 0 849 117742 2022121608
52.0 5 0 0 861 117789 2022121608
83.1 9 0 0 882 113754 2022121608
57.2 6 0 0 888 118743 2022121608
46.8 5 0 0 899 117646 2022121608
41.6 4 0 0 901 115028 2022121608
104 11 0 0 922 117133 2022121608
41.6 4 0 0 929 119023 2022121608
57.2 6 0 0 940 117317 2022121608
46.8 5 0 0 950 117427 2022121608
109 11 0 0 970 117304 2022121608
46.8 5 0 0 980 117060 2022121608
46.8 5 0 0 990 118710 2022121608
62.4 6 0 0 1002 117362 2022121608
93.5 10 0 0 1023 118753 2022121608
67.6 7 0 0 1036 117084 2022121608
52.0 5 0 0 1047 117046 2022121608
46.8 5 0 0 1054 118793 2022121608
109 11 0 0 1079 118076 2022121608
62.4 6 0 0 1094 117646 2022121608
62.4 6 0 0 1107 117152 2022121608
52.0 5 0 0 1118 113868 2022121608
125 12 0 0 1145 113523 2022121608
57.2 6 0 0 1158 118255 2022121608
67.6 7 0 0 1172 117053 2022121608
57.2 6 0 0 1187 117483 2022121608
125 12 0 0 1214 117995 2022121608
67.6 7 0 0 1229 117169 2022121608
62.4 6 0 0 1243 117505 2022121608
67.6 7 0 0 1258 117749 2022121608
135 14 0 0 1287 117372 2022121608
67.6 7 0 0 1304 117717 2022121608
72.7 7 0 0 1320 117083 2022121608
67.6 7 0 0 1332 117947 2022121608
145 15 0 0 1369 117325 2022121608
67.6 7 0 0 1384 117232 2022121608
72.7 7 0 0 1402 117525 2022121608
77.9 8 0 0 1412 117972 2022121608
156 16 0 0 1453 117022 2022121608
36.4 4 0 0 1472 118176 2022121608
83.1 8 0 0 1493 117105 2022121608
77.9 8 0 0 1511 116999 2022121608
166 16 0 2 1014 117321 2022121608
77.9 8 0 5 103 117148 2022121608
41.6 4 0 0 979 118077 2022121608
5.20 1 0 0 994 120925 2022121608
161 16 0 0 1072 117579 2022121608
0.00 0 0 0 1072 117579 2022121608
0.00 0 0 0 1072 117579 2022121608
0.00 0 0 0 1072 117579 2022121608
0.00 0 0 0 1072 117579 2022121608
330 32 0 0 1101 117132 2022121608
0.00 0 0 0 1101 117132 2022121608
0.00 0 0 0 1101 117132 2022121608
93.5 9 0 0 1118 119000 2022121608
125 12 0 0 1166 119319 2022121608
0.00 0 0 0 1166 119319 2022121608
0.00 0 0 0 1166 119319 2022121608
0.00 0 0 0 1166 119319 2022121608
320 31 0 0 1217 117140 2022121608
0.00 0 0 0 1217 117140 2022121608
0.00 0 0 0 1217 117140 2022121608
0.00 0 0 0 1217 117140 2022121608
21.0 2 0 0 13 117087 2022121608
0.00 0 0 0 13 117087 2022121608
0.00 0 0 0 13 117087 2022121608
0.00 0 0 0 13 117087 2022121608
0.00 0 0 0 13 117087 2022121608
0.00 0 0 0 13 117087 2022121608
0.00 0 0 0 13 117087 2022121608
0.00 0 0 0 13 117087 2022121608
0.00 0 0 0 13 117087 2022121608
0.00 0 0 0 13 117087 2022121608
0.00 0 0 0 13 117087 2022121608
0.00 0 0 0 13 117087 2022121608
0.00 0 0 0 13 117087 2022121608
0.00 0 0 0 13 117087 2022121608
0.00 0 0 0 13 117087 2022121608
0.00 0 0 0 13 117087 2022121608
0.00 0 0 0 13 117087 2022121608
0.00 0 0 0 13 117087 2022121608
0.00 0 0 0 13 117087 2022121608
0.00 0 0 0 13 117087 2022121608
0.00 0 0 0 13 117087 2022121608
0.00 0 0 0 13 117087 2022121608
0.00 0 0 0 13 117087 2022121608
0.00 0 0 0 13 117087 2022121608
0.00 0 0 0 13 117087 2022121608
0.00 0 0 0 13 117087 2022121608
0.00 0 0 0 13 117087 2022121608
0.00 0 0 0 13 117087 2022121608
0.00 0 0 0 13 117087 2022121608
0.00 0 0 0 13 117087 2022121608
0.00 0 0 0 13 117087 2022121608
0.00 0 0 0 13 117087 2022121608
0.00 0 0 0 13 117087 2022121608
0.00 0 0 0 13 117087 2022121608
0.00 0 0 0 13 117087 2022121608
0.00 0 0 0 13 117087 2022121608
0.00 0 0 0 13 117087 2022121608
0.00 0 0 0 13 117087 2022121608
0.00 0 0 0 13 117087 2022121608
0.00 0 0 0 13 117087 2022121608
0.00 0 0 0 13 117087 2022121608
0.00 0 0 0 13 117087 2022121608
0.00 0 0 0 13 117087 2022121608
0.00 0 0 0 13 117087 2022121608
0.00 0 0 0 13 117087 2022121608
0.00 0 0 0 13 117087 2022121608
0.00 0 0 0 13 117087 2022121608
0.00 0 0 0 13 117087 2022121608
0.00 0 0 0 13 117087 2022121608
0.00 0 0 0 13 117087 2022121608
0.00 0 0 0 13 117087 2022121608
0.00 0 0 0 13 117087 2022121608
0.00 0 0 0 13 117087 2022121608
0.00 0 0 0 13 117087 2022121608
0.00 0 0 0 13 117087 2022121608
0.00 0 0 0 13 117087 2022121608
0.00 0 0 0 13 117087 2022121608
0.00 0 0 0 13 117087 2022121608
0.00 0 0 0 13 117087 2022121608
0.00 0 0 0 13 117087 2022121608
0.00 0 0 0 13 117087 2022121608
0.00 0 0 0 13 117087 2022121608
0.00 0 0 0 13 117087 2022121608
0.00 0 0 0 13 117087 2022121608
0.00 0 0 0 13 117087 2022121608
0.00 0 0 0 13 117087 2022121608
0.00 0 0 0 13 117087 2022121608
0.00 0 0 0 13 117087 2022121608
0.00 0 0 0 13 117087 2022121608
0.00 0 0 0 13 117087 2022121608
0.00 0 0 0 13 117087 2022121608
0.00 0 0 0 13 117087 2022121608
0.00 0 0 0 13 117087 2022121608
0.00 0 0 0 13 117087 2022121608
0.00 0 0 0 13 117087 2022121608
0.00 0 0 0 13 117087 2022121608
0.00 0 0 0 13 117087 2022121608
0.00 0 0 0 13 117087 2022121608
0.00 0 0 0 13 117087 2022121608
0.00 0 0 0 13 117087 2022121608
0.00 0 0 0 13 117087 2022121608
0.00 0 0 0 13 117087 2022121608
0.00 0 0 0 13 117087 2022121608
0.00 0 0 0 13 117087 2022121608
0.00 0 0 0 13 117087 2022121608
0.00 0 0 0 13 117087 2022121608
0.00 0 0 0 13 117087 2022121608
0.00 0 0 0 13 117087 2022121608
0.00 0 0 0 13 117087 2022121608
0.00 0 0 0 13 117087 2022121608
0.00 0 0 0 13 117087 2022121608
0.00 0 0 0 13 117087 2022121608
0.00 0 0 0 13 117087 2022121608
0.00 0 0 0 13 117087 2022121608
0.00 0 0 0 13 117087 2022121608
0.00 0 0 0 13 117087 2022121608
0.00 0 0 0 13 117087 2022121608
0.00 0 0 0 13 117087 2022121608
0.00 0 0 0 13 117087 2022121608
0.00 0 0 0 13 117087 2022121608
0.00 0 0 0 13 117087 2022121608
0.00 0 0 0 13 117087 2022121608
0.00 0 0 0 13 117087 2022121608
0.00 0 0 0 13 117087 2022121608
0.00 0 0 0 13 117087 2022121608
0.00 0 0 0 13 117087 2022121608
0.00 0 0 0 13 117087 2022121608
0.00 0 0 0 13 117087 2022121608
323 31 0 0 220 118401 2022121608
0.00 0 0 0 220 118401 2022121608
0.00 0 0 0 220 118401 2022121608
0.00 0 0 0 220 118401 2022121608
0.00 0 0 0 220 118401 2022121608
15.6 2 1 0 441 119495 2022121608
10.4 1 0 0 882 119366 2022121608
31.2 3 0 0 983 116985 2022121608
0.00 0 1 0 1213 117746 2022121608
77.9 8 0 0 1287 116996 2022121608
98.7 10 0 0 1315 118918 2022121608
83.1 8 0 0 1333 117344 2022121608
67.6 7 0 0 1343 116968 2022121608
62.4 6 0 0 1349 118981 2022121608
151 15 0 0 1365 117092 2022121608
67.6 7 0 0 1370 122734 2022121608
83.1 8 0 0 1377 113742 2022121608
140 14 0 0 1388 118593 2022121608
83.1 8 0 30 328 117915 2022121608
0.00 0 0 0 328 117915 2022121608
114 11 0 3 974 120017 2022121608
0.00 0 0 0 974 120017 2022121608
114 11 0 0 991 117171 2022121608
0.00 0 0 0 991 117171 2022121608
104 10 0 0 1007 117765 2022121608
0.00 0 0 0 1007 117765 2022121608
120 12 0 0 1016 117239 2022121608
83.1 8 0 0 1028 117591 2022121608
125 12 0 0 1042 117109 2022121608
0.00 0 0 0 1042 117109 2022121608
125 12 0 0 1053 117080 2022121608
0.00 0 0 0 1053 117080 2022121608
130 13 0 0 1057 117010 2022121608
36.4 4 0 0 1061 115834 2022121608
77.9 8 0 0 1078 117565 2022121608
0.00 0 0 0 1078 117565 2022121608
177 17 0 0 1097 132506 2022121608
0.00 0 0 0 1098 132506 2022121608
0.00 0 0 0 1098 132506 2022121608
0.00 0 0 0 1098 132506 2022121608
0.00 0 0 0 1098 132506 2022121608
330 32 0 0 1121 119022 2022121608
0.00 0 0 0 1121 119022 2022121608
0.00 0 0 0 1121 119022 2022121608
0.00 0 0 0 1121 119022 2022121608
0.00 0 0 0 1121 119022 2022121608
268 26 0 0 1133 118260 2022121608
0.00 0 0 0 1133 118260 2022121608
0.00 0 0 0 1133 118260 2022121608
239 23 0 0 572 119466 2022121608
0.00 0 0 0 572 119466 2022121608
0.00 0 0 0 572 119466 2022121608
0.00 0 0 0 572 119466 2022121608
0.00 0 0 0 572 119466 2022121608
0.00 0 0 0 572 119466 2022121608
0.00 0 0 0 572 119466 2022121608
304 29 0 0 1152 117172 2022121608
0.00 0 0 0 1152 117172 2022121608
0.00 0 0 0 1152 117172 2022121608
0.00 0 0 0 1152 117172 2022121608
0.00 0 0 0 1152 117172 2022121608
0.00 0 0 0 1152 117172 2022121608
0.00 0 0 0 1152 117172 2022121608
0.00 0 0 0 1152 117172 2022121608
0.00 0 0 0 1152 117172 2022121608
0.00 0 0 0 1152 117172 2022121608
0.00 0 0 0 1152 117172 2022121608
0.00 0 0 0 1152 117172 2022121608
0.00 0 0 0 1152 117172 2022121608
0.00 0 0 0 1152 117172 2022121608
0.00 0 0 0 1152 117172 2022121608
0.00 0 0 0 1152 117172 2022121608
0.00 0 0 0 1152 117172 2022121608
0.00 0 0 0 1152 117172 2022121608
0.00 0 0 0 1152 117172 2022121608
0.00 0 0 0 1152 117172 2022121608
0.00 0 0 0 1152 117172 2022121608
0.00 0 0 0 1152 117172 2022121608
0.00 0 0 0 1152 117172 2022121608
0.00 0 0 0 1152 117172 2022121608
0.00 0 0 0 1152 117172 2022121608
0.00 0 0 0 1152 117172 2022121608
0.00 0 0 0 1152 117172 2022121608
0.00 0 0 0 1152 117172 2022121608
0.00 0 0 0 1152 117172 2022121608
0.00 0 0 0 1152 117172 2022121608
0.00 0 0 0 1152 117172 2022121608
0.00 0 0 0 1152 117172 2022121608
0.00 0 0 0 1152 117172 2022121608
0.00 0 0 0 1152 117172 2022121608
0.00 0 0 0 1152 117172 2022121608
0.00 0 0 0 1152 117172 2022121608
0.00 0 0 0 1152 117172 2022121608
0.00 0 0 0 1152 117172 2022121608
0.00 0 0 0 1152 117172 2022121608
0.00 0 0 0 1152 117172 2022121608
0.00 0 0 0 1152 117172 2022121608
0.00 0 0 0 1152 117172 2022121608
0.00 0 0 0 1152 117172 2022121608
0.00 0 0 0 1152 117172 2022121608
0.00 0 0 0 1152 117172 2022121608
0.00 0 0 0 1152 117172 2022121608
0.00 0 0 0 1152 117172 2022121608
0.00 0 0 0 1152 117172 2022121608
0.00 0 0 0 1152 117172 2022121608
0.00 0 0 0 1152 117172 2022121608
0.00 0 0 0 1152 117172 2022121608
0.00 0 0 0 1152 117172 2022121608
0.00 0 0 0 1152 117172 2022121608
0.00 0 0 0 1152 117172 2022121608
0.00 0 0 0 1152 117172 2022121608
0.00 0 0 0 1152 117172 2022121608
0.00 0 0 0 1152 117172 2022121608
0.00 0 0 0 1152 117172 2022121608
0.00 0 0 0 1152 117172 2022121608
0.00 0 0 0 1152 117172 2022121608
0.00 0 0 0 1152 117172 2022121608
0.00 0 0 0 1152 117172 2022121608
0.00 0 0 0 1152 117172 2022121608
0.00 0 0 0 1152 117172 2022121608
0.00 0 0 0 1152 117172 2022121608
0.00 0 0 0 1152 117172 2022121608
0.00 0 0 0 1152 117172 2022121608
0.00 0 0 0 1152 117172 2022121608
0.00 0 0 0 1152 117172 2022121608
0.00 0 0 0 1152 117172 2022121608
0.00 0 0 0 1152 117172 2022121608
0.00 0 0 0 1152 117172 2022121608
0.00 0 0 0 1152 117172 2022121608
0.00 0 0 0 1152 117172 2022121608
0.00 0 0 0 1152 117172 2022121608
0.00 0 0 0 1152 117172 2022121608
0.00 0 0 0 1152 117172 2022121608
0.00 0 0 0 1152 117172 2022121608
0.00 0 0 0 1152 117172 2022121608
0.00 0 0 0 1152 117172 2022121608
0.00 0 0 0 1152 117172 2022121608
0.00 0 0 0 1152 117172 2022121608
0.00 0 0 0 1152 117172 2022121608
0.00 0 0 0 1152 117172 2022121608
0.00 0 0 0 1152 117172 2022121608
0.00 0 0 0 1152 117172 2022121608
0.00 0 0 0 1152 117172 2022121608
0.00 0 0 0 1152 117172 2022121608
0.00 0 0 0 1152 117172 2022121608
0.00 0 0 0 1152 117172 2022121608
0.00 0 0 0 1152 117172 2022121608
0.00 0 0 0 1152 117172 2022121608
0.00 0 0 0 1152 117172 2022121608
0.00 0 0 0 1152 117172 2022121608
0.00 0 0 0 1152 117172 2022121608
0.00 0 0 0 1152 117172 2022121608
0.00 0 0 0 1152 117172 2022121608
0.00 0 0 0 1152 117172 2022121608
0.00 0 0 0 1152 117172 2022121608
0.00 0 0 0 1152 117172 2022121608
0.00 0 0 0 1152 117172 2022121608
0.00 0 0 0 1152 117172 2022121608
0.00 0 0 0 1152 117172 2022121608
0.00 0 0 0 1152 117172 2022121608
0.00 0 0 0 1152 117172 2022121608
0.00 0 0 0 1152 117172 2022121608
0.00 0 0 0 1152 117172 2022121608
0.00 0 0 0 1152 117172 2022121608
0.00 0 0 0 1152 117172 2022121608
0.00 0 0 0 1152 117172 2022121608
0.00 0 0 0 1152 117172 2022121608
0.00 0 0 0 1152 117172 2022121608
0.00 0 0 0 1152 117172 2022121608
0.00 0 0 0 1152 117172 2022121608
0.00 0 0 0 1152 117172 2022121608
0.00 0 0 0 1152 117172 2022121608
0.00 0 0 0 1152 117172 2022121608
0.00 0 0 0 1152 117172 2022121608
0.00 0 0 0 1152 117172 2022121608
0.00 0 0 0 1152 117172 2022121608
0.00 0 0 0 1152 117172 2022121608
0.00 0 0 0 1152 117172 2022121608
0.00 0 0 0 1152 117172 2022121608
0.00 0 0 0 1152 117172 2022121608
0.00 0 0 0 1152 117172 2022121608
0.00 0 0 0 1152 117172 2022121608
0.00 0 0 0 1152 117172 2022121608
0.00 0 0 0 1152 117172 2022121608
0.00 0 0 0 1152 117172 2022121608
0.00 0 0 0 1152 117172 2022121608
0.00 0 0 0 1152 117172 2022121608
0.00 0 0 0 1152 117172 2022121608
32.8 2366 5 227 1152 117172 2022121608
