13.7 2 0 0 27 119164 2022121605
0.00 0 1 0 55 124781 2022121605
10.4 1 0 0 107 120286 2022121605
18.2 2 0 0 215 119216 2022121605
57.2 6 0 0 424 117112 2022121605
21.0 2 0 0 441 118812 2022121605
130 13 0 0 830 118641 2022121605
109 11 0 0 849 117011 2022121605
104 10 0 0 914 117385 2022121605
36.4 4 0 0 936 117387 2022121605
31.2 3 0 0 959 117072 2022121605
77.9 8 0 0 1007 116945 2022121605
77.9 8 0 0 1059 119028 2022121605
77.9 8 0 0 1107 117452 2022121605
46.8 5 0 0 1129 116868 2022121605
46.8 5 0 0 1162 119315 2022121605
77.9 8 0 0 1218 119366 2022121605
93.5 9 0 0 1344 119013 2022121605
0.00 0 0 0 1344 119013 2022121605
192 19 0 7 1439 10723504 2022121605
0.00 0 0 0 22 10723504 2022121605
83.9 8 0 0 22 10723504 2022121605
0.00 0 0 0 22 10723504 2022121605
0.00 0 0 0 22 10723504 2022121605
0.00 0 0 0 22 10723504 2022121605
0.00 0 0 0 22 10723504 2022121605
0.00 0 0 0 22 10723504 2022121605
0.00 0 0 0 22 10723504 2022121605
0.00 0 0 0 22 10723504 2022121605
0.00 0 0 0 22 10723504 2022121605
0.00 0 0 0 22 10723504 2022121605
0.00 0 0 0 22 10723504 2022121605
0.00 0 0 0 22 10723504 2022121605
0.00 0 0 0 22 10723504 2022121605
0.00 0 0 0 22 10723504 2022121605
0.00 0 0 0 22 10723504 2022121605
0.00 0 0 0 22 10723504 2022121605
0.00 0 0 0 22 10723504 2022121605
0.00 0 0 0 22 10723504 2022121605
0.00 0 0 0 22 10723504 2022121605
0.00 0 0 0 22 10723504 2022121605
0.00 0 0 0 22 10723504 2022121605
0.00 0 0 0 22 10723504 2022121605
0.00 0 0 0 22 10723504 2022121605
0.00 0 0 0 22 10723504 2022121605
0.00 0 0 0 22 10723504 2022121605
0.00 0 0 0 22 10723504 2022121605
0.00 0 0 0 22 10723504 2022121605
0.00 0 0 0 22 10723504 2022121605
0.00 0 0 0 22 10723504 2022121605
0.00 0 0 0 22 10723504 2022121605
0.00 0 0 0 22 10723504 2022121605
0.00 0 0 0 22 10723504 2022121605
0.00 0 0 0 22 10723504 2022121605
0.00 0 0 0 22 10723504 2022121605
0.00 0 0 0 22 10723504 2022121605
0.00 0 0 0 22 10723504 2022121605
0.00 0 0 0 22 10723504 2022121605
0.00 0 0 0 22 10723504 2022121605
0.00 0 0 0 22 10723504 2022121605
0.00 0 0 0 22 10723504 2022121605
0.00 0 0 0 22 10723504 2022121605
0.00 0 0 0 22 10723504 2022121605
0.00 0 0 0 22 10723504 2022121605
0.00 0 0 0 22 10723504 2022121605
0.00 0 0 0 22 10723504 2022121605
0.00 0 0 0 22 10723504 2022121605
0.00 0 0 0 22 10723504 2022121605
0.00 0 0 0 22 10723504 2022121605
0.00 0 0 0 22 10723504 2022121605
0.00 0 0 0 22 10723504 2022121605
0.00 0 0 0 22 10723504 2022121605
0.00 0 0 0 22 10723504 2022121605
0.00 0 0 0 22 10723504 2022121605
0.00 0 0 0 22 10723504 2022121605
0.00 0 0 0 22 10723504 2022121605
0.00 0 0 0 22 10723504 2022121605
0.00 0 0 0 22 10723504 2022121605
0.00 0 0 0 22 10723504 2022121605
0.00 0 0 0 22 10723504 2022121605
0.00 0 0 0 22 10723504 2022121605
0.00 0 0 0 22 10723504 2022121605
0.00 0 0 0 22 10723504 2022121605
0.00 0 0 0 22 10723504 2022121605
0.00 0 0 0 22 10723504 2022121605
0.00 0 0 0 22 10723504 2022121605
0.00 0 0 0 22 10723504 2022121605
0.00 0 0 0 22 10723504 2022121605
0.00 0 0 0 22 10723504 2022121605
0.00 0 0 0 22 10723504 2022121605
0.00 0 0 0 22 10723504 2022121605
0.00 0 0 0 22 10723504 2022121605
0.00 0 0 0 22 10723504 2022121605
0.00 0 0 0 22 10723504 2022121605
0.00 0 0 0 22 10723504 2022121605
0.00 0 0 0 22 10723504 2022121605
0.00 0 0 0 22 10723504 2022121605
0.00 0 0 0 22 10723504 2022121605
0.00 0 0 0 22 10723504 2022121605
0.00 0 0 0 22 10723504 2022121605
0.00 0 0 0 22 10723504 2022121605
0.00 0 0 0 22 10723504 2022121605
0.00 0 0 0 22 10723504 2022121605
0.00 0 0 0 22 10723504 2022121605
0.00 0 0 0 22 10723504 2022121605
0.00 0 0 0 22 10723504 2022121605
0.00 0 0 0 22 10723504 2022121605
0.00 0 0 0 22 10723504 2022121605
0.00 0 0 0 22 10723504 2022121605
0.00 0 0 0 22 10723504 2022121605
0.00 0 0 0 22 10723504 2022121605
0.00 0 0 0 22 10723504 2022121605
0.00 0 0 0 22 10723504 2022121605
0.00 0 0 0 22 10723504 2022121605
0.00 0 0 0 22 10723504 2022121605
0.00 0 0 0 22 10723504 2022121605
0.00 0 0 0 22 10723504 2022121605
0.00 0 0 0 22 10723504 2022121605
0.00 0 0 0 22 10723504 2022121605
0.00 0 0 0 22 10723504 2022121605
0.00 0 0 0 22 10723504 2022121605
0.00 0 0 0 22 10723504 2022121605
0.00 0 0 0 22 10723504 2022121605
0.00 0 0 0 22 10723504 2022121605
0.00 0 0 0 22 10723504 2022121605
0.00 0 0 0 22 10723504 2022121605
0.00 0 0 0 22 10723504 2022121605
0.00 0 0 0 22 10723504 2022121605
0.00 0 0 0 22 10723504 2022121605
207 20 0 22 234 119230 2022121605
0.00 0 0 0 234 119230 2022121605
0.00 0 0 0 234 119230 2022121605
0.00 0 0 0 234 119230 2022121605
0.00 0 0 0 234 119230 2022121605
41.6 4 1 0 303 117020 2022121605
0.00 0 0 0 303 117020 2022121605
31.2 3 0 0 343 118616 2022121605
26.0 3 0 0 386 122824 2022121605
15.6 2 0 0 386 116961 2022121605
15.6 2 0 0 424 116792 2022121605
10.4 1 0 0 448 118450 2022121605
36.4 4 0 0 472 117743 2022121605
36.4 4 0 0 523 118286 2022121605
36.4 4 0 0 563 117351 2022121605
26.0 3 0 0 583 116908 2022121605
15.6 2 0 0 601 118529 2022121605
72.7 7 0 0 652 117325 2022121605
26.0 3 0 0 668 116102 2022121605
52.0 5 0 0 700 116868 2022121605
26.0 3 0 0 717 117468 2022121605
77.9 8 0 0 761 117644 2022121605
36.4 4 0 0 779 117078 2022121605
31.2 3 0 0 795 119291 2022121605
57.2 6 0 0 821 116947 2022121605
67.6 7 0 0 857 119007 2022121605
57.2 6 0 0 881 117947 2022121605
46.8 5 0 0 900 117254 2022121605
36.4 4 0 0 915 119114 2022121605
104 10 0 0 956 117418 2022121605
41.6 4 0 0 966 117742 2022121605
67.6 7 0 0 994 117899 2022121605
46.8 5 0 0 1010 117434 2022121605
114 12 0 0 1047 117680 2022121605
46.8 5 0 0 1061 113467 2022121605
46.8 5 0 0 1076 119057 2022121605
72.7 7 0 0 1096 117702 2022121605
98.7 10 0 0 1126 115222 2022121605
77.9 8 0 0 1147 113379 2022121605
57.2 6 0 0 1162 117620 2022121605
52.0 5 0 0 1174 119098 2022121605
135 14 0 0 1207 117113 2022121605
52.0 5 0 0 1218 119135 2022121605
83.1 8 0 0 1238 117398 2022121605
62.4 6 0 0 1252 116983 2022121605
135 13 0 0 1279 117487 2022121605
67.6 7 0 0 1292 116982 2022121605
57.2 6 0 0 1303 119051 2022121605
83.1 8 0 0 1320 117027 2022121605
125 13 0 0 1343 118904 2022121605
88.3 9 0 0 1359 116851 2022121605
62.4 6 0 0 1372 116944 2022121605
67.6 7 0 0 1381 118912 2022121605
156 15 0 10 89 117438 2022121605
46.8 5 0 2 550 117442 2022121605
5.20 1 0 0 825 116423 2022121605
109 11 0 0 992 118901 2022121605
67.6 7 0 0 1002 117080 2022121605
36.4 4 0 0 1006 118511 2022121605
57.2 6 0 0 1012 119810 2022121605
109 11 0 0 1025 118014 2022121605
52.0 5 0 0 1030 118905 2022121605
72.7 7 0 0 1038 117073 2022121605
41.6 4 0 0 1042 118058 2022121605
52.0 5 0 0 1046 119296 2022121605
120 12 0 0 1057 117864 2022121605
52.0 5 0 0 1061 119463 2022121605
77.9 8 0 0 1068 113295 2022121605
41.6 4 0 0 1071 121775 2022121605
125 12 0 0 1082 113217 2022121605
46.8 5 0 0 1086 113489 2022121605
57.2 6 0 0 1090 118618 2022121605
120 12 0 0 1097 117815 2022121605
57.2 6 0 0 1101 118434 2022121605
67.6 7 0 0 1105 118177 2022121605
57.2 6 0 0 1110 118349 2022121605
125 13 0 0 1116 117367 2022121605
52.0 5 0 0 1119 118101 2022121605
62.4 6 0 0 1123 118522 2022121605
67.6 7 0 0 1126 117720 2022121605
57.2 6 0 0 1129 117995 2022121605
125 13 0 0 1134 117797 2022121605
57.2 6 0 0 1137 117836 2022121605
62.4 6 0 0 1140 118135 2022121605
67.6 7 0 0 1143 117515 2022121605
114 12 0 0 1150 123049 2022121605
0.00 0 0 0 1150 123049 2022121605
125 12 0 0 1152 117014 2022121605
52.0 5 0 0 1154 117191 2022121605
140 14 0 0 1158 117174 2022121605
46.8 5 0 0 1161 117023 2022121605
46.8 5 0 0 1162 118927 2022121605
88.3 9 0 0 1163 117527 2022121605
98.7 10 0 0 1166 119674 2022121605
88.3 9 0 0 1167 117936 2022121605
52.0 5 0 0 1169 117211 2022121605
135 13 0 0 1172 117183 2022121605
52.0 5 0 0 1173 117390 2022121605
57.2 6 0 0 1174 118976 2022121605
77.9 8 0 0 1174 117535 2022121605
57.2 6 0 0 1176 117862 2022121605
135 13 0 0 1177 118123 2022121605
57.2 6 0 0 1178 118098 2022121605
52.0 5 0 0 1180 119390 2022121605
83.1 8 0 0 1180 117755 2022121605
109 11 0 0 1183 119329 2022121605
83.1 8 0 0 1183 118196 2022121605
57.2 6 0 0 1184 117928 2022121605
135 14 0 0 1184 118086 2022121605
57.2 6 0 0 1185 117679 2022121605
57.2 6 0 0 1185 115755 2022121605
77.9 8 0 0 1185 117930 2022121605
57.2 6 0 0 1185 117825 2022121605
135 14 0 0 1187 117268 2022121605
57.2 6 0 0 1187 9882582 2022121605
10.5 1 0 0 1780 9882582 2022121605
0.00 0 0 0 1780 9882582 2022121605
0.00 0 0 0 1780 9882582 2022121605
0.00 0 0 0 1780 9882582 2022121605
0.00 0 0 0 1780 9882582 2022121605
0.00 0 0 0 1780 9882582 2022121605
0.00 0 0 0 1780 9882582 2022121605
0.00 0 0 0 1780 9882582 2022121605
0.00 0 0 0 1780 9882582 2022121605
0.00 0 0 0 1780 9882582 2022121605
0.00 0 0 0 1780 9882582 2022121605
0.00 0 0 0 1780 9882582 2022121605
0.00 0 0 0 1780 9882582 2022121605
0.00 0 0 0 1780 9882582 2022121605
0.00 0 0 0 1780 9882582 2022121605
0.00 0 0 0 1780 9882582 2022121605
0.00 0 0 0 1780 9882582 2022121605
0.00 0 0 0 1780 9882582 2022121605
0.00 0 0 0 1780 9882582 2022121605
0.00 0 0 0 1780 9882582 2022121605
0.00 0 0 0 1780 9882582 2022121605
0.00 0 0 0 1780 9882582 2022121605
0.00 0 0 0 1780 9882582 2022121605
0.00 0 0 0 1780 9882582 2022121605
0.00 0 0 0 1780 9882582 2022121605
0.00 0 0 0 1780 9882582 2022121605
0.00 0 0 0 1780 9882582 2022121605
0.00 0 0 0 1780 9882582 2022121605
0.00 0 0 0 1780 9882582 2022121605
0.00 0 0 0 1780 9882582 2022121605
0.00 0 0 0 1780 9882582 2022121605
0.00 0 0 0 1780 9882582 2022121605
0.00 0 0 0 1780 9882582 2022121605
0.00 0 0 0 1780 9882582 2022121605
0.00 0 0 0 1780 9882582 2022121605
0.00 0 0 0 1780 9882582 2022121605
0.00 0 0 0 1780 9882582 2022121605
0.00 0 0 0 1780 9882582 2022121605
0.00 0 0 0 1780 9882582 2022121605
0.00 0 0 0 1780 9882582 2022121605
0.00 0 0 0 1780 9882582 2022121605
0.00 0 0 0 1780 9882582 2022121605
0.00 0 0 0 1780 9882582 2022121605
0.00 0 0 0 1780 9882582 2022121605
0.00 0 0 0 1780 9882582 2022121605
0.00 0 0 0 1780 9882582 2022121605
0.00 0 0 0 1780 9882582 2022121605
0.00 0 0 0 1780 9882582 2022121605
0.00 0 0 0 1780 9882582 2022121605
0.00 0 0 0 1780 9882582 2022121605
0.00 0 0 0 1780 9882582 2022121605
0.00 0 0 0 1780 9882582 2022121605
0.00 0 0 0 1780 9882582 2022121605
0.00 0 0 0 1780 9882582 2022121605
0.00 0 0 0 1780 9882582 2022121605
0.00 0 0 0 1780 9882582 2022121605
0.00 0 0 0 1780 9882582 2022121605
0.00 0 0 0 1780 9882582 2022121605
0.00 0 0 0 1780 9882582 2022121605
0.00 0 0 0 1780 9882582 2022121605
0.00 0 0 0 1780 9882582 2022121605
0.00 0 0 0 1780 9882582 2022121605
0.00 0 0 0 1780 9882582 2022121605
0.00 0 0 0 1780 9882582 2022121605
0.00 0 0 0 1780 9882582 2022121605
0.00 0 0 0 1780 9882582 2022121605
0.00 0 0 0 1780 9882582 2022121605
0.00 0 0 0 1780 9882582 2022121605
0.00 0 0 0 1780 9882582 2022121605
0.00 0 0 0 1780 9882582 2022121605
0.00 0 0 0 1780 9882582 2022121605
0.00 0 0 0 1780 9882582 2022121605
0.00 0 0 0 1780 9882582 2022121605
0.00 0 0 0 1780 9882582 2022121605
0.00 0 0 0 1780 9882582 2022121605
0.00 0 0 0 1780 9882582 2022121605
0.00 0 0 0 1780 9882582 2022121605
0.00 0 0 0 1780 9882582 2022121605
0.00 0 0 0 1780 9882582 2022121605
0.00 0 0 0 1780 9882582 2022121605
0.00 0 0 0 1780 9882582 2022121605
0.00 0 0 0 1780 9882582 2022121605
0.00 0 0 0 1780 9882582 2022121605
0.00 0 0 0 1780 9882582 2022121605
0.00 0 0 0 1780 9882582 2022121605
0.00 0 0 0 1780 9882582 2022121605
0.00 0 0 0 1780 9882582 2022121605
0.00 0 0 0 1780 9882582 2022121605
0.00 0 0 0 1780 9882582 2022121605
0.00 0 0 0 1780 9882582 2022121605
0.00 0 0 0 1780 9882582 2022121605
0.00 0 0 0 1780 9882582 2022121605
0.00 0 0 0 1780 9882582 2022121605
0.00 0 0 0 1780 9882582 2022121605
0.00 0 0 0 1780 9882582 2022121605
0.00 0 0 0 1780 9882582 2022121605
0.00 0 0 0 1780 9882582 2022121605
0.00 0 0 0 1780 9882582 2022121605
0.00 0 0 0 1780 9882582 2022121605
0.00 0 0 0 1780 9882582 2022121605
0.00 0 0 0 1780 9882582 2022121605
0.00 0 0 0 1780 9882582 2022121605
0.00 0 0 0 1780 9882582 2022121605
0.00 0 0 0 1780 9882582 2022121605
0.00 0 0 0 1780 9882582 2022121605
0.00 0 0 0 1780 9882582 2022121605
0.00 0 0 0 1780 9882582 2022121605
187 18 0 141 1250 117224 2022121605
0.00 0 0 0 1250 117224 2022121605
0.00 0 0 0 1250 117224 2022121605
0.00 0 0 0 1250 117224 2022121605
0.00 0 0 0 1250 117224 2022121605
140 14 0 0 1286 117092 2022121605
0.00 0 0 0 1286 117092 2022121605
0.00 0 0 0 1286 117092 2022121605
278 27 0 0 1311 115876 2022121605
135 13 0 0 1329 113267 2022121605
57.2 6 0 0 1340 113365 2022121605
62.4 6 0 0 1349 119366 2022121605
151 15 0 25 881 119932 2022121605
5.20 1 0 0 948 120173 2022121605
72.7 7 0 0 959 117923 2022121605
41.6 4 0 0 976 117292 2022121605
0.00 0 0 0 976 117292 2022121605
114 11 0 0 984 117310 2022121605
77.9 8 0 0 988 121060 2022121605
77.9 8 0 0 995 117342 2022121605
83.1 8 0 0 1005 116675 2022121605
77.9 8 0 0 1017 118978 2022121605
88.3 9 0 0 1020 112792 2022121605
0.00 0 1 0 1024 115596 2022121605
67.6 7 0 0 1030 113480 2022121605
46.8 5 0 0 1035 117906 2022121605
120 12 0 0 1043 117352 2022121605
52.0 5 0 0 1047 117620 2022121605
46.8 5 0 0 1052 119106 2022121605
72.7 7 0 0 1057 117709 2022121605
98.7 10 0 0 1064 119119 2022121605
72.7 7 0 0 1070 117709 2022121605
46.8 5 0 0 1072 117783 2022121605
52.0 5 0 0 1075 119205 2022121605
125 13 0 0 1082 117716 2022121605
52.0 5 0 0 1085 119260 2022121605
77.9 8 0 0 1089 117467 2022121605
98.7 10 0 0 1094 123253 2022121605
77.9 8 0 0 1097 113547 2022121605
46.8 5 0 0 1100 117953 2022121605
52.0 5 0 0 1103 119407 2022121605
130 13 0 0 1108 117127 2022121605
52.0 5 0 0 1110 118752 2022121605
77.9 8 0 0 1114 118001 2022121605
52.0 5 0 0 1115 118266 2022121605
52.0 5 0 0 1116 119282 2022121605
130 13 0 0 1122 118193 2022121605
52.0 5 0 0 1123 119292 2022121605
77.9 8 0 0 1125 117813 2022121605
52.0 5 0 0 1127 118060 2022121605
130 13 0 0 1130 118189 2022121605
52.0 5 0 0 1132 114094 2022121605
57.2 6 0 0 1133 119054 2022121605
130 13 0 0 1136 121973 2022121605
52.0 5 0 0 1136 115440 2022121605
77.9 8 0 0 1137 117076 2022121605
52.0 5 0 0 1138 117991 2022121605
57.2 6 0 0 1140 119329 2022121605
130 13 0 0 1141 117682 2022121605
57.2 6 0 0 1143 118887 2022121605
72.7 7 0 0 1143 117697 2022121605
57.2 6 0 0 1144 117724 2022121605
130 13 0 0 1145 117620 2022121605
57.2 6 0 0 1147 117720 2022121605
57.2 6 0 0 1147 118912 2022121605
72.7 7 0 0 1148 117982 2022121605
114 12 0 0 1148 119023 2022121605
72.7 7 0 0 1150 117975 2022121605
57.2 6 0 0 1150 118020 2022121605
57.2 6 0 0 1150 119299 2022121605
130 13 0 0 1151 114175 2022121605
57.2 6 0 0 1151 115042 2022121605
72.7 7 0 0 1151 118008 2022121605
57.2 6 0 0 1151 117998 2022121605
130 13 0 0 1151 118028 2022121605
57.2 6 0 0 1151 118304 2022121605
57.2 6 0 0 1151 119028 2022121605
72.7 7 0 0 1151 117855 2022121605
114 12 0 0 1151 118797 2022121605
72.7 7 0 0 1151 114083 2022121605
57.2 6 0 0 1151 118200 2022121605
57.2 6 0 0 1151 115398 2022121605
130 13 0 0 1151 114282 2022121605
57.2 6 0 0 1151 119271 2022121605
72.7 7 0 0 1151 118257 2022121605
114 12 0 0 1151 118918 2022121605
72.7 7 0 0 1151 117847 2022121605
57.2 6 0 0 1151 118029 2022121605
57.2 6 0 0 1151 119065 2022121605
93.7 9 0 0 1151 118013 2022121605
93.3 10 0 0 1151 119116 2022121605
72.7 7 0 0 1151 117914 2022121605
57.2 6 0 0 1151 118196 2022121605
57.2 6 0 0 1151 119218 2022121605
130 13 0 0 1151 118125 2022121605
57.2 6 0 0 1152 119289 2022121605
72.7 7 0 0 1152 115086 2022121605
0.00 0 0 0 1152 115086 2022121605
0.00 0 0 0 1152 115086 2022121605
62.9 6 0 0 1152 115086 2022121605
157 15 0 0 1152 118583 2022121605
146 14 0 0 1154 118692 2022121605
93.5 9 0 0 1154 117440 2022121605
52.0 5 0 0 1154 118889 2022121605
140 14 0 0 1155 117342 2022121605
46.8 5 0 0 1155 119040 2022121605
72.7 7 0 0 1156 118223 2022121605
67.6 7 0 0 1158 118195 2022121605
93.5 9 0 0 1159 118991 2022121605
0.00 0 0 0 1159 118991 2022121605
125 12 0 0 1166 1614446 2022121605
0.00 0 0 0 603 1614446 2022121605
83.9 8 0 0 603 1614446 2022121605
0.00 0 0 0 603 1614446 2022121605
0.00 0 0 0 603 1614446 2022121605
0.00 0 0 0 603 1614446 2022121605
83.9 8 0 0 603 1614446 2022121605
0.00 0 0 0 603 1614446 2022121605
0.00 0 0 0 603 1614446 2022121605
0.00 0 0 0 603 1614446 2022121605
0.00 0 0 0 603 1614446 2022121605
0.00 0 0 0 603 1614446 2022121605
0.00 0 0 0 603 1614446 2022121605
0.00 0 0 0 603 1614446 2022121605
0.00 0 0 0 603 1614446 2022121605
0.00 0 0 0 603 1614446 2022121605
0.00 0 0 0 603 1614446 2022121605
0.00 0 0 0 603 1614446 2022121605
0.00 0 0 0 603 1614446 2022121605
0.00 0 0 0 603 1614446 2022121605
0.00 0 0 0 603 1614446 2022121605
0.00 0 0 0 603 1614446 2022121605
0.00 0 0 0 603 1614446 2022121605
0.00 0 0 0 603 1614446 2022121605
0.00 0 0 0 603 1614446 2022121605
0.00 0 0 0 603 1614446 2022121605
0.00 0 0 0 603 1614446 2022121605
0.00 0 0 0 603 1614446 2022121605
0.00 0 0 0 603 1614446 2022121605
0.00 0 0 0 603 1614446 2022121605
0.00 0 0 0 603 1614446 2022121605
0.00 0 0 0 603 1614446 2022121605
0.00 0 0 0 603 1614446 2022121605
0.00 0 0 0 603 1614446 2022121605
0.00 0 0 0 603 1614446 2022121605
0.00 0 0 0 603 1614446 2022121605
0.00 0 0 0 603 1614446 2022121605
0.00 0 0 0 603 1614446 2022121605
0.00 0 0 0 603 1614446 2022121605
0.00 0 0 0 603 1614446 2022121605
0.00 0 0 0 603 1614446 2022121605
0.00 0 0 0 603 1614446 2022121605
0.00 0 0 0 603 1614446 2022121605
0.00 0 0 0 603 1614446 2022121605
0.00 0 0 0 603 1614446 2022121605
0.00 0 0 0 603 1614446 2022121605
0.00 0 0 0 603 1614446 2022121605
0.00 0 0 0 603 1614446 2022121605
0.00 0 0 0 603 1614446 2022121605
0.00 0 0 0 603 1614446 2022121605
0.00 0 0 0 603 1614446 2022121605
0.00 0 0 0 603 1614446 2022121605
0.00 0 0 0 603 1614446 2022121605
0.00 0 0 0 603 1614446 2022121605
0.00 0 0 0 603 1614446 2022121605
0.00 0 0 0 603 1614446 2022121605
0.00 0 0 0 603 1614446 2022121605
0.00 0 0 0 603 1614446 2022121605
0.00 0 0 0 603 1614446 2022121605
0.00 0 0 0 603 1614446 2022121605
0.00 0 0 0 603 1614446 2022121605
0.00 0 0 0 603 1614446 2022121605
0.00 0 0 0 603 1614446 2022121605
0.00 0 0 0 603 1614446 2022121605
0.00 0 0 0 603 1614446 2022121605
0.00 0 0 0 603 1614446 2022121605
0.00 0 0 0 603 1614446 2022121605
0.00 0 0 0 603 1614446 2022121605
0.00 0 0 0 603 1614446 2022121605
0.00 0 0 0 603 1614446 2022121605
0.00 0 0 0 603 1614446 2022121605
0.00 0 0 0 603 1614446 2022121605
0.00 0 0 0 603 1614446 2022121605
0.00 0 0 0 603 1614446 2022121605
0.00 0 0 0 603 1614446 2022121605
0.00 0 0 0 603 1614446 2022121605
0.00 0 0 0 603 1614446 2022121605
0.00 0 0 0 603 1614446 2022121605
0.00 0 0 0 603 1614446 2022121605
0.00 0 0 0 603 1614446 2022121605
0.00 0 0 0 603 1614446 2022121605
0.00 0 0 0 603 1614446 2022121605
0.00 0 0 0 603 1614446 2022121605
0.00 0 0 0 603 1614446 2022121605
0.00 0 0 0 603 1614446 2022121605
0.00 0 0 0 603 1614446 2022121605
0.00 0 0 0 603 1614446 2022121605
0.00 0 0 0 603 1614446 2022121605
0.00 0 0 0 603 1614446 2022121605
0.00 0 0 0 603 1614446 2022121605
0.00 0 0 0 603 1614446 2022121605
0.00 0 0 0 603 1614446 2022121605
0.00 0 0 0 603 1614446 2022121605
0.00 0 0 0 603 1614446 2022121605
0.00 0 0 0 603 1614446 2022121605
0.00 0 0 0 603 1614446 2022121605
0.00 0 0 0 603 1614446 2022121605
0.00 0 0 0 603 1614446 2022121605
0.00 0 0 0 603 1614446 2022121605
0.00 0 0 0 603 1614446 2022121605
0.00 0 0 0 603 1614446 2022121605
0.00 0 0 0 603 1614446 2022121605
0.00 0 0 0 603 1614446 2022121605
0.00 0 0 0 603 1614446 2022121605
0.00 0 0 0 603 1614446 2022121605
0.00 0 0 0 603 1614446 2022121605
0.00 0 0 0 603 1614446 2022121605
0.00 0 0 0 603 1614446 2022121605
0.00 0 0 0 603 1614446 2022121605
0.00 0 0 0 603 1614446 2022121605
0.00 0 0 0 603 1614446 2022121605
0.00 0 0 0 603 1614446 2022121605
144 14 0 0 1498 118823 2022121605
0.00 0 0 0 1498 118823 2022121605
0.00 0 0 0 1498 118823 2022121605
120 12 0 14 954 119409 2022121605
77.9 8 0 0 954 119927 2022121605
67.6 7 0 0 1260 117893 2022121605
52.0 5 0 0 1278 116909 2022121605
36.4 4 0 0 1287 116981 2022121605
67.6 7 0 3 821 114125 2022121605
77.9 8 0 0 910 119691 2022121605
130 13 0 0 929 116844 2022121605
0.00 0 0 0 929 116844 2022121605
77.9 8 0 0 939 116983 2022121605
72.7 7 0 0 948 120926 2022121605
77.9 8 0 0 959 117709 2022121605
0.00 0 0 0 959 117709 2022121605
120 12 0 0 963 113081 2022121605
36.4 4 0 0 966 116428 2022121605
72.7 7 0 0 973 120456 2022121605
77.9 8 0 25 130 113051 2022121605
36.4 4 0 45 563 122106 2022121605
0.00 0 1 0 682 119261 2022121605
83.1 8 0 0 688 116891 2022121605
5.20 1 0 0 692 120386 2022121605
93.5 9 0 0 704 116812 2022121605
26.0 3 0 0 707 118776 2022121605
41.6 4 0 0 712 122867 2022121605
31.6 1910 4 294 712 122867 2022121605
