13.7 2 0 0 27 118986 2022121611
0.00 0 1 0 55 119576 2022121611
9.60 1 0 0 110 119573 2022121611
16.7 2 0 0 220 118975 2022121611
0.00 0 1 0 441 117345 2022121611
31.4 3 0 0 441 117345 2022121611
88.4 9 0 0 631 119132 2022121611
114 11 0 0 649 117236 2022121611
166 17 0 0 681 118336 2022121611
36.4 4 0 0 700 117230 2022121611
20.8 2 0 0 715 118453 2022121611
57.2 6 0 0 751 118134 2022121611
57.2 6 0 0 772 118516 2022121611
62.4 6 0 0 810 117843 2022121611
36.4 4 0 0 832 117140 2022121611
26.0 3 0 0 850 117953 2022121611
109 11 0 0 897 116923 2022121611
26.0 3 0 0 918 117811 2022121611
77.9 8 0 0 952 113151 2022121611
72.7 8 0 0 1012 115752 2022121611
57.2 6 0 0 1050 113467 2022121611
52.0 5 0 0 1082 118311 2022121611
46.8 5 0 0 1107 9436426 2022121611
73.4 7 0 0 1618 9436426 2022121611
0.00 0 0 0 1618 9436426 2022121611
0.00 0 0 0 1618 9436426 2022121611
0.00 0 0 0 1618 9436426 2022121611
0.00 0 0 0 1618 9436426 2022121611
0.00 0 0 0 1618 9436426 2022121611
0.00 0 0 0 1618 9436426 2022121611
0.00 0 0 0 1618 9436426 2022121611
0.00 0 0 0 1618 9436426 2022121611
0.00 0 0 0 1618 9436426 2022121611
0.00 0 0 0 1618 9436426 2022121611
0.00 0 0 0 1618 9436426 2022121611
0.00 0 0 0 1618 9436426 2022121611
0.00 0 0 0 1618 9436426 2022121611
0.00 0 0 0 1618 9436426 2022121611
0.00 0 0 0 1618 9436426 2022121611
0.00 0 0 0 1618 9436426 2022121611
0.00 0 0 0 1618 9436426 2022121611
0.00 0 0 0 1618 9436426 2022121611
0.00 0 0 0 1618 9436426 2022121611
0.00 0 0 0 1618 9436426 2022121611
0.00 0 0 0 1618 9436426 2022121611
0.00 0 0 0 1618 9436426 2022121611
0.00 0 0 0 1618 9436426 2022121611
0.00 0 0 0 1618 9436426 2022121611
0.00 0 0 0 1618 9436426 2022121611
0.00 0 0 0 1618 9436426 2022121611
0.00 0 0 0 1618 9436426 2022121611
0.00 0 0 0 1618 9436426 2022121611
0.00 0 0 0 1618 9436426 2022121611
0.00 0 0 0 1618 9436426 2022121611
0.00 0 0 0 1618 9436426 2022121611
0.00 0 0 0 1618 9436426 2022121611
0.00 0 0 0 1618 9436426 2022121611
0.00 0 0 0 1618 9436426 2022121611
0.00 0 0 0 1618 9436426 2022121611
0.00 0 0 0 1618 9436426 2022121611
0.00 0 0 0 1618 9436426 2022121611
0.00 0 0 0 1618 9436426 2022121611
0.00 0 0 0 1618 9436426 2022121611
0.00 0 0 0 1618 9436426 2022121611
0.00 0 0 0 1618 9436426 2022121611
0.00 0 0 0 1618 9436426 2022121611
0.00 0 0 0 1618 9436426 2022121611
0.00 0 0 0 1618 9436426 2022121611
0.00 0 0 0 1618 9436426 2022121611
0.00 0 0 0 1618 9436426 2022121611
0.00 0 0 0 1618 9436426 2022121611
0.00 0 0 0 1618 9436426 2022121611
0.00 0 0 0 1618 9436426 2022121611
0.00 0 0 0 1618 9436426 2022121611
0.00 0 0 0 1618 9436426 2022121611
0.00 0 0 0 1618 9436426 2022121611
0.00 0 0 0 1618 9436426 2022121611
0.00 0 0 0 1618 9436426 2022121611
0.00 0 0 0 1618 9436426 2022121611
0.00 0 0 0 1618 9436426 2022121611
0.00 0 0 0 1618 9436426 2022121611
0.00 0 0 0 1618 9436426 2022121611
0.00 0 0 0 1618 9436426 2022121611
0.00 0 0 0 1618 9436426 2022121611
0.00 0 0 0 1618 9436426 2022121611
0.00 0 0 0 1618 9436426 2022121611
0.00 0 0 0 1618 9436426 2022121611
0.00 0 0 0 1618 9436426 2022121611
0.00 0 0 0 1618 9436426 2022121611
0.00 0 0 0 1618 9436426 2022121611
0.00 0 0 0 1618 9436426 2022121611
0.00 0 0 0 1618 9436426 2022121611
0.00 0 0 0 1618 9436426 2022121611
0.00 0 0 0 1618 9436426 2022121611
0.00 0 0 0 1618 9436426 2022121611
0.00 0 0 0 1618 9436426 2022121611
0.00 0 0 0 1618 9436426 2022121611
0.00 0 0 0 1618 9436426 2022121611
0.00 0 0 0 1618 9436426 2022121611
0.00 0 0 0 1618 9436426 2022121611
0.00 0 0 0 1618 9436426 2022121611
0.00 0 0 0 1618 9436426 2022121611
0.00 0 0 0 1618 9436426 2022121611
0.00 0 0 0 1618 9436426 2022121611
0.00 0 0 0 1618 9436426 2022121611
0.00 0 0 0 1618 9436426 2022121611
0.00 0 0 0 1618 9436426 2022121611
0.00 0 0 0 1618 9436426 2022121611
0.00 0 0 0 1618 9436426 2022121611
0.00 0 0 0 1618 9436426 2022121611
0.00 0 0 0 1618 9436426 2022121611
0.00 0 0 0 1618 9436426 2022121611
0.00 0 0 0 1618 9436426 2022121611
0.00 0 0 0 1618 9436426 2022121611
0.00 0 0 0 1618 9436426 2022121611
0.00 0 0 0 1618 9436426 2022121611
0.00 0 0 0 1618 9436426 2022121611
0.00 0 0 0 1618 9436426 2022121611
0.00 0 0 0 1618 9436426 2022121611
0.00 0 0 0 1618 9436426 2022121611
0.00 0 0 0 1618 9436426 2022121611
0.00 0 0 0 1618 9436426 2022121611
0.00 0 0 0 1618 9436426 2022121611
0.00 0 0 0 1618 9436426 2022121611
0.00 0 0 0 1618 9436426 2022121611
0.00 0 0 0 1618 9436426 2022121611
0.00 0 0 0 1618 9436426 2022121611
0.00 0 0 0 1618 9436426 2022121611
92.9 9 0 89 1104 120134 2022121611
0.00 0 0 0 1104 120134 2022121611
0.00 0 0 0 1104 120134 2022121611
130 13 0 4 459 116965 2022121611
0.00 0 0 0 459 116965 2022121611
151 15 0 20 496 119907 2022121611
0.00 0 1 0 776 117263 2022121611
31.2 3 0 0 777 118563 2022121611
46.8 5 0 0 784 119374 2022121611
88.3 9 0 0 801 117107 2022121611
0.00 0 0 0 801 117107 2022121611
98.7 10 0 0 809 10540601 2022121611
41.9 4 0 0 1078 10540601 2022121611
0.00 0 0 0 1078 10540601 2022121611
0.00 0 0 0 1078 10540601 2022121611
0.00 0 0 0 1078 10540601 2022121611
0.00 0 0 0 1078 10540601 2022121611
0.00 0 0 0 1078 10540601 2022121611
0.00 0 0 0 1078 10540601 2022121611
0.00 0 0 0 1078 10540601 2022121611
0.00 0 0 0 1078 10540601 2022121611
0.00 0 0 0 1078 10540601 2022121611
0.00 0 0 0 1078 10540601 2022121611
0.00 0 0 0 1078 10540601 2022121611
0.00 0 0 0 1078 10540601 2022121611
0.00 0 0 0 1078 10540601 2022121611
0.00 0 0 0 1078 10540601 2022121611
0.00 0 0 0 1078 10540601 2022121611
0.00 0 0 0 1078 10540601 2022121611
0.00 0 0 0 1078 10540601 2022121611
0.00 0 0 0 1078 10540601 2022121611
0.00 0 0 0 1078 10540601 2022121611
0.00 0 0 0 1078 10540601 2022121611
0.00 0 0 0 1078 10540601 2022121611
0.00 0 0 0 1078 10540601 2022121611
0.00 0 0 0 1078 10540601 2022121611
0.00 0 0 0 1078 10540601 2022121611
0.00 0 0 0 1078 10540601 2022121611
0.00 0 0 0 1078 10540601 2022121611
0.00 0 0 0 1078 10540601 2022121611
0.00 0 0 0 1078 10540601 2022121611
0.00 0 0 0 1078 10540601 2022121611
0.00 0 0 0 1078 10540601 2022121611
0.00 0 0 0 1078 10540601 2022121611
0.00 0 0 0 1078 10540601 2022121611
0.00 0 0 0 1078 10540601 2022121611
0.00 0 0 0 1078 10540601 2022121611
0.00 0 0 0 1078 10540601 2022121611
0.00 0 0 0 1078 10540601 2022121611
0.00 0 0 0 1078 10540601 2022121611
0.00 0 0 0 1078 10540601 2022121611
0.00 0 0 0 1078 10540601 2022121611
0.00 0 0 0 1078 10540601 2022121611
0.00 0 0 0 1078 10540601 2022121611
0.00 0 0 0 1078 10540601 2022121611
0.00 0 0 0 1078 10540601 2022121611
0.00 0 0 0 1078 10540601 2022121611
0.00 0 0 0 1078 10540601 2022121611
0.00 0 0 0 1078 10540601 2022121611
0.00 0 0 0 1078 10540601 2022121611
0.00 0 0 0 1078 10540601 2022121611
0.00 0 0 0 1078 10540601 2022121611
0.00 0 0 0 1078 10540601 2022121611
0.00 0 0 0 1078 10540601 2022121611
0.00 0 0 0 1078 10540601 2022121611
0.00 0 0 0 1078 10540601 2022121611
0.00 0 0 0 1078 10540601 2022121611
0.00 0 0 0 1078 10540601 2022121611
0.00 0 0 0 1078 10540601 2022121611
0.00 0 0 0 1078 10540601 2022121611
0.00 0 0 0 1078 10540601 2022121611
0.00 0 0 0 1078 10540601 2022121611
0.00 0 0 0 1078 10540601 2022121611
0.00 0 0 0 1078 10540601 2022121611
0.00 0 0 0 1078 10540601 2022121611
0.00 0 0 0 1078 10540601 2022121611
0.00 0 0 0 1078 10540601 2022121611
0.00 0 0 0 1078 10540601 2022121611
0.00 0 0 0 1078 10540601 2022121611
0.00 0 0 0 1078 10540601 2022121611
0.00 0 0 0 1078 10540601 2022121611
0.00 0 0 0 1078 10540601 2022121611
0.00 0 0 0 1078 10540601 2022121611
0.00 0 0 0 1078 10540601 2022121611
0.00 0 0 0 1078 10540601 2022121611
0.00 0 0 0 1078 10540601 2022121611
0.00 0 0 0 1078 10540601 2022121611
0.00 0 0 0 1078 10540601 2022121611
0.00 0 0 0 1078 10540601 2022121611
0.00 0 0 0 1078 10540601 2022121611
0.00 0 0 0 1078 10540601 2022121611
0.00 0 0 0 1078 10540601 2022121611
0.00 0 0 0 1078 10540601 2022121611
0.00 0 0 0 1078 10540601 2022121611
0.00 0 0 0 1078 10540601 2022121611
0.00 0 0 0 1078 10540601 2022121611
0.00 0 0 0 1078 10540601 2022121611
0.00 0 0 0 1078 10540601 2022121611
0.00 0 0 0 1078 10540601 2022121611
0.00 0 0 0 1078 10540601 2022121611
0.00 0 0 0 1078 10540601 2022121611
0.00 0 0 0 1078 10540601 2022121611
0.00 0 0 0 1078 10540601 2022121611
0.00 0 0 0 1078 10540601 2022121611
0.00 0 0 0 1078 10540601 2022121611
0.00 0 0 0 1078 10540601 2022121611
0.00 0 0 0 1078 10540601 2022121611
0.00 0 0 0 1078 10540601 2022121611
0.00 0 0 0 1078 10540601 2022121611
0.00 0 0 0 1078 10540601 2022121611
0.00 0 0 0 1078 10540601 2022121611
0.00 0 0 0 1078 10540601 2022121611
0.00 0 0 0 1078 10540601 2022121611
0.00 0 0 0 1078 10540601 2022121611
0.00 0 0 0 1078 10540601 2022121611
0.00 0 0 0 1078 10540601 2022121611
0.00 0 0 0 1078 10540601 2022121611
0.00 0 0 0 1078 10540601 2022121611
0.00 0 0 0 1078 10540601 2022121611
0.00 0 0 0 1078 10540601 2022121611
0.00 0 0 0 1078 10540601 2022121611
0.00 0 0 0 1078 10540601 2022121611
0.00 0 0 0 1078 10540601 2022121611
0.00 0 0 0 1078 10540601 2022121611
0.00 0 0 0 1078 10540601 2022121611
0.00 0 0 0 1078 10540601 2022121611
88.0 9 0 0 1078 119263 2022121611
0.00 0 0 0 1078 119263 2022121611
0.00 0 0 0 1078 119263 2022121611
114 11 0 0 1078 117258 2022121611
0.00 0 0 0 1078 117258 2022121611
104 10 0 0 1078 294870 2022121611
0.00 0 0 0 1078 294870 2022121611
136 13 0 0 1078 253919 2022121611
0.00 0 0 0 1078 253919 2022121611
0.00 0 0 0 1078 253919 2022121611
134 13 0 0 1089 117197 2022121611
0.00 0 0 0 1089 117197 2022121611
62.4 6 0 0 1094 117213 2022121611
41.6 4 0 0 1098 113099 2022121611
93.5 9 0 0 1107 117376 2022121611
41.6 4 0 0 1112 117160 2022121611
135 14 0 0 1126 117386 2022121611
46.8 5 0 0 1130 117072 2022121611
46.8 5 0 0 1137 118176 2022121611
67.6 7 0 0 1144 117421 2022121611
120 12 0 0 1156 96952 2022121611
67.6 7 0 0 1165 117393 2022121611
57.2 6 0 0 1172 117076 2022121611
130 13 0 0 1188 121247 2022121611
57.2 6 0 0 1195 117149 2022121611
57.2 6 0 0 1201 118458 2022121611
83.1 8 0 0 1212 112976 2022121611
104 10 0 0 1822 11608396 2022121611
0.00 0 0 0 1822 11608396 2022121611
0.00 0 0 0 1822 11608396 2022121611
0.00 0 0 0 1822 11608396 2022121611
0.00 0 0 0 1822 11608396 2022121611
0.00 0 0 0 1822 11608396 2022121611
0.00 0 0 0 1822 11608396 2022121611
0.00 0 0 0 1822 11608396 2022121611
0.00 0 0 0 1822 11608396 2022121611
0.00 0 0 0 1822 11608396 2022121611
0.00 0 0 0 1822 11608396 2022121611
0.00 0 0 0 1822 11608396 2022121611
0.00 0 0 0 1822 11608396 2022121611
0.00 0 0 0 1822 11608396 2022121611
0.00 0 0 0 1822 11608396 2022121611
0.00 0 0 0 1822 11608396 2022121611
0.00 0 0 0 1822 11608396 2022121611
0.00 0 0 0 1822 11608396 2022121611
0.00 0 0 0 1822 11608396 2022121611
0.00 0 0 0 1822 11608396 2022121611
0.00 0 0 0 1822 11608396 2022121611
0.00 0 0 0 1822 11608396 2022121611
0.00 0 0 0 1822 11608396 2022121611
0.00 0 0 0 1822 11608396 2022121611
0.00 0 0 0 1822 11608396 2022121611
0.00 0 0 0 1822 11608396 2022121611
0.00 0 0 0 1822 11608396 2022121611
0.00 0 0 0 1822 11608396 2022121611
0.00 0 0 0 1822 11608396 2022121611
0.00 0 0 0 1822 11608396 2022121611
0.00 0 0 0 1822 11608396 2022121611
0.00 0 0 0 1822 11608396 2022121611
0.00 0 0 0 1822 11608396 2022121611
0.00 0 0 0 1822 11608396 2022121611
0.00 0 0 0 1822 11608396 2022121611
0.00 0 0 0 1822 11608396 2022121611
0.00 0 0 0 1822 11608396 2022121611
0.00 0 0 0 1822 11608396 2022121611
0.00 0 0 0 1822 11608396 2022121611
0.00 0 0 0 1822 11608396 2022121611
0.00 0 0 0 1822 11608396 2022121611
0.00 0 0 0 1822 11608396 2022121611
0.00 0 0 0 1822 11608396 2022121611
0.00 0 0 0 1822 11608396 2022121611
0.00 0 0 0 1822 11608396 2022121611
0.00 0 0 0 1822 11608396 2022121611
0.00 0 0 0 1822 11608396 2022121611
0.00 0 0 0 1822 11608396 2022121611
0.00 0 0 0 1822 11608396 2022121611
0.00 0 0 0 1822 11608396 2022121611
0.00 0 0 0 1822 11608396 2022121611
0.00 0 0 0 1822 11608396 2022121611
0.00 0 0 0 1822 11608396 2022121611
0.00 0 0 0 1822 11608396 2022121611
0.00 0 0 0 1822 11608396 2022121611
0.00 0 0 0 1822 11608396 2022121611
0.00 0 0 0 1822 11608396 2022121611
0.00 0 0 0 1822 11608396 2022121611
0.00 0 0 0 1822 11608396 2022121611
0.00 0 0 0 1822 11608396 2022121611
0.00 0 0 0 1822 11608396 2022121611
0.00 0 0 0 1822 11608396 2022121611
0.00 0 0 0 1822 11608396 2022121611
0.00 0 0 0 1822 11608396 2022121611
0.00 0 0 0 1822 11608396 2022121611
0.00 0 0 0 1822 11608396 2022121611
0.00 0 0 0 1822 11608396 2022121611
0.00 0 0 0 1822 11608396 2022121611
0.00 0 0 0 1822 11608396 2022121611
0.00 0 0 0 1822 11608396 2022121611
0.00 0 0 0 1822 11608396 2022121611
0.00 0 0 0 1822 11608396 2022121611
0.00 0 0 0 1822 11608396 2022121611
0.00 0 0 0 1822 11608396 2022121611
0.00 0 0 0 1822 11608396 2022121611
0.00 0 0 0 1822 11608396 2022121611
0.00 0 0 0 1822 11608396 2022121611
0.00 0 0 0 1822 11608396 2022121611
0.00 0 0 0 1822 11608396 2022121611
0.00 0 0 0 1822 11608396 2022121611
0.00 0 0 0 1822 11608396 2022121611
0.00 0 0 0 1822 11608396 2022121611
0.00 0 0 0 1822 11608396 2022121611
0.00 0 0 0 1822 11608396 2022121611
0.00 0 0 0 1822 11608396 2022121611
0.00 0 0 0 1822 11608396 2022121611
0.00 0 0 0 1822 11608396 2022121611
0.00 0 0 0 1822 11608396 2022121611
0.00 0 0 0 1822 11608396 2022121611
0.00 0 0 0 1822 11608396 2022121611
0.00 0 0 0 1822 11608396 2022121611
0.00 0 0 0 1822 11608396 2022121611
0.00 0 0 0 1822 11608396 2022121611
0.00 0 0 0 1822 11608396 2022121611
0.00 0 0 0 1822 11608396 2022121611
0.00 0 0 0 1822 11608396 2022121611
0.00 0 0 0 1822 11608396 2022121611
0.00 0 0 0 1822 11608396 2022121611
0.00 0 0 0 1822 11608396 2022121611
0.00 0 0 0 1822 11608396 2022121611
0.00 0 0 0 1822 11608396 2022121611
0.00 0 0 0 1822 11608396 2022121611
0.00 0 0 0 1822 11608396 2022121611
0.00 0 0 0 1822 11608396 2022121611
0.00 0 0 0 1822 11608396 2022121611
0.00 0 0 0 1822 11608396 2022121611
0.00 0 0 0 1822 11608396 2022121611
0.00 0 0 0 1822 11608396 2022121611
0.00 0 0 0 1822 11608396 2022121611
0.00 0 0 0 1822 11608396 2022121611
0.00 0 0 0 1822 11608396 2022121611
0.00 0 0 0 1822 11608396 2022121611
0.00 0 0 0 1822 11608396 2022121611
0.00 0 0 0 1822 11608396 2022121611
0.00 0 0 0 1822 11608396 2022121611
0.00 0 0 0 1822 11608396 2022121611
0.00 0 0 0 1822 11608396 2022121611
0.00 0 0 0 1822 11608396 2022121611
0.00 0 0 0 1822 11608396 2022121611
0.00 0 0 0 1822 11608396 2022121611
0.00 0 0 0 1822 11608396 2022121611
0.00 0 0 0 1822 11608396 2022121611
0.00 0 0 0 1822 11608396 2022121611
119 12 0 194 521 117535 2022121611
0.00 0 0 0 521 117535 2022121611
0.00 0 0 0 521 117535 2022121611
0.00 0 0 0 521 117535 2022121611
0.00 0 0 0 521 117535 2022121611
284 28 0 29 1072 118426 2022121611
0.00 0 0 0 1072 118426 2022121611
0.00 0 0 0 1072 118426 2022121611
0.00 0 0 0 1072 118426 2022121611
0.00 0 0 0 1072 118426 2022121611
0.00 0 0 0 1072 118426 2022121611
0.00 0 0 0 1072 118426 2022121611
0.00 0 0 0 1072 118426 2022121611
189 18 0 0 33 120798 2022121611
0.00 0 0 0 33 120798 2022121611
0.00 0 0 0 33 120798 2022121611
0.00 0 0 0 33 120798 2022121611
0.00 0 0 0 33 120798 2022121611
0.00 0 0 0 33 120798 2022121611
0.00 0 0 0 33 120798 2022121611
0.00 0 0 0 33 120798 2022121611
0.00 0 0 0 33 120798 2022121611
0.00 0 0 0 33 120798 2022121611
0.00 0 0 0 33 120798 2022121611
0.00 0 0 0 33 120798 2022121611
0.00 0 0 0 33 120798 2022121611
0.00 0 0 0 33 120798 2022121611
0.00 0 0 0 33 120798 2022121611
0.00 0 0 0 33 120798 2022121611
0.00 0 0 0 33 120798 2022121611
0.00 0 0 0 33 120798 2022121611
0.00 0 0 0 33 120798 2022121611
0.00 0 0 0 33 120798 2022121611
0.00 0 0 0 33 120798 2022121611
0.00 0 0 0 33 120798 2022121611
0.00 0 0 0 33 120798 2022121611
0.00 0 0 0 33 120798 2022121611
0.00 0 0 0 33 120798 2022121611
0.00 0 0 0 33 120798 2022121611
0.00 0 0 0 33 120798 2022121611
0.00 0 0 0 33 120798 2022121611
0.00 0 0 0 33 120798 2022121611
0.00 0 0 0 33 120798 2022121611
0.00 0 0 0 33 120798 2022121611
0.00 0 0 0 33 120798 2022121611
0.00 0 0 0 33 120798 2022121611
0.00 0 0 0 33 120798 2022121611
0.00 0 0 0 33 120798 2022121611
0.00 0 0 0 33 120798 2022121611
0.00 0 0 0 33 120798 2022121611
0.00 0 0 0 33 120798 2022121611
0.00 0 0 0 33 120798 2022121611
0.00 0 0 0 33 120798 2022121611
0.00 0 0 0 33 120798 2022121611
0.00 0 0 0 33 120798 2022121611
0.00 0 0 0 33 120798 2022121611
0.00 0 0 0 33 120798 2022121611
0.00 0 0 0 33 120798 2022121611
0.00 0 0 0 33 120798 2022121611
0.00 0 0 0 33 120798 2022121611
0.00 0 0 0 33 120798 2022121611
0.00 0 0 0 33 120798 2022121611
0.00 0 0 0 33 120798 2022121611
0.00 0 0 0 33 120798 2022121611
0.00 0 0 0 33 120798 2022121611
0.00 0 0 0 33 120798 2022121611
0.00 0 0 0 33 120798 2022121611
0.00 0 0 0 33 120798 2022121611
0.00 0 0 0 33 120798 2022121611
0.00 0 0 0 33 120798 2022121611
0.00 0 0 0 33 120798 2022121611
0.00 0 0 0 33 120798 2022121611
0.00 0 0 0 33 120798 2022121611
0.00 0 0 0 33 120798 2022121611
0.00 0 0 0 33 120798 2022121611
0.00 0 0 0 33 120798 2022121611
0.00 0 0 0 33 120798 2022121611
0.00 0 0 0 33 120798 2022121611
0.00 0 0 0 33 120798 2022121611
0.00 0 0 0 33 120798 2022121611
0.00 0 0 0 33 120798 2022121611
0.00 0 0 0 33 120798 2022121611
0.00 0 0 0 33 120798 2022121611
0.00 0 0 0 33 120798 2022121611
0.00 0 0 0 33 120798 2022121611
0.00 0 0 0 33 120798 2022121611
0.00 0 0 0 33 120798 2022121611
0.00 0 0 0 33 120798 2022121611
0.00 0 0 0 33 120798 2022121611
0.00 0 0 0 33 120798 2022121611
0.00 0 0 0 33 120798 2022121611
0.00 0 0 0 33 120798 2022121611
0.00 0 0 0 33 120798 2022121611
0.00 0 0 0 33 120798 2022121611
0.00 0 0 0 33 120798 2022121611
0.00 0 0 0 33 120798 2022121611
0.00 0 0 0 33 120798 2022121611
0.00 0 0 0 33 120798 2022121611
0.00 0 0 0 33 120798 2022121611
0.00 0 0 0 33 120798 2022121611
0.00 0 0 0 33 120798 2022121611
0.00 0 0 0 33 120798 2022121611
0.00 0 0 0 33 120798 2022121611
0.00 0 0 0 33 120798 2022121611
0.00 0 0 0 33 120798 2022121611
0.00 0 0 0 33 120798 2022121611
0.00 0 0 0 33 120798 2022121611
0.00 0 0 0 33 120798 2022121611
0.00 0 0 0 33 120798 2022121611
0.00 0 0 0 33 120798 2022121611
0.00 0 0 0 33 120798 2022121611
0.00 0 0 0 33 120798 2022121611
0.00 0 0 0 33 120798 2022121611
0.00 0 0 0 33 120798 2022121611
0.00 0 0 0 33 120798 2022121611
0.00 0 0 0 33 120798 2022121611
0.00 0 0 0 33 120798 2022121611
0.00 0 0 0 33 120798 2022121611
0.00 0 0 0 33 120798 2022121611
0.00 0 0 0 33 120798 2022121611
330 32 0 0 264 118289 2022121611
0.00 0 0 0 264 118289 2022121611
0.00 0 0 0 264 118289 2022121611
0.00 0 0 0 264 118289 2022121611
15.6 2 0 0 529 113416 2022121611
26.0 3 0 0 780 117283 2022121611
0.00 0 1 0 1041 118777 2022121611
36.4 4 0 0 1114 117256 2022121611
83.1 9 0 0 1147 117990 2022121611
0.00 0 0 0 1147 117990 2022121611
182 18 0 0 1162 120681 2022121611
0.00 0 0 0 1162 120681 2022121611
93.5 9 0 13 546 119308 2022121611
0.00 0 0 0 546 119308 2022121611
182 18 0 0 825 117058 2022121611
0.00 0 0 0 825 117058 2022121611
52.0 5 0 0 834 117475 2022121611
67.6 7 0 0 838 116928 2022121611
72.7 7 0 0 846 122000 2022121611
31.2 3 0 0 852 119019 2022121611
36.4 4 0 0 860 118138 2022121611
104 10 0 0 875 117171 2022121611
0.00 0 0 0 875 117171 2022121611
104 10 0 0 883 117426 2022121611
10.5 1 0 0 883 117426 2022121611
98.6 10 0 0 889 122267 2022121611
77.9 8 0 0 896 117246 2022121611
26.0 3 0 0 900 117718 2022121611
120 12 0 0 908 117138 2022121611
31.2 3 0 0 911 117768 2022121611
36.4 4 0 0 914 117597 2022121611
77.9 8 0 0 919 117365 2022121611
72.7 8 0 0 925 117467 2022121611
77.9 8 0 0 930 112984 2022121611
31.2 3 0 0 932 117348 2022121611
41.6 4 0 0 934 117196 2022121611
120 12 0 0 941 117410 2022121611
31.2 3 0 0 944 118222 2022121611
77.9 8 0 0 948 117555 2022121611
41.6 4 0 0 950 117330 2022121611
114 12 0 0 955 117258 2022121611
41.6 4 0 0 482 1672673 2022121611
0.00 0 0 0 1024 118630 2022121611
0.00 0 0 0 1024 118630 2022121611
0.00 0 0 0 1024 118630 2022121611
0.00 0 0 0 1024 118630 2022121611
0.00 0 0 0 1024 118630 2022121611
0.00 0 0 0 1024 118630 2022121611
0.00 0 0 0 1024 118630 2022121611
0.00 0 0 0 1024 118630 2022121611
0.00 0 0 0 1024 118630 2022121611
62.9 6 0 0 1024 118630 2022121611
0.00 0 0 0 1024 118630 2022121611
0.00 0 0 0 1024 118630 2022121611
0.00 0 0 0 1024 118630 2022121611
0.00 0 0 0 1024 118630 2022121611
0.00 0 0 0 1024 118630 2022121611
0.00 0 0 0 1024 118630 2022121611
0.00 0 0 0 1024 118630 2022121611
0.00 0 0 0 1024 118630 2022121611
0.00 0 0 0 1024 118630 2022121611
0.00 0 0 0 1024 118630 2022121611
0.00 0 0 0 1024 118630 2022121611
0.00 0 0 0 1024 118630 2022121611
0.00 0 0 0 1024 118630 2022121611
0.00 0 0 0 1024 118630 2022121611
0.00 0 0 0 1024 118630 2022121611
0.00 0 0 0 1024 118630 2022121611
0.00 0 0 0 1024 118630 2022121611
0.00 0 0 0 1024 118630 2022121611
0.00 0 0 0 1024 118630 2022121611
0.00 0 0 0 1024 118630 2022121611
0.00 0 0 0 1024 118630 2022121611
0.00 0 0 0 1024 118630 2022121611
0.00 0 0 0 1024 118630 2022121611
0.00 0 0 0 1024 118630 2022121611
0.00 0 0 0 1024 118630 2022121611
0.00 0 0 0 1024 118630 2022121611
0.00 0 0 0 1024 118630 2022121611
0.00 0 0 0 1024 118630 2022121611
0.00 0 0 0 1024 118630 2022121611
0.00 0 0 0 1024 118630 2022121611
0.00 0 0 0 1024 118630 2022121611
0.00 0 0 0 1024 118630 2022121611
0.00 0 0 0 1024 118630 2022121611
0.00 0 0 0 1024 118630 2022121611
0.00 0 0 0 1024 118630 2022121611
0.00 0 0 0 1024 118630 2022121611
0.00 0 0 0 1024 118630 2022121611
0.00 0 0 0 1024 118630 2022121611
0.00 0 0 0 1024 118630 2022121611
0.00 0 0 0 1024 118630 2022121611
0.00 0 0 0 1024 118630 2022121611
0.00 0 0 0 1024 118630 2022121611
0.00 0 0 0 1024 118630 2022121611
0.00 0 0 0 1024 118630 2022121611
0.00 0 0 0 1024 118630 2022121611
0.00 0 0 0 1024 118630 2022121611
0.00 0 0 0 1024 118630 2022121611
0.00 0 0 0 1024 118630 2022121611
0.00 0 0 0 1024 118630 2022121611
0.00 0 0 0 1024 118630 2022121611
0.00 0 0 0 1024 118630 2022121611
0.00 0 0 0 1024 118630 2022121611
0.00 0 0 0 1024 118630 2022121611
0.00 0 0 0 1024 118630 2022121611
0.00 0 0 0 1024 118630 2022121611
0.00 0 0 0 1024 118630 2022121611
0.00 0 0 0 1024 118630 2022121611
0.00 0 0 0 1024 118630 2022121611
0.00 0 0 0 1024 118630 2022121611
0.00 0 0 0 1024 118630 2022121611
0.00 0 0 0 1024 118630 2022121611
0.00 0 0 0 1024 118630 2022121611
0.00 0 0 0 1024 118630 2022121611
0.00 0 0 0 1024 118630 2022121611
0.00 0 0 0 1024 118630 2022121611
0.00 0 0 0 1024 118630 2022121611
0.00 0 0 0 1024 118630 2022121611
0.00 0 0 0 1024 118630 2022121611
0.00 0 0 0 1024 118630 2022121611
0.00 0 0 0 1024 118630 2022121611
0.00 0 0 0 1024 118630 2022121611
0.00 0 0 0 1024 118630 2022121611
0.00 0 0 0 1024 118630 2022121611
0.00 0 0 0 1024 118630 2022121611
0.00 0 0 0 1024 118630 2022121611
0.00 0 0 0 1024 118630 2022121611
0.00 0 0 0 1024 118630 2022121611
0.00 0 0 0 1024 118630 2022121611
0.00 0 0 0 1024 118630 2022121611
0.00 0 0 0 1024 118630 2022121611
0.00 0 0 0 1024 118630 2022121611
0.00 0 0 0 1024 118630 2022121611
0.00 0 0 0 1024 118630 2022121611
0.00 0 0 0 1024 118630 2022121611
0.00 0 0 0 1024 118630 2022121611
0.00 0 0 0 1024 118630 2022121611
0.00 0 0 0 1024 118630 2022121611
0.00 0 0 0 1024 118630 2022121611
0.00 0 0 0 1024 118630 2022121611
0.00 0 0 0 1024 118630 2022121611
0.00 0 0 0 1024 118630 2022121611
0.00 0 0 0 1024 118630 2022121611
0.00 0 0 0 1024 118630 2022121611
0.00 0 0 0 1024 118630 2022121611
0.00 0 0 0 1024 118630 2022121611
0.00 0 0 0 1024 118630 2022121611
0.00 0 0 0 1024 118630 2022121611
0.00 0 0 0 1024 118630 2022121611
0.00 0 0 0 1024 118630 2022121611
0.00 0 0 0 1024 118630 2022121611
0.00 0 0 0 1024 118630 2022121611
0.00 0 0 0 1024 118630 2022121611
0.00 0 0 0 1024 118630 2022121611
0.00 0 0 0 1024 118630 2022121611
0.00 0 0 0 1024 118630 2022121611
0.00 0 0 0 1024 118630 2022121611
0.00 0 0 0 1024 118630 2022121611
0.00 0 0 0 1024 118630 2022121611
0.00 0 0 0 1024 118630 2022121611
0.00 0 0 0 1024 118630 2022121611
0.00 0 0 0 1024 118630 2022121611
0.00 0 0 0 1024 118630 2022121611
0.00 0 0 0 1024 118630 2022121611
0.00 0 0 0 1024 118630 2022121611
0.00 0 0 0 1024 118630 2022121611
0.00 0 0 0 1024 118630 2022121611
0.00 0 0 0 1024 118630 2022121611
0.00 0 0 0 1024 118630 2022121611
0.00 0 0 0 1024 118630 2022121611
0.00 0 0 0 1024 118630 2022121611
0.00 0 0 0 1024 118630 2022121611
0.00 0 0 0 1024 118630 2022121611
0.00 0 0 0 1024 118630 2022121611
0.00 0 0 0 1024 118630 2022121611
0.00 0 0 0 1024 118630 2022121611
9.86 695 4 349 1024 118630 2022121611
