8.47 1 0 0 115 129335 2022121620
0.00 0 0 0 115 129335 2022121620
0.00 0 0 0 115 129335 2022121620
0.00 0 0 0 115 129335 2022121620
0.00 0 0 0 115 129335 2022121620
0.00 0 0 0 115 129335 2022121620
24.4 3 0 0 219 117290 2022121620
43.2 5 0 0 432 117324 2022121620
171 17 0 0 591 118857 2022121620
104 10 0 0 608 117241 2022121620
5.20 1 0 0 609 114747 2022121620
57.2 6 0 0 638 121936 2022121620
62.4 6 0 0 671 115098 2022121620
67.6 7 0 0 704 118285 2022121620
36.4 4 0 0 776 118400 2022121620
15.6 2 0 0 856 118306 [ ID] Interval Transfer Bandwidth Write Err Rtry Cwnd RTT 2022121620
62.4 6 0 0 814 10966470 2022121620
0.00 0 0 0 1122 10966470 2022121620
83.9 8 0 0 1122 10966470 2022121620
0.00 0 0 0 1122 10966470 2022121620
0.00 0 0 0 1122 10966470 2022121620
0.00 0 0 0 1122 10966470 2022121620
0.00 0 0 0 1122 10966470 2022121620
0.00 0 0 0 1122 10966470 2022121620
0.00 0 0 0 1122 10966470 2022121620
0.00 0 0 0 1122 10966470 2022121620
0.00 0 0 0 1122 10966470 2022121620
0.00 0 0 0 1122 10966470 2022121620
0.00 0 0 0 1122 10966470 2022121620
0.00 0 0 0 1122 10966470 2022121620
0.00 0 0 0 1122 10966470 2022121620
0.00 0 0 0 1122 10966470 2022121620
0.00 0 0 0 1122 10966470 2022121620
0.00 0 0 0 1122 10966470 2022121620
0.00 0 0 0 1122 10966470 2022121620
0.00 0 0 0 1122 10966470 2022121620
0.00 0 0 0 1122 10966470 2022121620
0.00 0 0 0 1122 10966470 2022121620
0.00 0 0 0 1122 10966470 2022121620
0.00 Mbits se[ ID] Interval Transfer Bandwidth Write Err Rtry Cwnd RTT 2022121620
72.7 7 0 0 962 7738620 2022121620
21.0 2 0 0 1163 7738620 2022121620
0.00 0 0 0 1163 7738620 2022121620
0.00 0 0 0 1163 7738620 2022121620
0.00 0 0 0 1163 7738620 2022121620
0.00 0 0 0 1163 7738620 2022121620
0.00 0 0 0 1163 7738620 2022121620
0.00 0 0 0 1163 7738620 2022121620
0.00 0 0 0 1163 7738620 2022121620
0.00 0 0 0 1163 7738620 2022121620
0.00 0 0 0 1163 7738620 2022121620
0.00 0 0 0 1163 7738620 2022121620
0.00 0 0 0 1163 7738620 2022121620
0.00 0 0 0 1163 7738620 2022121620
0.00 0 0 0 1163 7738620 2022121620
0.00 0 0 0 1163 7738620 2022121620
0.00 0 0 0 1163 7738620 2022121620
0.00 0 0 0 1163 7738620 2022121620
0.00 0 0 0 1163 7738620 2022121620
0.00 0 0 0 1163 7738620 2022121620
0.00 0 0 0 1163 7738620 2022121620
0.00 0 0 0 1163 7738620 2022121620
0.00 0 0 0 1163 7738620 2022121620
0.00 0 0 0 1163 7738620 2022121620
0.00 0 0 0 1163 7738620 2022121620
0.00 0 0 0 1163 7738620 2022121620
0.00 0 0 0 1163 7738620 2022121620
0.00 0 0 0 1163 7738620 2022121620
0.00 0 0 0 1163 7738620 2022121620
0.00 0 0 0 1163 7738620 2022121620
0.00 0 0 0 1163 7738620 2022121620
0.00 0 0 0 1163 7738620 2022121620
0.00 0 0 0 1163 7738620 2022121620
0.00 0 0 0 1163 7738620 2022121620
0.00 0 0 0 1163 7738620 2022121620
0.00 0 0 0 1163 7738620 2022121620
0.00 0 0 0 1163 7738620 2022121620
0.00 0 0 0 1163 7738620 2022121620
0.00 0 0 0 1163 7738620 2022121620
0.00 0 0 0 1163 7738620 2022121620
0.00 0 0 0 1163 7738620 2022121620
0.00 0 0 0 1163 7738620 2022121620
0.00 0 0 0 1163 7738620 2022121620
0.00 0 0 0 1163 7738620 2022121620
0.00 0 0 0 1163 7738620 2022121620
0.00 0 0 0 1163 7738620 2022121620
0.00 0 0 0 1163 7738620 2022121620
0.00 0 0 0 1163 7738620 2022121620
0.00 0 0 0 1163 7738620 2022121620
0.00 0 0 0 1163 7738620 2022121620
0.00 0 0 0 1163 7738620 2022121620
0.00 0 0 0 1163 7738620 2022121620
0.00 0 0 0 1163 7738620 2022121620
0.00 0 0 0 1163 7738620 2022121620
0.00 0 0 0 1163 7738620 2022121620
0.00 0 0 0 1163 7738620 2022121620
0.00 0 0 0 1163 7738620 2022121620
0.00 0 0 0 1163 7738620 2022121620
0.00 0 0 0 1163 7738620 2022121620
0.00 0 0 0 1163 7738620 2022121620
0.00 0 0 0 1163 7738620 2022121620
0.00 0 0 0 1163 7738620 2022121620
0.00 0 0 0 1163 7738620 2022121620
0.00 0 0 0 1163 7738620 2022121620
0.00 0 0 0 1163 7738620 2022121620
0.00 0 0 0 1163 7738620 2022121620
0.00 0 0 0 1163 7738620 2022121620
0.00 0 0 0 1163 7738620 2022121620
0.00 0 0 0 1163 7738620 2022121620
0.00 0 0 0 1163 7738620 2022121620
0.00 0 0 0 1163 7738620 2022121620
0.00 0 0 0 1163 7738620 2022121620
0.00 0 0 0 1163 7738620 2022121620
0.00 0 0 0 1163 7738620 2022121620
0.00 0 0 0 1163 7738620 2022121620
0.00 0 0 0 1163 7738620 2022121620
0.00 0 0 0 1163 7738620 2022121620
0.00 0 0 0 1163 7738620 2022121620
0.00 0 0 0 1163 7738620 2022121620
0.00 0 0 0 1163 7738620 2022121620
0.00 0 0 0 1163 7738620 2022121620
0.00 0 0 0 1163 7738620 2022121620
0.00 0 0 0 1163 7738620 2022121620
0.00 0 0 0 1163 7738620 2022121620
0.00 0 0 0 1163 7738620 2022121620
0.00 0 0 0 1163 7738620 2022121620
0.00 0 0 0 1163 7738620 2022121620
104 10 0 0 1177 117081 2022121620
0.00 0 0 0 1177 117081 2022121620
36.4 4 0 0 1187 119208 2022121620
83.1 8 0 0 1194 117135 2022121620
109 11 0 0 1198 117055 2022121620
0.00 0 0 0 1198 117055 2022121620
98.7 10 0 0 1199 117031 2022121620
98.7 10 0 0 1201 116946 2022121620
98.7 10 0 0 1201 117735 2022121620
98.7 10 0 0 1202 118013 2022121620
0.00 0 0 0 1202 118013 2022121620
135 13 0 0 1203 149842 2022121620
83.9 8 0 0 1205 149842 2022121620
0.00 0 0 0 1205 149842 2022121620
124 12 0 0 1206 117014 2022121620
26.0 3 0 0 1206 117680 2022121620
151 15 0 0 1207 119233 2022121620
52.0 5 0 0 1209 116965 2022121620
52.0 5 0 0 1210 117570 2022121620
62.4 6 0 0 1212 116860 2022121620
130 13 0 4 649 117136 2022121620
46.8 5 0 4 113 117680 2022121620
0.00 0 1 0 849 119937 2022121620
52.0 5 0 0 864 116893 2022121620
120 12 0 [ ID] Interval Transfer Bandwidth Write Err Rtry Cwnd RTT 2022121620
104 10 0 0 932 8751249 2022121620
10.5 1 0 0 1166 8751249 2022121620
0.00 0 0 0 1166 8751249 2022121620
0.00 0 0 0 1166 8751249 2022121620
0.00 0 0 0 1166 8751249 2022121620
0.00 0 0 0 1166 8751249 2022121620
0.00 0 0 0 1166 8751249 2022121620
0.00 0 0 0 1166 8751249 2022121620
0.00 0 0 0 1166 8751249 2022121620
0.00 0 0 0 1166 8751249 2022121620
0.00 0 0 0 1166 8751249 2022121620
0.00 0 0 0 1166 8751249 2022121620
0.00 0 0 0 1166 8751249 2022121620
120 12 0 0 1023 117643 2022121620
41.6 4 0 0 1027 116354 2022121620
77.9 8 0 0 1031 116996 2022121620
36.4 4 0 0 1031 117282 2022121620
93.5 9 0 0 1031 117117 2022121620
41.6 4 0 0 1031 117064 2022121620
52.0 5 0 0 1031 117245 2022121620
46.8 5 0 0 1031 117216 2022121620
62.4 7 0 0 1031 117328 2022121620
41.6 4 0 0 1031 117741 2022121620
52.0 5 0 0 1047 117112 2022121620
36.4 4 0 0 1078 118269 2022121620
104 10 0 0 1083 117335 2022121620
57.2 6 0 0 1083 117404 2022121620
57.2 6 0 0 1101 117187 2022121620
57.2 6 0 0 1107 117192 2022121620
114 12 0 0 1125 117209 2022121620
62.4 6 0 0 1127 121155 2022121620
57.2 6 0 1 969 113300 2022121620
57.2 6 0 4 308 117269 2022121620
36.4 4 0 0 788 117407 2022121620
0.00 0 0 0 788 117407 2022121620
109 11 0 0 788 117584 2022121620
20.8 2 0 0 788 117891 2022121620
62.4 6 0 0 788 117647 2022121620
26.0 3 0 0 788 117582 2022121620
36.4 4 0 0 788 117548 2022121620
31.2 3 0 0 788 117518 2022121620
67.6 7 0 0 788 117601 2022121620
15.6 2 0 0 788 117579 2022121620
31.2 3 0 0 788 117446 2022121620
36.4 4 0 0 788 117324 2022121620
36.4 4 0 0 788 117260 2022121620
46.8 5 0 0 816 117493 2022121620
88.3 9 0 0 816 117501 2022121620
31.2 3 0 0 816 117463 2022121620
36.4 4 0 0 816 117476 2022121620
41.6 4 0 0 816 117426 2022121620
77.9 8 0 0 816 117348 2022121620
20.8 2 0 0 816 117330 2022121620
36.4 4 0 0 816 117911 2022121620
41.6 4 0 0 816 117710 2022121620
67.6 7 0 0 816 117517 2022121620
20.8 2 0 0 816 117576 2022121620
36.4 4 0 0 816 117354 2022121620
36.4 4 0 0 816 117209 2022121620
67.6 7 0 0 816 117457 2022121620
36.4 4 0 0 816 117662 2022121620
31.2 3 0 0 816 117445 2022121620
36.4 4 0 0 816 117377 2022121620
67.6 7 0 0 816 117348 2022121620
36.4 4 0 0 816 117447 2022121620
41.6 4 0 0 816 117628 2022121620
36.4 4 0 0 816 113137 2022121620
72.7 7 0 0 903 118147 2022121620
41.6 4 0 0 915 118384 2022121620
52.0 5 0 0 930 117338 2022121620
46.8 5 0 0 937 117170 2022121620
98.7 10 0 0 943 117295 2022121620
52.0 5 0 0 945 117297 2022121620
52.0 5 0 0 947 117485 2022121620
52.0 5 0 0 948 117076 2022121620
98.7 10 0 0 950 117502 2022121620
52.0 5 0 0 951 117315 2022121620
52.0 5 0 0 951 117283 2022121620
104 10 0 0 952 121261 2022121620
41.6 4 0 0 954 114342 2022121620
57.2 6 0 0 954 113287 2022121620
46.8 5 0 0 955 117789 2022121620
52.0 5 0 0 955 117513 2022121620
104 10 0 0 956 117475 2022121620
46.8 5 0 0 956 117506 2022121620
52.0 5 0 0 956 117593 2022121620
52.0 5 0 0 956 117251 2022121620
104 10 0 37 77 8004476 2022121620
0.00 0 0 0 670 8004476 2022121620
0.00 0 0 0 670 8004476 2022121620
0.00 0 0 0 670 8004476 2022121620
10.5 1 0 0 670 8004476 2022121620
0.00 0 0 0 670 8004476 2022121620
0.00 0 0 0 670 8004476 2022121620
0.00 0 0 0 670 8004476 2022121620
0.00 0 0 0 670 8004476 2022121620
0.00 0 0 0 670 8004476 2022121620
0.00 0 0 0 670 8004476 2022121620
0.00 0 0 0 670 8004476 2022121620
0.00 0 0 0 670 8004476 2022121620
0.00 0 0 0 670 8004476 2022121620
0.00 0 0 0 670 8004476 2022121620
0.00 0 0 0 670 8004476 2022121620
0.00 0 0 0 670 8004476 2022121620
0.00 0 0 0 670 8004476 2022121620
0.00 0 0 0 670 8004476 2022121620
0.00 0 0 0 670 8004476 2022121620
0.00 0 0 0 670 8004476 2022121620
0.00 0 0 0 670 8004476 2022121620
0.00 0 0 0 670 8004476 2022121620
0.00 0 0 0 670 8004476 2022121620
0.00 0 0 0 670 8004476 2022121620
0.00 0 0 0 670 8004476 2022121620
0.00 0 0 0 670 8004476 2022121620
0.00 0 0 0 670 8004476 2022121620
0.00 0 0 0 670 8004476 2022121620
0.00 0 0 0 670 8004476 2022121620
0.00 0 0 0 670 8004476 2022121620
0.00 0 0 0 670 8004476 2022121620
0.00 0 0 0 670 8004476 2022121620
0.00 0 0 0 670 8004476 2022121620
0.00 0 0 0 670 8004476 2022121620
0.00 0 0 0 670 8004476 2022121620
0.00 0 0 0 670 8004476 2022121620
0.00 0 0 0 670 8004476 2022121620
0.00 0 0 0 670 8004476 2022121620
0.00 0 0 0 670 8004476 2022121620
0.00 0 0 0 670 8004476 2022121620
0.00 0 0 0 670 8004476 2022121620
0.00 0 0 0 670 8004476 2022121620
0.00 0 0 0 670 8004476 2022121620
0.00 0 0 0 670 8004476 2022121620
0.00 0 0 0 670 8004476 2022121620
0.00 0 0 0 670 8004476 2022121620
0.00 0 0 0 670 8004476 2022121620
0.00 0 0 0 670 8004476 2022121620
0.00 0 0 0 670 8004476 2022121620
0.00 0 0 0 670 8004476 2022121620
0.00 0 0 0 670 8004476 2022121620
0.00 0 0 0 670 8004476 2022121620
0.00 0 0 0 670 8004476 2022121620
0.00 0 0 0 670 8004476 2022121620
0.00 0 0 0 670 8004476 2022121620
0.00 0 0 0 670 8004476 2022121620
0.00 0 0 0 670 8004476 2022121620
0.00 0 0 0 670 8004476 2022121620
0.00 0 0 0 670 8004476 2022121620
0.00 0 0 0 670 8004476 2022121620
0.00 0 0 0 670 8004476 2022121620
0.00 0 0 0 670 8004476 2022121620
0.00 0 0 0 670 8004476 2022121620
0.00 0 0 0 670 8004476 2022121620
0.00 0 0 0 670 8004476 2022121620
0.00 0 0 0 670 8004476 2022121620
0.00 0 0 0 670 8004476 2022121620
0.00 0 0 0 670 8004476 2022121620
0.00 0 0 0 670 8004476 2022121620
0.00 0 0 0 670 8004476 2022121620
0.00 0 0 0 670 8004476 2022121620
0.00 0 0 0 670 8004476 2022121620
0.00 0 0 0 670 8004476 2022121620
0.00 0 0 0 670 8004476 2022121620
0.00 0 0 0 670 8004476 2022121620
0.00 0 0 0 670 8004476 2022121620
0.00 0 0 0 670 8004476 2022121620
0.00 0 0 0 670 8004476 2022121620
0.00 0 0 0 670 8004476 2022121620
0.00 0 0 0 670 8004476 2022121620
0.00 0 0 0 670 8004476 2022121620
0.00 0 0 0 670 8004476 2022121620
0.00 0 0 0 670 8004476 2022121620
0.00 0 0 0 670 8004476 2022121620
0.00 0 0 0 670 8004476 2022121620
0.00 0 0 0 670 8004476 2022121620
0.00 0 0 0 670 8004476 2022121620
0.00 0 0 0 670 8004476 2022121620
0.00 0 0 0 670 8004476 2022121620
0.00 0 0 0 670 8004476 2022121620
0.00 0 0 0 670 8004476 2022121620
0.00 0 0 0 670 8004476 2022121620
0.00 0 0 0 670 8004476 2022121620
0.00 0 0 0 670 8004476 2022121620
0.00 0 0 0 670 8004476 2022121620
0.00 0 0 0 670 8004476 2022121620
0.00 0 0 0 670 8004476 2022121620
0.00 0 0 0 670 8004476 2022121620
0.00 0 0 0 670 8004476 2022121620
0.00 0 0 0 670 8004476 2022121620
0.00 0 0 0 670 8004476 2022121620
0.00 0 0 0 670 8004476 2022121620
0.00 0 0 0 670 8004476 2022121620
0.00 0 0 0 670 8004476 2022121620
0.00 0 0 0 670 8004476 2022121620
0.00 0 0 0 670 8004476 2022121620
182 18 0 0 670 117543 2022121620
0.00 0 0 0 670 117543 2022121620
15.6 2 0 0 670 117483 2022121620
31.2 3 0 0 670 117418 2022121620
31.2 3 0 0 670 117662 2022121620
62.4 6 0 0 670 113599 2022121620
26.0 3 0 0 670 117458 2022121620
36.4 4 0 0 670 117614 2022121620
26.0 3 0 0 670 121453 2022121620
62.4 7 0 0 670 113522 2022121620
31.2 3 0 0 674 117161 2022121620
31.2 3 0 0 682 117360 2022121620
36.4 4 0 0 685 113366 2022121620
52.0 6 0 0 685 117475 2022121620
36.4 4 0 0 685 117414 2022121620
26.0 3 0 0 685 117483 2022121620
31.2 3 0 0 685 117352 2022121620
62.4 6 0 0 685 117442 2022121620
31.2 3 0 0 685 117555 2022121620
26.0 3 0 0 685 117713 2022121620
26.0 3 0 0 685 117402 2022121620
26.0 3 0 0 685 117549 2022121620
36.4 4 0 0 685 117314 2022121620
36.4 4 0 0 685 117176 2022121620
26.0 3 0 0 685 117603 2022121620
26.0 3 0 0 685 117269 2022121620
26.0 3 0 0 685 117522 2022121620
46.8 5 0 0 685 117377 2022121620
31.2 3 0 0 685 117328 2022121620
26.0 3 0 0 685 117514 2022121620
26.0 3 0 0 685 117662 2022121620
57.2 6 0 0 685 117659 2022121620
26.0 3 0 0 685 117562 2022121620
31.2 3 0 0 685 117546 2022121620
26.0 3 0 0 685 117599 2022121620
52.0 6 0 0 685 117550 2022121620
31.2 3 0 0 685 113333 2022121620
26.0 3 0 0 685 113299 2022121620
31.2 3 0 0 685 117333 2022121620
62.4 6 0 0 744 116930 2022121620
26.0 3 0 0 744 113300 2022121620
46.8 5 0 0 744 117541 2022121620
36.4 4 0 0 744 117529 2022121620
62.4 7 0 0 744 117401 2022121620
31.2 3 0 0 744 117348 2022121620
31.2 3 0 0 744 117454 2022121620
31.2 3 0 0 744 117411 2022121620
46.8 5 0 0 881 118272 2022121620
41.6 4 0 0 897 117471 2022121620
41.6 4 0 0 897 117161 2022121620
36.4 4 0 0 905 116948 2022121620
93.5 9 0 0 916 113268 2022121620
20.8 2 0 0 916 117447 2022121620
46.8 5 0 0 916 117280 2022121620
41.6 4 0 0 916 117360 2022121620
88.3 9 0 0 916 117199 2022121620
41.6 4 0 0 916 117010 2022121620
41.6 4 0 0 916 117213 2022121620
46.8 5 0 0 916 117572 2022121620
77.9 8 0 0 916 117478 2022121620
36.4 4 0 0 916 117500 2022121620
36.4 4 0 0 916 117457 2022121620
31.2 3 0 0 916 117893 2022121620
72.7 8 0 0 916 117631 2022121620
36.4 4 0 0 916 117532 2022121620
36.4 4 0 0 916 117337 2022121620
31.2 3 0 0 916 117495 2022121620
98.7 10 0 0 916 117156 2022121620
46.8 5 0 0 937 117231 2022121620
46.8 5 0 0 943 117568 2022121620
52.0 5 0 0 943 117549 2022121620
83.1 8 0 0 943 117162 2022121620
46.8 5 0 0 943 117188 2022121620
46.8 5 0 0 943 117409 2022121620
46.8 5 0 0 943 117709 2022121620
83.1 9 0 0 943 117549 2022121620
36.4 4 0 0 943 117191 2022121620
36.4 4 0 0 943 117647 2022121620
46.8 5 0 0 943 117477 2022121620
88.3 9 0 0 943 117487 2022121620
36.4 4 0 0 943 117715 2022121620
41.6 4 0 0 943 117584 2022121620
41.6 4 0 0 943 117098 2022121620
93.5 10 0 0 943 117386 2022121620
46.8 5 0 0 943 117171 2022121620
52.0 5 0 0 943 117236 2022121620
20.8 2 0 0 943 117441 2022121620
77.9 8 0 0 943 117066 2022121620
41.6 4 0 0 943 117124 2022121620
41.6 4 0 0 943 117305 2022121620
52.0 5 0 0 943 117302 2022121620
72.7 8 0 0 943 117363 2022121620
41.6 4 0 0 943 117483 2022121620
31.2 3 0 0 943 117251 2022121620
36.4 4 0 0 943 117532 2022121620
88.3 9 0 0 943 113466 2022121620
46.8 5 0 0 943 117410 2022121620
41.6 4 0 0 943 117482 2022121620
52.0 5 0 0 943 117132 2022121620
88.3 9 0 0 943 121443 2022121620
41.6 4 0 0 943 117236 2022121620
46.8 5 0 0 943 117290 2022121620
46.8 5 0 0 943 113036 2022121620
98.7 10 0 0 943 117218 2022121620
46.8 5 0 0 943 113364 2022121620
46.8 5 0 0 943 121331 2022121620
46.8 5 0 0 943 117200 2022121620
93.5 10 0 0 943 117186 2022121620
41.6 4 0 0 943 121397 2022121620
46.8 5 0 0 943 117653 2022121620
46.8 5 0 0 943 117729 2022121620
62.4 6 0 0 943 117184 2022121620
62.4 6 0 0 943 117242 2022121620
52.0 5 0 0 943 117392 2022121620
46.8 5 0 0 943 117472 2022121620
88.3 9 0 0 943 117432 2022121620
20.8 2 0 0 943 117282 2022121620
36.4 4 0 0 943 117355 2022121620
41.6 4 0 0 943 117486 2022121620
72.7 8 0 0 943 117380 2022121620
36.4 4 0 0 943 117511 2022121620
41.6 4 0 0 943 117500 2022121620
46.8 5 0 0 943 117478 2022121620
77.9 8 0 0 943 117347 2022121620
46.8 5 0 0 943 118126 2022121620
46.8 5 0 0 943 117191 2022121620
41.6 4 0 0 943 113178 2022121620
93.5 10 0 0 943 117235 2022121620
46.8 5 0 0 943 113180 2022121620
52.0 5 0 0 943 117212 2022121620
46.8 5 0 0 943 117294 2022121620
93.5 10 0 0 943 117285 2022121620
46.8 5 0 0 943 117157 2022121620
46.8 5 0 0 943 117351 2022121620
41.6 4 0 0 943 117219 2022121620
88.3 9 0 0 943 117020 2022121620
46.8 5 0 0 943 117324 2022121620
41.6 4 0 0 943 117200 2022121620
41.6 4 0 0 943 117356 2022121620
88.3 9 0 0 943 117094 2022121620
41.6 4 0 0 943 117583 2022121620
46.8 5 0 0 943 118452 2022121620
41.6 4 0 0 943 117262 2022121620
77.9 8 0 0 943 121378 2022121620
52.0 5 0 0 943 117084 2022121620
36.4 4 0 0 943 117442 2022121620
41.6 4 0 0 943 113124 2022121620
83.1 9 0 0 943 113399 2022121620
41.6 4 0 0 943 117458 2022121620
46.8 5 0 36 384 121749 2022121620
20.8 2 0 52 108 118731 2022121620
31.2 4 0 16 663 120945 2022121620
41.6 4 0 0 667 117992 2022121620
31.2 3 0 0 667 117270 2022121620
36.4 4 0 0 677 113588 2022121620
72.7 8 0 0 683 117436 2022121620
26.0 3 0 0 690 117165 2022121620
57.2 6 0 0 690 121447 2022121620
26.0 3 0 0 690 117393 2022121620
36.4 4 0 0 690 117182 2022121620
31.2 3 0 0 690 113451 2022121620
67.6 7 0 0 708 117366 2022121620
36.4 4 0 0 715 117485 2022121620
36.4 4 0 0 715 113512 2022121620
31.2 3 0 0 715 117357 2022121620
36.4 4 0 0 715 117543 2022121620
77.9 8 0 0 715 117764 2022121620
15.6 2 0 0 715 117326 2022121620
26.0 3 0 0 715 117539 2022121620
31.2 3 0 0 715 121344 2022121620
67.6 7 0 0 715 117498 2022121620
36.4 4 0 2 445 121493 2022121620
26.0 3 0 22 53 117743 2022121620
20.8 2 0 10 435 119069 2022121620
5.20 1 1 0 501 117522 2022121620
41.6 4 0 0 507 113716 2022121620
31.2 3 0 0 507 117628 2022121620
20.8 2 0 0 507 117397 2022121620
46.8 5 0 0 507 117399 2022121620
26.0 3 0 0 507 117754 2022121620
31.2 3 0 0 515 113465 2022121620
5.20 1 0 0 528 115746 2022121620
57.2 6 0 0 539 122689 2022121620
31.2 3 0 0 543 118448 2022121620
31.2 3 0 0 547 118867 2022121620
26.0 3 0 0 548 118738 2022121620
62.4 6 0 0 555 121966 2022121620
26.0 3 0 0 558 118369 2022121620
31.2 3 0 0 561 118774 2022121620
31.2 3 0 0 566 118885 2022121620
46.8 5 0 0 568 118659 2022121620
31.2 3 0 0 570 118419 2022121620
62.4 6 0 0 576 118335 2022121620
0.00 0 0 0 576 118335 2022121620
77.9 8 0 0 580 118340 2022121620
10.4 1 0 0 581 117081 2022121620
52.0 5 0 0 583 118423 2022121620
31.2 3 0 0 586 118275 2022121620
62.4 7 0 0 590 118247 2022121620
0.00 0 0 0 590 118247 2022121620
77.9 8 0 0 591 117257 2022121620
15.6 2 0 0 592 118643 2022121620
52.0 5 0 0 592 118415 2022121620
31.2 3 0 0 594 117055 2022121620
67.6 7 0 0 597 117381 2022121620
26.0 3 0 0 597 117182 2022121620
20.8 2 0 0 598 118179 2022121620
46.8 5 0 0 599 116920 2022121620
46.8 5 0 0 601 119074 2022121620
52.0 5 0 0 602 117813 2022121620
26.0 3 0 0 602 117470 2022121620
20.8 2 0 0 603 121379 2022121620
77.9 8 0 0 605 117239 2022121620
20.8 2 0 0 605 118911 2022121620
52.0 5 0 0 605 117688 2022121620
26.0 3 0 0 606 117280 2022121620
72.7 7 0 0 606 117881 2022121620
26.0 3 0 0 606 117520 2022121620
20.8 2 0 0 608 119247 2022121620
52.0 5 0 0 608 117504 2022121620
46.8 5 0 0 608 119293 2022121620
52.0 5 0 0 608 118147 2022121620
26.0 3 0 0 608 117923 2022121620
20.8 2 0 0 608 119230 2022121620
83.1 8 0 0 608 118196 2022121620
20.8 2 0 0 608 119535 2022121620
46.8 5 0 0 608 118415 2022121620
52.0 5 0 0 608 119409 2022121620
26.0 3 0 0 608 118237 2022121620
20.8 2 0 0 608 118527 2022121620
72.7 7 0 0 608 118208 2022121620
26.0 3 0 0 608 119353 2022121620
52.0 5 0 0 608 117673 2022121620
20.8 2 0 0 608 118521 2022121620
77.9 8 0 0 608 117695 2022121620
20.8 2 0 0 608 117115 2022121620
31.2 3 0 0 608 116948 2022121620
46.8 5 0 0 608 117159 2022121620
52.0 6 0 0 608 118925 2022121620
46.8 5 0 0 608 117035 2022121620
26.0 3 0 0 608 117935 2022121620
26.0 3 0 0 608 118438 2022121620
72.7 8 0 0 608 118181 2022121620
0.00 0 0 0 608 118181 2022121620
72.7 8 0 0 608 118516 2022121620
52.0 5 0 0 609 119509 2022121620
20.8 2 0 0 609 113756 2022121620
26.0 3 0 0 609 115305 2022121620
52.0 5 0 0 609 135945 2022121620
52.0 5 0 0 610 117154 2022121620
0.00 0 1 0 610 117808 2022121620
52.0 5 0 0 612 117910 2022121620
46.8 5 0 0 612 118373 2022121620
52.0 5 0 0 613 113987 2022121620
33.2 2043 3 218 613 113987 2022121620
36.1 2202 3 340 614 118524 2022121620
