8.47 1 1 0 20 99164 2022121623
2.60 1 0 4 8 99563 2022121623
0.00 0 2 2 13 99776 2022121623
2.60 1 1 0 13 99825 2022121623
0.11 1 0 4 5 99887 2022121623
0.45 1 1 2 9 100254 2022121623
0.34 1 1 1 8 100242 2022121623
0.23 1 0 2 5 100192 2022121623
0.11 1 1 0 5 100156 2022121623
0.00 0 2 0 6 105125 2022121623
3.84 1 0 0 6 103960 2022121623
0.00 0 2 0 6 109585 2022121623
0.00 0 2 0 6 112057 2022121623
0.00 0 1 0 9 113669 2022121623
0.00 0 2 0 9 113024 2022121623
0.00 0 2 0 9 108728 2022121623
0.00 0 1 0 9 111579 2022121623
3.84 1 1 0 11 111783 2022121623
0.00 0 2 0 12 111378 2022121623
0.00 0 2 0 12 105529 2022121623
0.00 0 1 0 12 105044 2022121623
3.84 1 1 0 13 102404 2022121623
0.00 0 2 0 15 107759 2022121623
0.00 0 1 0 15 104029 2022121623
0.00 0 2 0 16 103568 2022121623
3.84 1 1 0 16 101640 2022121623
0.00 0 1 0 17 100764 2022121623
0.00 0 2 0 17 98799 2022121623
3.84 1 1 0 19 102814 2022121623
0.00 0 1 0 19 101368 2022121623
3.84 1 1 0 20 100579 2022121623
0.00 0 2 0 20 104912 2022121623
0.00 0 1 0 22 102212 2022121623
3.84 1 1 0 22 100896 2022121623
3.84 1 1 0 23 100187 2022121623
0.00 0 1 0 23 100123 2022121623
3.84 1 1 0 24 99993 2022121623
0.00 0 1 0 24 99968 2022121623
3.84 1 1 0 26 99905 2022121623
3.84 1 1 0 26 99990 2022121623
0.00 0 1 0 27 99896 2022121623
3.84 1 1 0 27 101735 2022121623
0.00 0 1 0 28 110435 2022121623
3.84 1 0 0 28 119014 2022121623
0.00 0 2 0 30 121464 2022121623
3.84 1 0 0 30 123955 2022121623
0.00 0 1 0 30 122051 2022121623
3.84 1 0 0 31 120638 2022121623
3.84 1 1 0 31 120042 2022121623
0.00 0 1 0 33 120016 2022121623
3.84 1 0 0 33 119963 2022121623
0.00 0 1 0 33 119874 2022121623
3.84 1 1 0 34 119751 2022121623
3.84 1 0 0 34 119855 2022121623
0.23 1 0 0 35 119884 2022121623
4.07 1 0 0 35 119863 2022121623
4.07 1 1 0 37 117408 2022121623
0.00 0 1 0 37 116755 2022121623
4.07 1 0 0 37 120608 2022121623
0.00 0 1 0 38 122798 2022121623
6.33 1 1 0 39 120216 2022121623
0.00 0 1 0 42 119531 2022121623
5.20 1 0 0 45 118991 2022121623
5.20 1 0 0 45 118757 2022121623
5.20 1 1 0 55 121061 2022121623
0.00 0 1 0 55 120863 2022121623
5.20 1 0 0 57 117425 2022121623
10.4 1 0 0 62 115782 2022121623
5.20 1 1 0 66 123112 2022121623
5.20 1 0 0 68 115430 2022121623
0.00 0 1 0 70 115599 2022121623
5.20 1 0 0 74 118451 2022121623
15.6 2 0 0 82 119004 2022121623
0.00 0 1 0 84 118500 2022121623
10.4 1 0 0 86 115825 2022121623
5.20 1 0 0 91 117475 2022121623
10.4 2 0 0 102 118129 2022121623
5.20 1 0 0 104 121066 2022121623
10.4 1 0 0 108 118795 2022121623
10.4 1 0 0 114 117821 2022121623
15.6 2 1 0 124 118224 2022121623
5.20 1 0 0 128 121851 2022121623
5.20 1 0 0 132 119184 2022121623
15.6 2 0 0 137 117560 2022121623
15.6 2 0 0 142 117764 2022121623
10.4 1 0 0 142 118070 2022121623
0.00 0 1 0 142 117961 2022121623
10.4 1 0 0 157 117969 2022121623
20.8 2 0 0 157 118951 2022121623
10.4 1 0 0 157 118029 2022121623
5.20 1 0 0 157 118013 2022121623
5.20 1 0 0 157 117863 2022121623
15.6 2 0 0 157 117974 2022121623
5.20 1 0 0 157 118001 2022121623
10.4 1 0 0 157 117923 2022121623
5.20 1 0 0 157 117792 2022121623
15.6 2 0 0 157 118108 2022121623
10.4 1 0 0 157 117788 2022121623
5.20 1 0 0 157 117942 2022121623
5.20 1 0 0 157 121721 2022121623
15.6 2 0 0 241 119091 2022121623
0.00 0 0 0 241 119091 2022121623
52.0 5 0 0 241 117893 2022121623
10.4 1 0 0 241 117434 2022121623
10.4 1 0 0 241 118477 2022121623
15.6 2 0 0 241 117862 2022121623
15.6 2 1 0 241 117734 2022121623
5.20 1 0 0 241 117912 2022121623
15.6 2 0 0 241 118044 2022121623
15.6 2 0 0 241 117720 2022121623
10.4 1 1 0 241 118867 2022121623
5.20 1 0 0 241 118096 2022121623
5.20 1 0 0 241 118084 2022121623
10.4 1 0 0 241 117751 2022121623
15.6 2 0 0 241 114280 2022121623
10.4 1 0 0 241 115088 2022121623
10.4 1 0 0 241 117893 2022121623
10.4 1 0 0 241 118241 2022121623
5.20 1 0 0 241 119093 2022121623
10.4 1 0 0 241 117996 2022121623
5.20 1 1 0 241 117954 2022121623
5.20 1 0 0 241 118154 2022121623
5.20 1 0 0 241 117984 2022121623
5.20 1 0 0 241 117941 2022121623
10.4 2 0 0 241 114774 2022121623
10.4 1 0 0 241 114041 2022121623
5.20 1 0 0 241 118012 2022121623
5.20 1 0 0 241 117986 2022121623
10.4 2 0 0 241 114545 2022121623
5.20 1 0 0 241 117755 2022121623
10.4 1 0 0 241 118748 2022121623
5.20 1 0 0 241 114786 2022121623
5.20 1 1 0 241 118672 2022121623
10.4 1 0 0 241 118226 2022121623
5.20 1 0 0 241 118031 2022121623
10.4 2 0 0 241 118017 2022121623
5.20 1 0 0 241 118300 2022121623
10.4 1 0 0 241 118211 2022121623
10.4 1 0 0 241 118435 2022121623
5.20 1 0 0 241 118467 2022121623
5.20 1 0 0 241 118383 2022121623
10.4 1 1 0 241 118276 2022121623
5.20 1 0 0 241 118220 2022121623
10.4 1 0 0 241 118431 2022121623
5.20 1 0 0 241 118207 2022121623
5.20 1 0 0 241 118171 2022121623
20.8 2 0 0 241 118266 2022121623
5.20 1 0 0 241 118226 2022121623
5.20 1 0 0 241 118103 2022121623
5.20 1 0 0 241 118375 2022121623
15.6 2 0 0 241 118315 2022121623
5.20 1 0 0 241 118319 2022121623
5.20 1 0 0 241 118155 2022121623
10.4 1 0 0 241 118451 2022121623
10.4 2 0 0 241 118299 2022121623
10.4 1 0 0 241 118203 2022121623
5.20 1 0 0 241 118244 2022121623
10.4 1 0 0 241 114619 2022121623
10.4 2 0 0 241 119004 2022121623
10.4 1 0 0 241 114606 2022121623
5.20 1 0 0 241 114368 2022121623
5.20 1 0 0 241 118770 2022121623
10.4 1 1 0 241 118189 2022121623
10.4 1 0 0 241 118303 2022121623
10.4 1 0 0 241 119064 2022121623
0.00 0 1 0 241 118333 2022121623
15.6 2 0 0 241 117850 2022121623
10.4 1 0 0 241 118433 2022121623
0.00 0 1 0 241 118047 2022121623
15.6 2 0 0 241 118186 2022121623
5.20 1 0 0 241 118224 2022121623
10.4 1 0 0 241 117896 2022121623
5.20 1 0 0 241 118303 2022121623
15.6 2 0 0 241 118210 2022121623
0.00 0 1 0 241 118282 2022121623
5.20 1 0 0 241 119322 2022121623
15.6 2 0 0 241 119034 2022121623
0.00 0 0 0 241 119034 2022121623
10.4 2 0 0 241 118424 2022121623
0.00 0 0 0 241 118424 2022121623
10.4 1 0 0 241 118655 2022121623
0.00 0 1 0 241 114704 2022121623
15.6 2 0 0 241 118089 2022121623
5.20 1 1 0 241 115143 2022121623
0.00 0 1 0 241 114331 2022121623
10.4 1 0 0 241 118340 2022121623
5.20 1 0 0 241 122674 2022121623
5.20 1 0 0 241 119890 2022121623
10.4 1 0 0 241 120080 2022121623
5.20 1 0 0 241 118491 2022121623
5.20 1 0 0 241 118732 2022121623
0.00 0 1 0 241 118471 2022121623
10.4 1 1 0 241 118326 2022121623
10.4 1 0 0 241 119081 2022121623
5.20 1 0 0 241 118216 2022121623
5.20 1 0 0 241 118478 2022121623
15.6 2 0 0 241 118281 2022121623
5.20 1 0 0 241 118168 2022121623
10.4 1 0 0 241 118200 2022121623
5.20 1 0 0 241 118295 2022121623
20.8 2 0 0 241 118508 2022121623
0.00 0 1 0 241 118327 2022121623
5.20 1 0 0 241 118224 2022121623
10.4 1 0 0 241 118176 2022121623
15.6 2 0 0 241 118513 2022121623
5.20 1 0 0 241 117857 2022121623
5.20 1 0 0 241 118700 2022121623
10.4 1 0 0 241 119132 2022121623
10.4 1 1 0 241 117927 2022121623
5.20 1 0 0 241 118225 2022121623
10.4 1 0 0 241 118575 2022121623
5.20 1 0 0 241 118329 2022121623
10.4 1 0 0 241 119400 2022121623
5.20 1 0 0 241 122386 2022121623
10.4 1 1 0 241 122386 2022121623
5.20 1 0 0 241 118147 2022121623
10.4 1 0 0 241 118147 2022121623
5.20 1 0 0 241 118147 2022121623
10.4 1 1 0 241 118147 2022121623
5.20 1 0 0 241 118147 2022121623
5.20 1 0 0 241 118147 2022121623
10.4 1 0 0 241 118147 2022121623
10.4 2 0 0 241 118147 2022121623
5.20 1 0 0 241 118147 2022121623
10.4 1 0 0 241 118147 2022121623
10.4 1 0 0 241 118147 2022121623
10.4 2 0 0 241 118147 2022121623
5.20 1 0 0 241 118147 2022121623
10.4 1 0 0 241 118147 2022121623
5.20 1 0 0 241 118147 2022121623
20.8 2 0 0 241 118147 2022121623
0.00 0 1 0 241 118147 2022121623
10.4 1 0 0 241 118147 2022121623
5.20 1 0 0 241 118147 2022121623
10.4 2 0 0 241 118147 2022121623
5.20 1 0 0 241 118147 2022121623
10.4 1 0 0 241 118147 2022121623
5.20 1 0 0 241 118147 2022121623
10.4 2 0 0 241 118147 2022121623
5.20 1 0 0 241 118147 2022121623
5.20 1 0 0 241 118147 2022121623
10.4 1 0 0 241 118147 2022121623
15.6 2 0 0 241 118147 2022121623
5.20 1 0 0 241 118147 2022121623
10.4 1 0 0 241 118147 2022121623
5.20 1 0 0 241 118147 2022121623
15.6 2 0 0 241 118147 2022121623
5.20 1 0 0 241 118147 2022121623
5.20 1 0 0 241 118147 2022121623
5.20 1 0 0 241 118147 2022121623
10.4 1 1 0 241 118147 2022121623
10.4 1 0 0 241 118147 2022121623
5.20 1 0 0 241 118147 2022121623
5.20 1 0 0 241 118147 2022121623
10.4 1 1 0 241 118147 2022121623
5.20 1 0 0 241 118147 2022121623
10.4 1 0 0 241 118147 2022121623
5.20 1 0 0 241 118147 2022121623
15.6 2 0 0 241 118147 2022121623
5.20 1 0 0 241 118147 2022121623
10.4 1 0 0 241 118147 2022121623
0.00 0 1 0 241 118147 2022121623
10.4 2 0 0 241 118147 2022121623
10.4 1 0 0 241 118147 2022121623
5.20 1 0 0 241 118147 2022121623
10.4 1 0 0 241 118147 2022121623
15.6 2 0 0 241 118147 2022121623
5.20 1 0 0 241 118147 2022121623
5.20 1 0 0 241 118147 2022121623
10.4 1 0 0 241 118147 2022121623
15.6 2 0 0 241 118147 2022121623
5.20 1 0 0 241 118147 2022121623
5.20 1 0 0 241 118147 2022121623
5.20 1 0 0 241 118147 2022121623
10.4 1 0 0 241 118147 2022121623
15.6 2 0 0 241 118147 2022121623
5.20 1 0 0 241 118147 2022121623
5.20 1 0 0 241 118147 2022121623
10.4 2 0 0 241 118147 2022121623
10.4 1 0 0 241 118147 2022121623
5.20 1 0 0 241 118147 2022121623
10.4 1 0 0 241 118147 2022121623
0.00 0 0 0 241 118147 2022121623
20.8 3 0 0 241 118147 2022121623
5.20 1 0 0 241 118147 2022121623
5.20 1 0 0 241 118147 2022121623
10.4 1 1 0 241 118147 2022121623
10.4 1 0 0 241 118147 2022121623
5.20 1 0 0 241 118147 2022121623
10.4 1 0 0 241 118147 2022121623
15.6 2 0 0 241 118147 2022121623
5.20 1 0 0 241 118147 2022121623
10.4 1 0 0 241 118147 2022121623
5.20 1 0 0 241 118147 2022121623
10.4 1 0 0 241 118147 2022121623
15.6 2 0 0 241 118147 2022121623
10.4 1 0 0 241 118147 2022121623
0.00 0 1 0 241 118147 2022121623
15.6 2 0 0 241 118147 2022121623
10.4 1 0 0 241 118147 2022121623
5.20 1 0 0 241 118147 2022121623
5.20 1 0 0 241 118147 2022121623
15.6 2 0 0 241 118147 2022121623
5.20 1 0 0 241 118147 2022121623
10.4 1 0 0 241 118147 2022121623
5.20 1 0 0 241 118147 2022121623
10.4 2 0 0 241 118147 2022121623
5.20 1 0 0 241 118015 2022121623
5.20 1 0 0 241 118015 2022121623
5.20 1 0 0 241 118015 2022121623
15.6 2 0 0 241 118005 2022121623
10.4 1 0 0 241 118350 2022121623
5.20 1 0 0 241 118922 2022121623
5.20 1 0 0 241 118270 2022121623
10.4 2 0 0 241 118201 2022121623
5.20 1 0 0 241 118355 2022121623
10.4 1 0 0 241 118132 2022121623
5.20 1 0 0 241 118069 2022121623
10.4 2 0 0 241 118560 2022121623
10.4 1 0 0 241 114492 2022121623
5.20 1 0 0 241 117799 2022121623
5.20 1 0 0 241 118112 2022121623
15.6 2 0 0 241 118276 2022121623
10.4 1 0 0 241 119128 2022121623
5.20 1 0 0 241 119513 2022121623
5.20 1 0 0 241 118230 2022121623
15.6 2 0 0 241 185849 2022121623
0.00 0 0 0 241 185849 2022121623
10.4 1 0 0 241 166626 2022121623
10.4 1 0 0 241 121341 2022121623
5.20 1 0 0 241 114483 2022121623
0.00 0 1 0 241 114314 2022121623
20.8 2 0 0 241 117816 2022121623
5.20 1 0 0 241 118125 2022121623
5.20 1 0 0 241 118062 2022121623
10.4 1 0 0 241 118194 2022121623
15.6 2 0 0 241 118144 2022121623
10.4 1 0 0 241 118287 2022121623
10.4 1 0 0 241 118024 2022121623
5.20 1 0 0 241 117978 2022121623
20.8 2 0 0 241 118313 2022121623
10.4 1 0 0 241 118137 2022121623
10.4 1 0 0 241 119010 2022121623
5.20 1 0 0 241 118083 2022121623
15.6 2 0 0 241 117674 2022121623
0.00 0 0 0 241 117674 2022121623
20.8 2 0 0 241 114155 2022121623
0.00 0 1 0 241 118130 2022121623
15.6 2 0 0 241 118154 2022121623
5.20 1 0 0 241 117667 2022121623
10.4 1 0 0 241 117956 2022121623
5.20 1 0 0 241 121669 2022121623
0.00 0 0 0 241 121669 2022121623
15.6 2 0 0 241 117755 2022121623
20.8 3 0 0 241 118105 2022121623
10.4 1 0 0 241 118127 2022121623
10.4 1 0 0 241 118166 2022121623
5.20 1 0 0 241 132841 2022121623
10.4 1 0 0 241 120089 2022121623
0.00 0 0 0 241 120089 2022121623
26.0 3 0 0 241 117951 2022121623
10.4 1 0 0 241 118063 2022121623
5.20 1 0 0 241 117967 2022121623
5.20 1 0 0 241 117890 2022121623
15.6 2 0 0 241 117790 2022121623
10.4 1 0 0 241 118082 2022121623
5.20 1 0 0 241 117927 2022121623
10.4 1 0 0 241 117880 2022121623
15.6 2 0 0 241 118158 2022121623
10.4 1 0 0 241 118703 2022121623
10.4 1 0 0 241 118713 2022121623
5.20 1 0 0 241 117945 2022121623
10.4 1 1 0 241 118869 2022121623
5.20 1 0 0 241 118179 2022121623
5.20 1 0 0 241 118137 2022121623
10.4 1 0 0 241 118859 2022121623
5.20 1 0 0 241 118014 2022121623
20.8 3 0 0 241 117811 2022121623
0.00 0 1 0 241 118282 2022121623
5.20 1 0 0 241 118037 2022121623
20.8 2 0 0 241 118224 2022121623
0.00 0 1 0 241 117836 2022121623
5.20 1 0 0 241 117904 2022121623
10.4 1 0 0 241 118185 2022121623
10.4 2 0 0 241 118281 2022121623
5.20 1 0 0 241 118069 2022121623
10.4 1 0 0 241 118031 2022121623
5.20 1 0 0 241 117951 2022121623
15.6 2 0 0 241 118012 2022121623
5.20 1 0 0 241 118070 2022121623
10.4 1 0 0 241 117999 2022121623
10.4 1 0 0 241 118081 2022121623
10.4 1 0 0 241 118002 2022121623
15.6 2 0 0 241 118111 2022121623
5.20 1 0 0 241 117914 2022121623
10.4 1 0 0 241 118273 2022121623
10.4 1 0 0 241 118120 2022121623
10.4 2 0 0 241 118293 2022121623
10.4 1 0 0 241 117957 2022121623
10.4 1 0 0 241 122182 2022121623
10.4 1 0 0 241 119050 2022121623
5.20 1 0 0 241 115133 2022121623
15.6 2 0 0 241 117997 2022121623
10.4 1 0 0 241 118373 2022121623
0.00 0 1 0 241 118066 2022121623
10.4 1 0 0 241 118003 2022121623
15.6 2 0 0 241 118126 2022121623
5.20 1 0 0 241 117901 2022121623
10.4 1 0 0 241 117879 2022121623
10.4 1 0 0 241 118084 2022121623
15.6 2 0 0 241 117934 2022121623
10.4 1 0 0 241 117808 2022121623
10.4 1 0 0 241 117958 2022121623
10.4 1 0 0 241 118113 2022121623
5.20 1 0 0 241 118941 2022121623
15.6 2 0 0 241 118083 2022121623
5.20 1 0 0 241 117925 2022121623
10.4 1 0 0 241 118022 2022121623
10.4 1 0 0 241 117868 2022121623
15.6 2 0 0 241 121653 2022121623
10.4 1 0 0 241 118214 2022121623
5.20 1 0 0 241 116823 2022121623
20.8 2 0 0 241 115872 2022121623
5.20 1 0 0 241 118040 2022121623
5.20 1 0 0 241 117732 2022121623
15.6 2 0 0 241 114941 2022121623
5.20 1 0 0 241 114214 2022121623
10.4 1 0 0 241 117910 2022121623
5.20 1 0 0 241 118438 2022121623
5.20 1 0 0 241 118024 2022121623
10.4 1 0 0 241 114593 2022121623
10.4 1 0 0 241 117968 2022121623
5.20 1 0 0 241 118030 2022121623
10.4 2 0 0 241 114240 2022121623
10.4 1 0 0 241 106744 2022121623
5.20 1 0 0 241 102684 2022121623
5.20 1 0 0 241 117595 2022121623
5.20 1 0 0 241 118151 2022121623
15.6 2 0 0 241 118993 2022121623
10.4 1 0 0 241 118265 2022121623
5.20 1 0 0 241 118050 2022121623
5.20 1 0 0 241 118136 2022121623
15.6 2 0 0 241 118166 2022121623
5.20 1 0 0 241 118083 2022121623
10.4 1 0 0 241 117904 2022121623
5.20 1 0 0 241 117971 2022121623
10.4 2 0 0 241 118442 2022121623
10.4 1 0 0 241 118848 2022121623
5.20 1 0 0 241 117942 2022121623
0.00 0 1 0 241 118032 2022121623
20.8 2 0 0 241 118126 2022121623
5.20 1 0 0 241 117983 2022121623
10.4 1 0 0 241 119434 2022121623
5.20 1 0 0 241 118461 2022121623
10.4 1 1 0 241 113985 2022121623
5.20 1 0 0 241 121720 2022121623
10.4 1 0 0 241 114395 2022121623
5.20 1 0 0 241 117524 2022121623
15.6 2 0 0 241 118488 2022121623
5.20 1 0 0 241 114200 2022121623
5.20 1 0 0 241 117823 2022121623
5.20 1 0 0 241 117825 2022121623
15.6 2 0 0 241 117821 2022121623
5.20 1 0 0 241 117991 2022121623
10.4 1 0 0 241 117897 2022121623
5.20 1 0 0 241 118699 2022121623
10.4 1 0 0 241 118181 2022121623
10.4 1 0 0 241 118065 2022121623
15.6 2 0 0 241 118036 2022121623
5.20 1 0 0 241 117957 2022121623
10.4 1 0 0 241 117925 2022121623
5.20 1 0 0 241 118234 2022121623
15.6 2 0 0 241 117826 2022121623
10.4 1 0 0 241 118591 2022121623
10.4 1 0 0 241 118832 2022121623
5.20 1 0 0 241 118111 2022121623
10.4 2 0 0 241 118403 2022121623
10.4 1 0 0 241 118045 2022121623
5.20 1 0 0 241 117671 2022121623
5.20 1 0 0 241 121244 2022121623
10.4 1 0 0 241 114605 2022121623
10.4 1 0 0 241 113951 2022121623
15.6 2 0 0 241 118140 2022121623
0.00 0 0 0 241 118140 2022121623
10.4 1 0 0 241 118899 2022121623
15.6 2 0 0 241 118144 2022121623
10.4 1 1 0 241 117987 2022121623
5.20 1 0 0 241 117814 2022121623
10.4 1 0 0 241 117905 2022121623
5.20 1 0 0 241 119368 2022121623
10.4 1 1 0 241 117802 2022121623
10.4 1 0 0 241 118137 2022121623
5.20 1 0 0 241 117414 2022121623
5.20 1 0 0 241 121478 2022121623
15.6 2 0 0 241 114719 2022121623
5.20 1 0 0 241 114073 2022121623
5.20 1 0 0 241 114612 2022121623
10.4 1 0 0 241 114330 2022121623
15.6 2 0 0 241 117941 2022121623
10.4 1 0 0 241 117855 2022121623
5.20 1 0 0 241 118716 2022121623
10.4 1 0 0 241 114157 2022121623
15.6 2 0 0 241 117546 2022121623
5.20 1 0 0 241 114604 2022121623
5.20 1 0 0 241 117989 2022121623
10.4 1 0 0 241 117936 2022121623
10.4 2 0 0 241 117929 2022121623
10.4 1 0 0 241 117442 2022121623
5.20 1 0 0 241 117914 2022121623
5.20 1 0 0 241 118024 2022121623
15.6 2 0 0 241 117916 2022121623
10.4 1 0 0 241 118004 2022121623
5.20 1 0 0 241 117971 2022121623
10.4 1 0 0 241 117797 2022121623
15.6 2 0 0 241 118005 2022121623
10.4 1 0 0 241 117866 2022121623
5.20 1 0 0 241 118128 2022121623
15.6 2 0 0 241 117508 2022121623
10.4 1 0 0 241 122142 2022121623
10.4 1 0 0 241 114780 2022121623
5.20 1 0 0 241 117870 2022121623
15.6 2 0 0 241 118004 2022121623
10.4 1 0 0 241 118229 2022121623
10.4 1 0 0 241 118224 2022121623
5.20 1 0 0 241 118388 2022121623
10.4 1 0 0 241 118865 2022121623
10.4 1 1 0 241 118298 2022121623
10.4 1 0 0 241 118181 2022121623
5.20 1 0 0 241 119615 2022121623
10.4 1 0 0 241 119433 2022121623
5.20 1 0 0 241 118168 2022121623
5.20 1 0 0 241 120723 2022121623
10.4 2 0 0 241 119618 2022121623
0.00 0 0 0 241 119618 2022121623
10.4 1 0 0 241 119566 2022121623
0.00 0 1 0 241 118131 2022121623
10.4 2 0 0 241 117987 2022121623
5.20 1 0 0 241 118180 2022121623
10.4 1 0 0 241 118074 2022121623
0.00 0 1 0 241 117596 2022121623
10.4 1 0 0 241 117618 2022121623
5.20 1 0 0 241 118200 2022121623
5.20 1 0 0 241 117980 2022121623
15.6 2 0 0 241 118688 2022121623
10.4 1 0 0 241 118085 2022121623
0.00 0 1 0 241 118109 2022121623
5.20 1 0 0 241 118018 2022121623
5.20 1 0 0 241 117992 2022121623
0.00 0 0 0 241 117992 2022121623
0.00 0 0 0 241 117992 2022121623
0.00 0 0 0 241 117992 2022121623
0.00 0 0 0 241 117992 2022121623
0.00 0 0 0 241 117992 2022121623
46.8 5 0 0 241 117919 2022121623
10.4 2 0 0 241 121274 2022121623
5.20 1 0 0 241 117981 2022121623
5.20 1 0 0 241 117539 2022121623
15.6 2 0 0 241 118087 2022121623
5.20 1 0 0 241 117865 2022121623
10.4 1 0 0 241 118005 2022121623
5.20 1 0 0 241 118232 2022121623
15.6 2 0 0 241 117914 2022121623
5.20 1 0 0 241 118016 2022121623
5.20 1 0 0 241 117980 2022121623
10.4 1 0 0 241 118213 2022121623
15.6 2 0 0 241 118722 2022121623
5.20 1 0 0 241 117779 2022121623
10.4 1 0 0 241 117929 2022121623
10.4 1 0 0 241 118338 2022121623
15.6 2 0 0 241 121521 2022121623
5.20 1 0 0 241 117856 2022121623
10.4 1 0 0 241 114336 2022121623
10.4 1 0 0 241 117829 2022121623
15.6 2 0 0 241 117820 2022121623
10.4 1 0 0 241 117933 2022121623
10.4 1 0 0 241 118188 2022121623
5.20 1 0 0 241 117679 2022121623
20.8 2 0 0 241 117788 2022121623
10.4 1 0 0 241 117741 2022121623
10.4 1 0 0 241 117862 2022121623
10.4 1 0 0 241 118066 2022121623
20.8 2 0 0 241 117673 2022121623
10.4 1 0 0 241 117995 2022121623
10.4 1 0 0 241 117871 2022121623
5.20 1 0 0 241 117685 2022121623
20.8 3 0 0 241 118025 2022121623
5.20 1 0 0 241 117998 2022121623
10.4 1 0 0 241 117791 2022121623
10.4 1 0 0 241 117707 2022121623
20.8 2 0 0 241 117914 2022121623
[ 3] 59.00-59.10 /sec 0.12 [ ID] Interval Transfer Bandwidth Write Err Rtry Cwnd RTT 2022121623
5.20 1 0 0 197 9223286 2022121623
0.00 0 0 0 197 9223286 2022121623
0.00 0 0 0 197 9223286 2022121623
0.00 0 0 0 197 9223286 2022121623
0.00 0 0 0 197 9223286 2022121623
0.00 0 0 0 197 9223286 2022121623
21.0 2 0 0 197 9223286 2022121623
0.00 0 0 0 197 9223286 2022121623
0.00 0 0 0 197 9223286 2022121623
0.00 0 0 0 197 9223286 2022121623
0.00 0 0 0 197 9223286 2022121623
0.00 0 0 0 197 9223286 2022121623
0.00 0 0 0 197 9223286 2022121623
0.00 0 0 0 197 9223286 2022121623
0.00 0 0 0 197 9223286 2022121623
0.00 0 0 0 197 9223286 2022121623
0.00 0 0 0 197 9223286 2022121623
0.00 0 0 0 197 9223286 2022121623
0.00 0 0 0 197 9223286 2022121623
0.00 0 0 0 197 9223286 2022121623
0.00 0 0 0 197 9223286 2022121623
0.00 0 0 0 197 9223286 2022121623
0.00 0 0 0 197 9223286 2022121623
0.00 0 0 0 197 9223286 2022121623
0.00 0 0 0 197 9223286 2022121623
0.00 0 0 0 197 9223286 2022121623
0.00 0 0 0 197 9223286 2022121623
0.00 0 0 0 197 9223286 2022121623
0.00 0 0 0 197 9223286 2022121623
0.00 0 0 0 197 9223286 2022121623
0.00 0 0 0 197 9223286 2022121623
0.00 0 0 0 197 9223286 2022121623
0.00 0 0 0 197 9223286 2022121623
0.00 0 0 0 197 9223286 2022121623
0.00 0 0 0 197 9223286 2022121623
0.00 0 0 0 197 9223286 2022121623
0.00 0 0 0 197 9223286 2022121623
0.00 0 0 0 197 9223286 2022121623
0.00 0 0 0 197 9223286 2022121623
0.00 0 0 0 197 9223286 2022121623
0.00 0 0 0 197 9223286 2022121623
0.00 0 0 0 197 9223286 2022121623
0.00 0 0 0 197 9223286 2022121623
0.00 0 0 0 197 9223286 2022121623
0.00 0 0 0 197 9223286 2022121623
0.00 0 0 0 197 9223286 2022121623
0.00 0 0 0 197 9223286 2022121623
0.00 0 0 0 197 9223286 2022121623
0.00 0 0 0 197 9223286 2022121623
0.00 0 0 0 197 9223286 2022121623
0.00 0 0 0 197 9223286 2022121623
0.00 0 0 0 197 9223286 2022121623
0.00 0 0 0 197 9223286 2022121623
0.00 0 0 0 197 9223286 2022121623
0.00 0 0 0 197 9223286 2022121623
0.00 0 0 0 197 9223286 2022121623
0.00 0 0 0 197 9223286 2022121623
0.00 0 0 0 197 9223286 2022121623
0.00 0 0 0 197 9223286 2022121623
0.00 0 0 0 197 9223286 2022121623
0.00 0 0 0 197 9223286 2022121623
0.00 0 0 0 197 9223286 2022121623
0.00 0 0 0 197 9223286 2022121623
0.00 0 0 0 197 9223286 2022121623
0.00 0 0 0 197 9223286 2022121623
0.00 0 0 0 197 9223286 2022121623
0.00 0 0 0 197 9223286 2022121623
0.00 0 0 0 197 9223286 2022121623
0.00 0 0 0 197 9223286 2022121623
0.00 0 0 0 197 9223286 2022121623
0.00 0 0 0 197 9223286 2022121623
0.00 0 0 0 197 9223286 2022121623
0.00 0 0 0 197 9223286 2022121623
0.00 0 0 0 197 9223286 2022121623
0.00 0 0 0 197 9223286 2022121623
0.00 0 0 0 197 9223286 2022121623
0.00 0 0 0 197 9223286 2022121623
0.00 0 0 0 197 9223286 2022121623
0.00 0 0 0 197 9223286 2022121623
0.00 0 0 0 197 9223286 2022121623
0.00 0 0 0 197 9223286 2022121623
0.00 0 0 0 197 9223286 2022121623
0.00 0 0 0 197 9223286 2022121623
0.00 0 0 0 197 9223286 2022121623
0.00 0 0 0 197 9223286 2022121623
0.00 0 0 0 197 9223286 2022121623
0.00 0 0 0 197 9223286 2022121623
0.00 0 0 0 197 9223286 2022121623
0.00 0 0 0 197 9223286 2022121623
0.00 0 0 0 197 9223286 2022121623
0.00 0 0 0 197 9223286 2022121623
0.00 0 0 0 197 9223286 2022121623
0.00 0 0 0 197 9223286 2022121623
0.00 0 0 0 197 9223286 2022121623
0.00 0 0 0 197 9223286 2022121623
0.00 0 0 0 197 9223286 2022121623
0.00 0 0 0 197 9223286 2022121623
0.00 0 0 0 197 9223286 2022121623
0.00 0 0 0 197 9223286 2022121623
0.00 0 0 0 197 9223286 2022121623
0.00 0 0 0 197 9223286 2022121623
0.00 0 0 0 197 9223286 2022121623
0.00 0 0 0 197 9223286 2022121623
12.1 1015 47 1037 197 9223286 2022121623
