13.7 2 0 0 27 119566 2022121609
0.00 0 1 0 55 119937 2022121609
10.4 1 0 0 110 119755 2022121609
18.2 2 0 0 128 119593 2022121609
28.6 3 0 0 256 118473 2022121609
0.00 0 0 0 256 118473 2022121609
41.6 4 1 0 914 117242 2022121609
72.7 7 0 0 1025 124355 2022121609
151 15 0 0 1252 117011 2022121609
72.7 7 0 0 1253 117198 2022121609
130 13 0 0 1338 117209 2022121609
57.2 6 0 0 1367 117446 2022121609
93.5 9 0 0 1398 119336 2022121609
62.4 6 0 0 1398 119336 2022121609
57.2 6 0 15 344 119480 2022121609
98.7 10 0 0 1017 119734 2022121609
20.8 2 1 0 1041 115946 2022121609
77.9 8 0 0 1064 118530 2022121609
77.9 8 0 0 1072 117305 2022121609
41.6 4 0 0 1081 118334 2022121609
57.2 6 0 0 1090 119302 2022121609
72.7 7 0 0 1103 117179 2022121609
104 11 0 0 1119 119119 2022121609
72.7 7 0 0 1132 113301 2022121609
46.8 5 0 0 1138 118569 2022121609
62.4 6 0 0 1147 115456 2022121609
125 13 0 0 1165 118474 2022121609
62.4 6 0 0 1173 119230 2022121609
77.9 8 0 0 1184 117525 2022121609
46.8 5 0 0 1189 118596 2022121609
145 15 0 0 1207 117344 2022121609
52.0 5 0 0 1213 118381 2022121609
62.4 6 0 0 1221 118967 2022121609
77.9 8 0 0 1231 117320 2022121609
120 12 0 0 1243 119120 2022121609
83.1 8 0 0 1250 117007 2022121609
52.0 5 0 0 1256 117886 2022121609
67.6 7 0 0 1263 119106 2022121609
135 14 0 0 1274 118144 2022121609
72.7 7 0 0 1281 114720 2022121609
77.9 8 0 0 1287 117134 2022121609
57.2 6 0 0 1293 118071 2022121609
151 15 0 0 1305 117659 2022121609
57.2 6 0 0 1311 118307 2022121609
72.7 7 0 0 1315 118558 2022121609
77.9 8 0 0 1320 117715 2022121609
140 14 0 0 1330 118559 2022121609
77.9 8 0 0 1336 117552 2022121609
62.4 6 0 0 1340 118060 2022121609
72.7 7 0 0 1345 118453 2022121609
145 14 0 0 1354 117966 2022121609
72.7 7 0 0 1358 118181 2022121609
83.1 8 0 0 1362 117673 2022121609
62.4 6 0 0 1366 118376 2022121609
161 16 0 0 1372 117482 2022121609
62.4 6 0 0 1376 118014 2022121609
77.9 8 0 0 1380 118210 2022121609
83.1 8 0 4 854 117584 2022121609
114 12 0 0 967 119689 2022121609
72.7 7 0 0 979 117026 2022121609
0.00 0 1 0 984 118851 2022121609
72.7 7 0 0 994 113221 2022121609
83.1 9 0 0 1005 118450 2022121609
77.9 8 0 0 1013 121286 2022121609
46.8 5 0 0 1019 117166 2022121609
36.4 4 0 0 1023 117356 2022121609
125 12 0 0 1035 117017 2022121609
41.6 4 0 0 1039 118948 2022121609
77.9 8 0 0 1045 117159 2022121609
41.6 4 0 0 1050 117213 2022121609
120 12 0 0 1059 117795 2022121609
52.0 5 0 0 1064 117005 2022121609
52.0 5 0 0 1068 118807 2022121609
67.6 7 0 0 1074 117414 2022121609
104 10 0 0 1081 118358 2022121609
67.6 7 0 0 1086 117687 2022121609
57.2 6 0 0 1089 117517 2022121609
52.0 5 0 0 1093 118728 2022121609
125 13 0 0 1101 117775 2022121609
52.0 5 0 0 1104 118966 2022121609
72.7 7 0 0 1108 118325 2022121609
57.2 6 0 0 1111 117761 2022121609
52.0 5 0 0 1115 118152 2022121609
93.5 9 0 0 1121 117249 2022121609
88.3 9 0 0 1126 118999 2022121609
0.00 0 0 0 1126 118999 2022121609
161 16 0 0 1136 117785 2022121609
0.00 0 0 0 1136 117785 2022121609
0.00 0 0 0 1136 117785 2022121609
208 20 0 0 1143 118046 2022121609
0.00 0 0 0 1143 118046 2022121609
0.00 0 0 0 1143 118046 2022121609
218 21 0 0 1151 117653 2022121609
0.00 0 0 0 1151 117653 2022121609
0.00 0 0 0 1151 117653 2022121609
247 24 0 0 1158 135460 2022121609
0.00 0 0 0 1158 135460 2022121609
0.00 0 0 0 1158 135460 2022121609
0.00 0 0 0 1158 135460 2022121609
0.00 0 0 0 1158 135460 2022121609
330 32 0 0 1163 119377 2022121609
0.00 0 0 0 1163 119377 2022121609
0.00 0 0 0 1163 119377 2022121609
0.00 0 0 0 1163 119377 2022121609
168 16 0 0 1166 118839 2022121609
0.00 0 0 0 1166 118839 2022121609
0.00 0 0 0 1166 118839 2022121609
330 32 0 0 1170 122623 2022121609
0.00 0 0 0 1170 122623 2022121609
0.00 0 0 0 1170 122623 2022121609
0.00 0 0 0 1170 122623 2022121609
0.00 0 0 0 1170 122623 2022121609
73.4 7 0 0 1170 199430 2022121609
0.00 0 0 0 1032 199430 2022121609
0.00 0 0 0 1032 199430 2022121609
315 30 0 0 1032 199430 2022121609
0.00 0 0 0 1032 199430 2022121609
0.00 0 0 0 1032 199430 2022121609
0.00 0 0 0 1032 199430 2022121609
0.00 0 0 0 1032 199430 2022121609
31.1 3 0 0 1115 117155 2022121609
20.8 2 0 0 1147 117933 2022121609
125 13 0 0 1166 118357 2022121609
62.4 6 0 0 1173 117919 2022121609
57.2 6 0 0 1173 118599 2022121609
67.6 7 0 0 1176 118011 2022121609
98.7 10 0 0 1176 10806659 2022121609
0.00 0 0 0 1738 10806659 2022121609
0.00 0 0 0 1738 10806659 2022121609
136 13 0 0 1738 10806659 2022121609
0.00 0 0 0 1738 10806659 2022121609
0.00 0 0 0 1738 10806659 2022121609
0.00 0 0 0 1738 10806659 2022121609
0.00 0 0 0 1738 10806659 2022121609
0.00 0 0 0 1738 10806659 2022121609
0.00 0 0 0 1738 10806659 2022121609
0.00 0 0 0 1738 10806659 2022121609
0.00 0 0 0 1738 10806659 2022121609
0.00 0 0 0 1738 10806659 2022121609
0.00 0 0 0 1738 10806659 2022121609
0.00 0 0 0 1738 10806659 2022121609
0.00 0 0 0 1738 10806659 2022121609
0.00 0 0 0 1738 10806659 2022121609
0.00 0 0 0 1738 10806659 2022121609
0.00 0 0 0 1738 10806659 2022121609
0.00 0 0 0 1738 10806659 2022121609
0.00 0 0 0 1738 10806659 2022121609
0.00 0 0 0 1738 10806659 2022121609
0.00 0 0 0 1738 10806659 2022121609
0.00 0 0 0 1738 10806659 2022121609
0.00 0 0 0 1738 10806659 2022121609
0.00 0 0 0 1738 10806659 2022121609
0.00 0 0 0 1738 10806659 2022121609
0.00 0 0 0 1738 10806659 2022121609
0.00 0 0 0 1738 10806659 2022121609
0.00 0 0 0 1738 10806659 2022121609
0.00 0 0 0 1738 10806659 2022121609
0.00 0 0 0 1738 10806659 2022121609
0.00 0 0 0 1738 10806659 2022121609
0.00 0 0 0 1738 10806659 2022121609
0.00 0 0 0 1738 10806659 2022121609
0.00 0 0 0 1738 10806659 2022121609
0.00 0 0 0 1738 10806659 2022121609
0.00 0 0 0 1738 10806659 2022121609
0.00 0 0 0 1738 10806659 2022121609
0.00 0 0 0 1738 10806659 2022121609
0.00 0 0 0 1738 10806659 2022121609
0.00 0 0 0 1738 10806659 2022121609
0.00 0 0 0 1738 10806659 2022121609
0.00 0 0 0 1738 10806659 2022121609
0.00 0 0 0 1738 10806659 2022121609
0.00 0 0 0 1738 10806659 2022121609
0.00 0 0 0 1738 10806659 2022121609
0.00 0 0 0 1738 10806659 2022121609
0.00 0 0 0 1738 10806659 2022121609
0.00 0 0 0 1738 10806659 2022121609
0.00 0 0 0 1738 10806659 2022121609
0.00 0 0 0 1738 10806659 2022121609
0.00 0 0 0 1738 10806659 2022121609
0.00 0 0 0 1738 10806659 2022121609
0.00 0 0 0 1738 10806659 2022121609
0.00 0 0 0 1738 10806659 2022121609
0.00 0 0 0 1738 10806659 2022121609
0.00 0 0 0 1738 10806659 2022121609
0.00 0 0 0 1738 10806659 2022121609
0.00 0 0 0 1738 10806659 2022121609
0.00 0 0 0 1738 10806659 2022121609
0.00 0 0 0 1738 10806659 2022121609
0.00 0 0 0 1738 10806659 2022121609
0.00 0 0 0 1738 10806659 2022121609
0.00 0 0 0 1738 10806659 2022121609
0.00 0 0 0 1738 10806659 2022121609
0.00 0 0 0 1738 10806659 2022121609
0.00 0 0 0 1738 10806659 2022121609
0.00 0 0 0 1738 10806659 2022121609
0.00 0 0 0 1738 10806659 2022121609
0.00 0 0 0 1738 10806659 2022121609
0.00 0 0 0 1738 10806659 2022121609
0.00 0 0 0 1738 10806659 2022121609
0.00 0 0 0 1738 10806659 2022121609
0.00 0 0 0 1738 10806659 2022121609
0.00 0 0 0 1738 10806659 2022121609
0.00 0 0 0 1738 10806659 2022121609
0.00 0 0 0 1738 10806659 2022121609
0.00 0 0 0 1738 10806659 2022121609
0.00 0 0 0 1738 10806659 2022121609
0.00 0 0 0 1738 10806659 2022121609
0.00 0 0 0 1738 10806659 2022121609
0.00 0 0 0 1738 10806659 2022121609
0.00 0 0 0 1738 10806659 2022121609
0.00 0 0 0 1738 10806659 2022121609
0.00 0 0 0 1738 10806659 2022121609
0.00 0 0 0 1738 10806659 2022121609
0.00 0 0 0 1738 10806659 2022121609
0.00 0 0 0 1738 10806659 2022121609
0.00 0 0 0 1738 10806659 2022121609
0.00 0 0 0 1738 10806659 2022121609
0.00 0 0 0 1738 10806659 2022121609
0.00 0 0 0 1738 10806659 2022121609
0.00 0 0 0 1738 10806659 2022121609
0.00 0 0 0 1738 10806659 2022121609
0.00 0 0 0 1738 10806659 2022121609
0.00 0 0 0 1738 10806659 2022121609
0.00 0 0 0 1738 10806659 2022121609
0.00 0 0 0 1738 10806659 2022121609
0.00 0 0 0 1738 10806659 2022121609
0.00 0 0 0 1738 10806659 2022121609
0.00 0 0 0 1738 10806659 2022121609
0.00 0 0 0 1738 10806659 2022121609
0.00 0 0 0 1738 10806659 2022121609
0.00 0 0 0 1738 10806659 2022121609
0.00 0 0 0 1738 10806659 2022121609
0.00 0 0 0 1738 10806659 2022121609
0.00 0 0 0 1738 10806659 2022121609
0.00 0 0 0 1738 10806659 2022121609
0.00 0 0 0 1738 10806659 2022121609
0.00 0 0 0 1738 10806659 2022121609
0.00 0 0 0 1738 10806659 2022121609
0.00 0 0 0 1738 10806659 2022121609
0.00 0 0 0 1738 10806659 2022121609
0.00 0 0 0 1738 10806659 2022121609
0.00 0 0 0 1738 10806659 2022121609
0.00 0 0 0 1738 10806659 2022121609
0.00 0 0 0 1738 10806659 2022121609
0.00 0 0 0 1738 10806659 2022121609
0.00 0 0 0 1738 10806659 2022121609
186 18 0 0 1738 97085 2022121609
0.00 0 0 0 1738 97085 2022121609
20.8 2 0 26 603 96816 2022121609
72.7 8 0 203 803 119946 2022121609
10.4 1 0 0 1276 117096 2022121609
5.20 1 0 0 1282 117813 2022121609
161 16 0 0 1314 117772 2022121609
72.7 7 0 0 1322 118329 2022121609
77.9 8 0 0 1330 117315 2022121609
62.4 6 0 2 819 117905 2022121609
57.3 6 0 0 888 123041 2022121609
119 12 0 0 897 116937 2022121609
72.7 7 1 0 914 117483 2022121609
46.8 5 0 0 919 117124 2022121609
31.2 3 0 0 926 118937 2022121609
62.4 6 0 0 934 118043 2022121609
88.3 9 0 0 945 118881 2022121609
62.4 6 0 0 954 117563 2022121609
46.8 5 0 0 958 117723 2022121609
41.6 4 0 0 963 110485 2022121609
104 10 0 0 974 117915 2022121609
57.2 6 0 0 981 117398 2022121609
57.2 6 0 0 985 117352 2022121609
46.8 5 0 0 988 118624 2022121609
114 11 0 0 1003 117124 2022121609
46.8 5 0 0 1005 118820 2022121609
52.0 5 0 0 1012 117847 2022121609
62.4 6 0 0 1017 117090 2022121609
104 11 0 0 1027 118571 2022121609
62.4 6 0 0 1031 117626 2022121609
46.8 5 0 0 1032 117508 2022121609
57.2 6 0 0 1039 118743 2022121609
114 11 0 0 1046 117718 2022121609
52.0 5 0 0 1054 117035 2022121609
67.6 7 0 0 1057 117348 2022121609
0.00 0 0 0 1057 117348 2022121609
161 16 0 0 1064 117663 2022121609
57.2 6 0 0 1067 117692 2022121609
62.4 6 0 0 1071 117409 2022121609
57.2 6 0 0 1074 117465 2022121609
114 12 0 0 1079 117439 2022121609
57.2 6 0 0 1082 117534 2022121609
57.2 6 0 0 1085 117842 2022121609
62.4 6 0 0 1087 117520 2022121609
114 12 0 0 1092 117993 2022121609
62.4 6 0 0 1094 117963 2022121609
62.4 6 0 0 1096 117920 2022121609
57.2 6 0 0 1097 118224 2022121609
120 12 0 0 1103 117521 2022121609
57.2 6 0 0 1104 118056 2022121609
62.4 6 0 0 1105 117558 2022121609
62.4 6 0 0 1107 117805 2022121609
120 12 0 0 1111 121053 2022121609
57.2 6 0 0 1112 114063 2022121609
62.4 6 0 0 1114 117913 2022121609
62.4 6 0 0 1114 117896 2022121609
120 12 0 0 1116 118029 2022121609
62.4 6 0 0 1118 118040 2022121609
57.2 6 0 0 1119 118100 2022121609
62.4 6 0 0 1119 118476 2022121609
125 12 0 0 1122 117821 2022121609
57.2 6 0 0 1122 118235 2022121609
62.4 6 0 0 1123 118157 2022121609
62.4 6 0 0 1125 118208 2022121609
120 12 0 0 1126 118081 2022121609
62.4 6 0 0 1126 117822 2022121609
62.4 6 0 0 1127 118301 2022121609
62.4 6 0 0 1127 117822 2022121609
120 12 0 0 1129 118109 2022121609
62.4 6 0 0 1129 118084 2022121609
62.4 6 0 0 1129 118219 2022121609
57.2 6 0 0 1129 114431 2022121609
125 12 0 0 1130 118056 2022121609
57.2 6 0 0 1130 118349 2022121609
67.6 7 0 0 1130 118046 2022121609
62.4 6 0 0 1130 118423 2022121609
125 13 0 0 1130 116937 2022121609
20.8 2 0 0 1130 118976 2022121609
93.5 9 0 0 1130 117091 2022121609
46.8 5 0 0 1130 117066 2022121609
125 13 0 0 1130 119184 2022121609
0.00 0 0 0 1130 119184 2022121609
93.5 9 0 0 1130 114808 2022121609
93.5 9 0 0 1130 117653 2022121609
104 10 0 0 1130 118784 2022121609
77.9 8 0 0 1130 117406 2022121609
57.2 6 0 0 1130 113280 2022121609
52.0 5 0 0 1130 118889 2022121609
130 13 0 0 1130 117698 2022121609
0.00 0 0 0 1130 117698 2022121609
145 14 0 0 1130 119216 2022121609
77.9 8 0 0 1130 119222 2022121609
93.5 9 0 0 1130 332836 2022121609
0.00 0 0 0 1130 332836 2022121609
0.00 0 0 0 1130 332836 2022121609
178 17 0 0 1130 332836 2022121609
0.00 0 0 0 1130 332836 2022121609
0.00 0 0 0 1130 332836 2022121609
62.9 6 0 0 1130 116936 2022121609
34.2 4 0 0 1132 117328 2022121609
57.2 6 0 0 1132 119292 2022121609
77.9 8 0 0 1132 117842 2022121609
52.0 5 0 0 1132 117846 2022121609
52.0 5 0 0 1133 119260 2022121609
135 13 0 0 1133 117794 2022121609
52.0 5 0 0 1134 119344 2022121609
77.9 8 0 0 1134 113582 2022121609
52.0 5 0 0 1136 117939 2022121609
135 14 0 0 1137 117464 2022121609
52.0 5 0 0 1137 118135 2022121609
52.0 5 0 0 1138 119387 2022121609
83.1 8 0 0 1138 117469 2022121609
104 10 0 0 1141 119005 2022121609
77.9 8 0 0 1141 117632 2022121609
52.0 5 0 0 1143 117459 2022121609
57.2 6 0 0 1148 118971 2022121609
0.00 0 0 0 1148 118971 2022121609
0.00 0 0 0 1148 118971 2022121609
0.00 0 0 0 1148 118971 2022121609
0.00 0 0 0 1148 118971 2022121609
0.00 0 0 0 1148 118971 2022121609
330 32 0 9 803 117082 2022121609
0.00 0 0 0 803 117082 2022121609
0.00 0 0 0 803 117082 2022121609
0.00 0 0 0 803 117082 2022121609
125 12 0 0 803 116980 2022121609
98.7 10 0 0 831 121087 2022121609
31.2 3 0 0 836 119841 2022121609
62.4 6 0 0 849 113197 2022121609
36.4 4 0 0 857 117884 2022121609
104 11 0 0 875 117868 2022121609
36.4 4 0 0 883 117240 2022121609
36.4 4 0 0 889 119270 2022121609
67.6 7 0 0 899 116909 2022121609
77.9 8 0 0 912 119332 2022121609
62.4 6 0 0 922 117881 2022121609
46.8 5 0 0 929 117223 2022121609
41.6 4 0 0 934 119375 2022121609
109 11 0 0 950 117445 2022121609
41.6 4 0 0 955 119308 2022121609
67.6 7 0 0 963 117491 2022121609
46.8 5 0 0 969 117612 2022121609
109 11 0 0 981 109833 2022121609
46.8 5 0 0 987 121849 2022121609
41.6 4 0 0 991 119905 2022121609
67.6 7 0 0 999 117456 2022121609
93.5 9 0 0 1007 120194 2022121609
72.7 7 0 0 1016 117759 2022121609
46.8 5 0 0 1020 117735 2022121609
46.8 5 0 0 1024 119401 2022121609
120 12 0 0 1034 117803 2022121609
46.8 5 0 0 1038 119450 2022121609
72.7 7 0 0 1043 117660 2022121609
46.8 5 0 0 1047 117754 2022121609
125 13 0 0 1057 117733 2022121609
46.8 5 0 0 1061 117548 2022121609
46.8 5 0 0 1064 119332 2022121609
77.9 8 0 0 1068 117504 2022121609
98.7 10 0 0 1074 119481 2022121609
72.7 7 0 0 1079 117717 2022121609
52.0 5 0 0 1082 117877 2022121609
46.8 5 0 0 1087 117303 2022121609
77.9 8 0 0 1089 113541 2022121609
88.3 9 0 0 1094 117070 2022121609
88.3 9 0 0 1098 118932 2022121609
83.1 8 0 0 1101 117140 2022121609
46.8 5 0 0 1104 117205 2022121609
46.8 5 0 0 1105 119292 2022121609
135 13 0 0 1111 117416 2022121609
46.8 5 0 0 1112 119185 2022121609
83.1 8 0 0 1115 117513 2022121609
52.0 5 0 0 1118 117299 2022121609
130 13 0 0 1121 117645 2022121609
52.0 5 0 0 1123 117403 2022121609
46.8 5 0 0 1125 120971 2022121609
83.1 8 0 0 1126 117460 2022121609
98.7 10 0 0 1130 116172 2022121609
83.1 8 0 0 1132 118628 2022121609
93.5 9 0 0 1133 122601 2022121609
0.00 0 0 0 1133 122601 2022121609
145 15 0 0 1136 116902 2022121609
41.6 4 0 0 1137 116958 2022121609
46.8 5 0 0 1138 119011 2022121609
88.3 9 0 0 1138 117242 2022121609
93.5 10 0 0 1141 119123 2022121609
83.1 8 0 0 1141 117776 2022121609
57.2 6 0 0 1143 118077 2022121609
93.5 9 0 0 1144 117622 2022121609
88.3 9 0 0 1145 117751 2022121609
0.00 0 0 0 1145 117751 2022121609
98.7 10 0 0 1147 116526 2022121609
130 13 0 0 1148 117790 2022121609
0.00 0 0 0 1148 117790 2022121609
126 12 0 0 1150 128566 2022121609
0.00 0 0 0 1150 128566 2022121609
0.00 0 0 0 1150 128566 2022121609
0.00 0 0 0 1150 128566 2022121609
0.00 0 0 0 1150 128566 2022121609
94.4 9 0 0 1150 128566 2022121609
230 22 0 0 1150 118839 2022121609
0.00 0 0 0 1150 118839 2022121609
72.7 7 0 0 1150 189883 2022121609
0.00 0 0 0 1150 189883 2022121609
136 13 0 0 1150 189883 2022121609
81.9 8 0 0 1150 117298 2022121609
0.00 0 0 0 1150 117298 2022121609
67.6 7 1 0 1150 117662 2022121609
67.6 7 0 0 1150 118394 2022121609
88.3 9 0 0 1150 118293 2022121609
62.4 6 0 0 1150 118418 2022121609
67.6 7 0 0 1150 219992 2022121609
0.00 0 0 0 1150 219992 2022121609
136 13 0 0 1150 219992 2022121609
0.00 0 0 0 1150 219992 2022121609
97.5 10 0 0 1150 116869 2022121609
0.00 0 0 0 1150 116869 2022121609
36.4 4 0 0 1150 116877 2022121609
62.4 6 0 0 1150 116775 2022121609
135 13 0 0 1150 116926 2022121609
52.0 5 0 0 1150 118936 2022121609
83.1 8 0 0 1150 119537 2022121609
46.8 5 0 16 803 139544 2022121609
93.5 9 0 0 827 117087 2022121609
0.00 0 0 0 827 117087 2022121609
0.00 0 0 0 827 117087 2022121609
83.1 8 0 0 836 117783 2022121609
46.8 5 0 0 848 117930 2022121609
46.8 5 0 0 856 118016 2022121609
88.3 9 0 0 874 118100 2022121609
46.8 5 0 0 882 118512 2022121609
46.8 5 0 0 890 118107 2022121609
46.8 5 0 0 897 118182 2022121609
98.7 10 0 0 914 118163 2022121609
46.8 5 0 0 918 118020 2022121609
52.0 5 0 0 925 118233 2022121609
98.7 10 0 0 939 118177 2022121609
52.0 5 0 0 945 118225 2022121609
46.8 5 0 0 952 122160 2022121609
52.0 5 0 0 959 118283 2022121609
104 10 0 0 972 118161 2022121609
52.0 5 0 0 977 117884 2022121609
52.0 5 0 0 981 118022 2022121609
57.2 6 0 0 988 118410 2022121609
52.0 5 0 0 1001 118228 2022121609
104 10 0 0 1012 118002 2022121609
0.00 0 0 0 1012 118002 2022121609
109 11 0 0 1019 118151 2022121609
83.1 8 0 0 1024 118132 2022121609
57.2 6 0 0 1030 118063 2022121609
57.2 6 0 0 1036 114198 2022121609
77.9 8 0 0 1041 114187 2022121609
114 11 0 0 1047 118087 2022121609
57.2 6 0 0 1054 117865 2022121609
62.4 6 0 0 1059 116908 2022121609
20.8 2 0 0 1061 117622 2022121609
130 13 0 0 1071 117033 2022121609
41.6 4 0 0 1072 118238 2022121609
88.3 9 0 0 1078 117104 2022121609
46.8 5 0 0 1081 116897 2022121609
130 13 0 0 1087 116916 2022121609
46.8 5 0 0 1090 116863 2022121609
41.6 4 0 0 1093 118761 2022121609
88.3 9 0 0 1096 117032 2022121609
93.5 9 0 0 1101 114994 2022121609
72.7 7 0 0 1104 117523 2022121609
52.0 5 0 0 1105 117461 2022121609
52.0 5 0 0 1108 118935 2022121609
130 13 0 0 1114 117857 2022121609
52.0 5 0 0 1115 118987 2022121609
72.7 7 0 0 1118 117823 2022121609
57.2 6 0 0 1119 117760 2022121609
125 12 0 0 1122 117808 2022121609
57.2 6 0 0 1125 117287 2022121609
52.0 5 0 0 1126 118859 2022121609
72.7 7 0 0 1127 117877 2022121609
114 12 0 0 1132 119001 2022121609
72.7 7 0 0 1132 117454 2022121609
57.2 6 0 0 1133 113838 2022121609
52.0 5 0 0 1134 115178 2022121609
130 13 0 0 1137 113449 2022121609
57.2 6 0 0 1138 118829 2022121609
72.7 7 0 0 1138 117512 2022121609
57.2 6 0 0 1140 117532 2022121609
130 13 0 0 1141 117901 2022121609
52.0 5 0 0 1143 117759 2022121609
57.2 6 0 0 1144 119132 2022121609
72.7 7 0 0 1144 121859 2022121609
114 12 0 0 1145 114805 2022121609
72.7 7 0 0 1147 121411 2022121609
57.2 6 0 0 1147 117996 2022121609
57.2 6 0 0 1147 118558 2022121609
130 13 0 0 1148 113094 2022121609
57.2 6 0 0 1148 118807 2022121609
72.7 7 0 0 1148 117832 2022121609
62.4 6 0 0 1150 117271 2022121609
125 12 0 0 1150 117592 2022121609
62.4 6 0 0 1150 117761 2022121609
52.0 5 0 0 1150 118930 2022121609
77.9 8 0 0 1150 117581 2022121609
109 11 0 0 1150 118830 2022121609
77.9 8 0 0 1150 117553 2022121609
57.2 6 0 0 1150 117734 2022121609
57.2 6 0 0 1150 116819 2022121609
130 13 0 0 1150 117010 2022121609
41.6 4 0 0 1150 117369 2022121609
52.0 5 0 0 1150 119005 2022121609
83.1 8 0 0 1150 116993 2022121609
104 10 0 0 1150 118988 2022121609
83.9 8 0 0 1150 117815 2022121609
72.6 7 0 0 1150 122346 2022121609
72.2 7 0 0 1150 116941 2022121609
26.0 3 0 0 1150 117534 2022121609
67.6 7 0 0 1150 117214 2022121609
57.2 6 0 0 1150 117347 2022121609
57.2 6 0 0 1150 117278 2022121609
57.2 6 0 0 1150 113310 2022121609
88.3 9 0 0 1150 114653 2022121609
57.2 6 0 0 1150 117250 2022121609
52.0 5 0 0 1150 117281 2022121609
46.8 5 0 0 1150 117279 2022121609
52.0 5 0 0 1150 113170 2022121609
98.7 10 0 0 1150 117456 2022121609
46.8 5 0 0 1150 117192 2022121609
52.0 5 0 5 728 117224 2022121609
46.8 5 0 56 106 117177 2022121609
20.8 3 0 75 805 117313 2022121609
5.20 1 0 0 814 118918 2022121609
109 11 0 0 817 117199 2022121609
31.2 3 0 0 817 117602 2022121609
62.4 6 0 0 817 117277 2022121609
31.2 3 0 0 817 117515 2022121609
31.2 3 0 0 817 117440 2022121609
41.6 4 0 0 817 121427 2022121609
67.6 7 0 0 817 113444 2022121609
36.4 4 0 0 817 117336 2022121609
36.4 4 0 0 817 117151 2022121609
31.2 3 0 0 817 117398 2022121609
72.7 8 0 0 817 117542 2022121609
31.2 3 0 0 817 117725 2022121609
31.2 3 0 0 817 117500 2022121609
31.2 3 0 0 817 117407 2022121609
67.6 7 0 0 817 117405 2022121609
31.2 3 0 0 817 117467 2022121609
36.4 4 0 0 817 117452 2022121609
31.2 3 0 0 817 117400 2022121609
67.6 7 0 0 817 117482 2022121609
31.2 3 0 0 817 117394 2022121609
31.2 3 0 0 817 117484 2022121609
36.4 4 0 0 817 117445 2022121609
67.6 7 0 0 817 117588 2022121609
36.4 4 0 0 817 117518 2022121609
31.2 3 0 0 817 117560 2022121609
36.4 4 0 0 817 117333 2022121609
72.7 8 0 0 817 117410 2022121609
53.7 3224 6 411 817 117410 2022121609
