8.47 1 0 0 27 118228 2022121617
5.20 1 0 0 55 116346 2022121617
10.4 1 0 0 110 123094 2022121617
18.2 2 1 0 220 118395 2022121617
31.2 3 0 0 441 123099 2022121617
0.00 0 1 0 741 117024 2022121617
67.6 7 0 0 882 119091 2022121617
249 25 0 0 984 115010 2022121617
0.00 0 0 0 984 115010 2022121617
109 11 0 0 1155 1515708 2022121617
0.00 0 0 0 1155 1515708 2022121617
0.00 0 0 0 1155 1515708 2022121617
0.00 0 0 0 1155 1515708 2022121617
0.00 0 0 0 1155 1515708 2022121617
31.5 3 0 0 1155 1515708 2022121617
0.00 0 0 0 1155 1515708 2022121617
0.00 0 0 0 1155 1515708 2022121617
0.00 0 0 0 1155 1515708 2022121617
0.00 0 0 0 1155 1515708 2022121617
0.00 0 0 0 1155 1515708 2022121617
0.00 0 0 0 1155 1515708 2022121617
0.00 0 0 0 1155 1515708 2022121617
0.00 0 0 0 1155 1515708 2022121617
0.00 0 0 0 1155 1515708 2022121617
0.00 0 0 0 1155 1515708 2022121617
0.00 0 0 0 1155 1515708 2022121617
0.00 0 0 0 1155 1515708 2022121617
0.00 0 0 0 1155 1515708 2022121617
0.00 0 0 0 1155 1515708 2022121617
0.00 0 0 0 1155 1515708 2022121617
0.00 0 0 0 1155 1515708 2022121617
0.00 0 0 0 1155 1515708 2022121617
0.00 0 0 0 1155 1515708 2022121617
0.00 0 0 0 1155 1515708 2022121617
0.00 0 0 0 1155 1515708 2022121617
0.00 0 0 0 1155 1515708 2022121617
0.00 0 0 0 1155 1515708 2022121617
0.00 0 0 0 1155 1515708 2022121617
0.00 0 0 0 1155 1515708 2022121617
0.00 0 0 0 1155 1515708 2022121617
0.00 0 0 0 1155 1515708 2022121617
0.00 0 0 0 1155 1515708 2022121617
0.00 0 0 0 1155 1515708 2022121617
0.00 0 0 0 1155 1515708 2022121617
0.00 0 0 0 1155 1515708 2022121617
0.00 0 0 0 1155 1515708 2022121617
0.00 0 0 0 1155 1515708 2022121617
0.00 0 0 0 1155 1515708 2022121617
0.00 0 0 0 1155 1515708 2022121617
0.00 0 0 0 1155 1515708 2022121617
0.00 0 0 0 1155 1515708 2022121617
0.00 0 0 0 1155 1515708 2022121617
0.00 0 0 0 1155 1515708 2022121617
0.00 0 0 0 1155 1515708 2022121617
0.00 0 0 0 1155 1515708 2022121617
0.00 0 0 0 1155 1515708 2022121617
0.00 0 0 0 1155 1515708 2022121617
0.00 0 0 0 1155 1515708 2022121617
0.00 0 0 0 1155 1515708 2022121617
0.00 0 0 0 1155 1515708 2022121617
0.00 0 0 0 1155 1515708 2022121617
0.00 0 0 0 1155 1515708 2022121617
0.00 0 0 0 1155 1515708 2022121617
0.00 0 0 0 1155 1515708 2022121617
0.00 0 0 0 1155 1515708 2022121617
0.00 0 0 0 1155 1515708 2022121617
0.00 0 0 0 1155 1515708 2022121617
0.00 0 0 0 1155 1515708 2022121617
0.00 0 0 0 1155 1515708 2022121617
0.00 0 0 0 1155 1515708 2022121617
0.00 0 0 0 1155 1515708 2022121617
0.00 0 0 0 1155 1515708 2022121617
0.00 0 0 0 1155 1515708 2022121617
0.00 0 0 0 1155 1515708 2022121617
0.00 0 0 0 1155 1515708 2022121617
0.00 0 0 0 1155 1515708 2022121617
0.00 0 0 0 1155 1515708 2022121617
0.00 0 0 0 1155 1515708 2022121617
0.00 0 0 0 1155 1515708 2022121617
0.00 0 0 0 1155 1515708 2022121617
0.00 0 0 0 1155 1515708 2022121617
0.00 0 0 0 1155 1515708 2022121617
0.00 0 0 0 1155 1515708 2022121617
0.00 0 0 0 1155 1515708 2022121617
0.00 0 0 0 1155 1515708 2022121617
0.00 0 0 0 1155 1515708 2022121617
0.00 0 0 0 1155 1515708 2022121617
0.00 0 0 0 1155 1515708 2022121617
0.00 0 0 0 1155 1515708 2022121617
0.00 0 0 0 1155 1515708 2022121617
0.00 0 0 0 1155 1515708 2022121617
0.00 0 0 0 1155 1515708 2022121617
0.00 0 0 0 1155 1515708 2022121617
0.00 0 0 0 1155 1515708 2022121617
0.00 0 0 0 1155 1515708 2022121617
0.00 0 0 0 1155 1515708 2022121617
0.00 0 0 0 1155 1515708 2022121617
0.00 0 0 0 1155 1515708 2022121617
0.00 0 0 0 1155 1515708 2022121617
0.00 0 0 0 1155 1515708 2022121617
0.00 0 0 0 1155 1515708 2022121617
0.00 0 0 0 1155 1515708 2022121617
0.00 0 0 0 1155 1515708 2022121617
0.00 0 0 0 1155 1515708 2022121617
0.00 0 0 0 1155 1515708 2022121617
0.00 0 0 0 1155 1515708 2022121617
0.00 0 0 0 1155 1515708 2022121617
0.00 0 0 0 1155 1515708 2022121617
0.00 0 0 0 1155 1515708 2022121617
0.00 0 0 0 1155 1515708 2022121617
0.00 0 0 0 1155 1515708 2022121617
0.00 0 0 0 1155 1515708 2022121617
0.00 0 0 0 1155 1515708 2022121617
0.00 0 0 0 1155 1515708 2022121617
0.00 0 0 0 1155 1515708 2022121617
0.00 0 0 0 1155 1515708 2022121617
0.00 0 0 0 1155 1515708 2022121617
0.00 0 0 0 1155 1515708 2022121617
0.00 0 0 0 1155 1515708 2022121617
0.00 0 0 0 1155 1515708 2022121617
0.00 0 0 0 1155 1515708 2022121617
0.00 0 0 0 1155 1515708 2022121617
0.00 0 0 0 1155 1515708 2022121617
0.00 0 0 0 1155 1515708 2022121617
0.00 0 0 0 1155 1515708 2022121617
0.00 0 0 0 1155 1515708 2022121617
0.00 0 0 0 1155 1515708 2022121617
299 29 0 25 1043 116887 2022121617
0.00 0 0 0 1043 116887 2022121617
0.00 0 0 0 1043 116887 2022121617
0.00 0 0 0 1043 116887 2022121617
0.00 0 0 0 1043 116887 2022121617
177 17 0 0 1065 117415 2022121617
46.8 5 0 0 1065 119064 2022121617
130 13 0 0 1090 116922 2022121617
41.6 4 0 0 1098 119946 2022121617
83.1 8 0 0 1112 113026 2022121617
46.8 5 0 0 1119 117674 2022121617
130 13 0 0 1140 117220 2022121617
52.0 5 0 0 1148 117396 2022121617
52.0 5 0 0 1156 119322 2022121617
83.1 8 0 35 246 117254 2022121617
36.4 4 0 8 810 120141 2022121617
15.6 2 0 0 820 118181 2022121617
93.5 9 0 0 825 116981 2022121617
26.0 3 0 0 830 118640 2022121617
104 11 0 0 842 116763 2022121617
31.2 3 0 0 846 118848 2022121617
67.6 7 0 0 853 117840 2022121617
36.4 4 0 0 859 118146 2022121617
104 11 0 0 868 117869 2022121617
36.4 4 0 0 872 118007 2022121617
36.4 4 0 0 875 119259 2022121617
67.6 7 0 0 882 118358 2022121617
72.7 8 0 0 892 117160 2022121617
67.6 7 0 0 894 119367 2022121617
41.6 4 0 0 897 117510 2022121617
36.4 4 0 0 900 117070 2022121617
109 11 0 0 908 116839 2022121617
31.2 3 0 0 911 117980 2022121617
72.7 7 0 0 916 116916 2022121617
36.4 4 0 0 919 117570 2022121617
114 12 0 0 926 117047 2022121617
36.4 4 0 0 928 113055 2022121617
36.4 4 0 0 930 118245 2022121617
77.9 8 0 0 934 116954 2022121617
72.7 8 0 0 939 118886 2022121617
77.9 8 0 0 943 113775 2022121617
0.00 0 0 0 943 113775 2022121617
114 12 0 0 948 117371 2022121617
41.6 4 0 0 951 117606 2022121617
72.7 7 0 0 952 118633 2022121617
77.9 8 0 0 956 117374 2022121617
77.9 8 0 0 958 118930 2022121617
36.4 4 0 0 959 116920 2022121617
41.6 4 0 0 962 117720 2022121617
77.9 8 0 0 966 117640 2022121617
0.00 0 0 0 966 117640 2022121617
151 15 0 0 970 119394 2022121617
0.00 0 0 0 970 119394 2022121617
0.00 0 0 0 970 119394 2022121617
203 20 0 0 976 119221 2022121617
0.00 0 0 0 976 119221 2022121617
0.00 0 0 0 976 119221 2022121617
0.00 0 0 0 976 119221 2022121617
0.00 0 0 0 976 119221 2022121617
0.00 0 0 0 976 119221 2022121617
329 32 0 0 980 118310 2022121617
0.00 0 0 0 980 118310 2022121617
0.00 0 0 0 980 118310 2022121617
0.00 0 0 0 980 118310 2022121617
239 23 0 0 981 117069 2022121617
0.00 0 0 0 981 117069 2022121617
72.7 7 0 0 981 117957 2022121617
83.1 8 0 0 983 117032 2022121617
0.00 0 0 0 983 117032 2022121617
161 16 0 0 984 118207 2022121617
0.00 0 0 0 984 118207 2022121617
0.00 0 0 0 984 118207 2022121617
0.00 0 0 0 984 118207 2022121617
239 23 0 0 984 119104 2022121617
0.00 0 0 0 984 119104 2022121617
0.00 0 0 0 984 119104 2022121617
0.00 0 0 0 984 119104 2022121617
41.9 4 0 0 984 118378 2022121617
283 27 0 0 984 169312 2022121617
0.00 0 0 0 984 169312 2022121617
0.00 0 0 0 984 169312 2022121617
0.00 0 0 0 984 169312 2022121617
0.00 0 0 0 984 169312 2022121617
0.00 0 0 0 984 169312 2022121617
0.00 0 0 0 984 169312 2022121617
0.00 0 0 0 984 169312 2022121617
62.9 6 0 0 984 169312 2022121617
271 26 0 0 984 118450 2022121617
0.00 0 0 0 984 118450 2022121617
0.00 0 0 0 984 118450 2022121617
93.5 9 0 0 984 118175 2022121617
114 12 0 0 984 118178 2022121617
52.0 5 0 0 984 118222 2022121617
52.0 5 0 0 984 114181 2022121617
52.0 5 0 0 984 118243 2022121617
83.1 8 0 0 984 118148 2022121617
46.8 5 0 0 984 118292 2022121617
114 12 0 0 984 118486 2022121617
52.0 5 0 0 984 118290 2022121617
0.00 0 0 0 984 118290 2022121617
0.00 0 0 0 984 118290 2022121617
161 16 0 0 492 119425 2022121617
0.00 0 0 0 492 119425 2022121617
0.00 0 0 0 492 119425 2022121617
0.00 0 0 0 492 119425 2022121617
0.00 0 0 0 492 119425 2022121617
0.00 0 0 0 492 119425 2022121617
0.00 0 0 0 492 119425 2022121617
0.00 0 0 0 492 119425 2022121617
315 30 0 0 492 119425 2022121617
15.2 2 0 0 987 117891 2022121617
0.00 0 0 0 987 117891 2022121617
0.00 0 0 0 987 117891 2022121617
0.00 0 0 0 987 117891 2022121617
0.00 0 0 0 987 117891 2022121617
0.00 0 0 0 987 117891 2022121617
0.00 0 0 0 987 117891 2022121617
241 23 0 0 987 118170 2022121617
89.3 9 0 0 990 117190 2022121617
0.00 0 0 0 990 117190 2022121617
109 11 0 0 991 117235 2022121617
99.2 10 0 0 992 115952 2022121617
67.1 7 0 0 994 117060 2022121617
41.6 4 0 0 995 118407 2022121617
72.7 7 0 0 995 117144 2022121617
88.3 9 0 0 999 117088 2022121617
0.00 0 0 0 999 117088 2022121617
83.1 8 0 0 1001 118255 2022121617
77.9 8 0 0 1003 118000 2022121617
109 11 0 0 1006 118780 2022121617
0.00 0 0 0 1006 118780 2022121617
120 12 0 0 1010 118313 2022121617
0.00 0 0 0 1010 118313 2022121617
104 10 0 0 1013 114226 2022121617
77.9 8 0 0 1016 118304 2022121617
83.1 8 0 0 1019 118252 2022121617
83.1 8 0 0 1021 118582 2022121617
83.1 8 0 0 1027 117074 2022121617
0.00 0 0 0 1027 117074 2022121617
109 11 0 0 1031 118589 2022121617
0.00 0 0 0 1031 118589 2022121617
166 16 0 0 1035 118539 2022121617
62.4 6 0 0 1039 118657 2022121617
67.6 7 0 0 1043 116918 2022121617
15.6 2 0 0 1045 119149 2022121617
130 13 0 0 1053 117079 2022121617
41.6 4 0 0 1054 119179 2022121617
77.9 8 0 0 1060 117063 2022121617
46.8 5 0 0 1063 117089 2022121617
125 13 0 0 1071 113164 2022121617
46.8 5 0 0 1075 117668 2022121617
52.0 5 0 0 1078 119044 2022121617
72.7 7 0 0 1082 117376 2022121617
98.7 10 0 0 1090 119196 2022121617
77.9 8 0 0 1096 116913 2022121617
52.0 5 0 0 1100 117325 2022121617
46.8 5 0 0 1104 119052 2022121617
130 13 0 0 1114 117354 2022121617
52.0 5 0 0 1119 119034 2022121617
77.9 8 0 0 1125 117309 2022121617
52.0 5 0 0 1130 121480 2022121617
130 13 0 0 1143 117151 2022121617
57.2 6 0 0 1147 117036 2022121617
52.0 5 0 0 1151 118959 2022121617
77.9 8 0 0 1159 117162 2022121617
109 11 0 0 1172 118885 2022121617
77.9 8 0 0 1180 117131 2022121617
57.2 6 0 0 1185 117353 2022121617
57.2 6 0 0 1191 118461 2022121617
130 13 0 0 1206 117407 2022121617
62.4 6 0 0 1212 118574 2022121617
72.7 7 0 0 1221 117392 2022121617
62.4 6 0 0 1228 117053 2022121617
140 14 0 0 1245 117047 2022121617
57.2 6 0 0 1252 117713 2022121617
62.4 6 0 0 1260 118237 2022121617
72.7 7 0 0 1269 117554 2022121617
135 14 0 0 1286 114171 2022121617
72.7 7 0 0 1296 117527 2022121617
67.6 7 0 0 1304 113419 2022121617
67.6 7 0 0 1314 117843 2022121617
140 14 0 0 1332 117557 2022121617
72.7 7 0 0 1341 117763 2022121617
72.7 7 0 0 1352 117522 2022121617
72.7 7 0 0 1363 117595 2022121617
145 14 0 0 1383 117505 2022121617
77.9 8 0 0 1394 117702 2022121617
72.7 7 0 12 537 118034 2022121617
72.7 7 0 5 979 114847 2022121617
41.6 5 0 0 987 120025 2022121617
93.5 9 0 0 988 117107 2022121617
0.00 0 1 0 988 117587 2022121617
77.9 8 0 0 1020 117107 2022121617
77.9 8 0 0 1068 117453 2022121617
0.00 0 0 0 1068 117453 2022121617
0.00 0 0 0 1068 117453 2022121617
166 16 0 0 1076 116915 2022121617
130 13 0 0 1096 116935 2022121617
46.8 5 0 0 1104 117244 2022121617
77.9 8 0 0 1137 118078 2022121617
0.00 0 0 0 1137 118078 2022121617
0.00 0 0 0 1137 118078 2022121617
229 22 0 0 1148 8990738 2022121617
0.00 0 0 0 1436 8990738 2022121617
52.4 5 0 0 1436 8990738 2022121617
0.00 0 0 0 1436 8990738 2022121617
0.00 0 0 0 1436 8990738 2022121617
0.00 0 0 0 1436 8990738 2022121617
0.00 0 0 0 1436 8990738 2022121617
0.00 0 0 0 1436 8990738 2022121617
0.00 0 0 0 1436 8990738 2022121617
0.00 0 0 0 1436 8990738 2022121617
0.00 0 0 0 1436 8990738 2022121617
0.00 0 0 0 1436 8990738 2022121617
0.00 0 0 0 1436 8990738 2022121617
0.00 0 0 0 1436 8990738 2022121617
0.00 0 0 0 1436 8990738 2022121617
0.00 0 0 0 1436 8990738 2022121617
0.00 0 0 0 1436 8990738 2022121617
0.00 0 0 0 1436 8990738 2022121617
0.00 0 0 0 1436 8990738 2022121617
0.00 0 0 0 1436 8990738 2022121617
0.00 0 0 0 1436 8990738 2022121617
0.00 0 0 0 1436 8990738 2022121617
0.00 0 0 0 1436 8990738 2022121617
0.00 0 0 0 1436 8990738 2022121617
0.00 0 0 0 1436 8990738 2022121617
0.00 0 0 0 1436 8990738 2022121617
0.00 0 0 0 1436 8990738 2022121617
0.00 0 0 0 1436 8990738 2022121617
0.00 0 0 0 1436 8990738 2022121617
0.00 0 0 0 1436 8990738 2022121617
0.00 0 0 0 1436 8990738 2022121617
0.00 0 0 0 1436 8990738 2022121617
0.00 0 0 0 1436 8990738 2022121617
0.00 0 0 0 1436 8990738 2022121617
0.00 0 0 0 1436 8990738 2022121617
0.00 0 0 0 1436 8990738 2022121617
0.00 0 0 0 1436 8990738 2022121617
0.00 0 0 0 1436 8990738 2022121617
0.00 0 0 0 1436 8990738 2022121617
0.00 0 0 0 1436 8990738 2022121617
0.00 0 0 0 1436 8990738 2022121617
0.00 0 0 0 1436 8990738 2022121617
0.00 0 0 0 1436 8990738 2022121617
0.00 0 0 0 1436 8990738 2022121617
0.00 0 0 0 1436 8990738 2022121617
0.00 0 0 0 1436 8990738 2022121617
0.00 0 0 0 1436 8990738 2022121617
0.00 0 0 0 1436 8990738 2022121617
0.00 0 0 0 1436 8990738 2022121617
0.00 0 0 0 1436 8990738 2022121617
0.00 0 0 0 1436 8990738 2022121617
0.00 0 0 0 1436 8990738 2022121617
0.00 0 0 0 1436 8990738 2022121617
0.00 0 0 0 1436 8990738 2022121617
0.00 0 0 0 1436 8990738 2022121617
0.00 0 0 0 1436 8990738 2022121617
0.00 0 0 0 1436 8990738 2022121617
0.00 0 0 0 1436 8990738 2022121617
0.00 0 0 0 1436 8990738 2022121617
0.00 0 0 0 1436 8990738 2022121617
0.00 0 0 0 1436 8990738 2022121617
0.00 0 0 0 1436 8990738 2022121617
0.00 0 0 0 1436 8990738 2022121617
0.00 0 0 0 1436 8990738 2022121617
0.00 0 0 0 1436 8990738 2022121617
0.00 0 0 0 1436 8990738 2022121617
0.00 0 0 0 1436 8990738 2022121617
0.00 0 0 0 1436 8990738 2022121617
0.00 0 0 0 1436 8990738 2022121617
0.00 0 0 0 1436 8990738 2022121617
0.00 0 0 0 1436 8990738 2022121617
0.00 0 0 0 1436 8990738 2022121617
0.00 0 0 0 1436 8990738 2022121617
0.00 0 0 0 1436 8990738 2022121617
0.00 0 0 0 1436 8990738 2022121617
0.00 0 0 0 1436 8990738 2022121617
0.00 0 0 0 1436 8990738 2022121617
0.00 0 0 0 1436 8990738 2022121617
0.00 0 0 0 1436 8990738 2022121617
0.00 0 0 0 1436 8990738 2022121617
0.00 0 0 0 1436 8990738 2022121617
0.00 0 0 0 1436 8990738 2022121617
0.00 0 0 0 1436 8990738 2022121617
0.00 0 0 0 1436 8990738 2022121617
0.00 0 0 0 1436 8990738 2022121617
0.00 0 0 0 1436 8990738 2022121617
0.00 0 0 0 1436 8990738 2022121617
0.00 0 0 0 1436 8990738 2022121617
0.00 0 0 0 1436 8990738 2022121617
0.00 0 0 0 1436 8990738 2022121617
0.00 0 0 0 1436 8990738 2022121617
0.00 0 0 0 1436 8990738 2022121617
0.00 0 0 0 1436 8990738 2022121617
0.00 0 0 0 1436 8990738 2022121617
0.00 0 0 0 1436 8990738 2022121617
0.00 0 0 0 1436 8990738 2022121617
0.00 0 0 0 1436 8990738 2022121617
0.00 0 0 0 1436 8990738 2022121617
0.00 0 0 0 1436 8990738 2022121617
0.00 0 0 0 1436 8990738 2022121617
0.00 0 0 0 1436 8990738 2022121617
0.00 0 0 0 1436 8990738 2022121617
0.00 0 0 0 1436 8990738 2022121617
0.00 0 0 0 1436 8990738 2022121617
31.5 3 0 0 1436 11124957 2022121617
10.5 1 0 0 1436 11124957 2022121617
0.00 0 0 0 1436 11124957 2022121617
0.00 0 0 0 1436 11124957 2022121617
0.00 0 0 0 1436 11124957 2022121617
0.00 0 0 0 1436 11124957 2022121617
0.00 0 0 0 1436 11124957 2022121617
0.00 0 0 0 1436 11124957 2022121617
0.00 0 0 0 1436 11124957 2022121617
0.00 0 0 0 1436 11124957 2022121617
0.00 0 0 0 1436 11124957 2022121617
0.00 0 0 0 1436 11124957 2022121617
0.00 0 0 0 1436 11124957 2022121617
0.00 0 0 0 1436 11124957 2022121617
0.00 0 0 0 1436 11124957 2022121617
0.00 0 0 0 1436 11124957 2022121617
0.00 0 0 0 1436 11124957 2022121617
0.00 0 0 0 1436 11124957 2022121617
0.00 0 0 0 1436 11124957 2022121617
0.00 0 0 0 1436 11124957 2022121617
0.00 0 0 0 1436 11124957 2022121617
0.00 0 0 0 1436 11124957 2022121617
0.00 0 0 0 1436 11124957 2022121617
0.00 0 0 0 1436 11124957 2022121617
0.00 0 0 0 1436 11124957 2022121617
0.00 0 0 0 1436 11124957 2022121617
0.00 0 0 0 1436 11124957 2022121617
0.00 0 0 0 1436 11124957 2022121617
0.00 0 0 0 1436 11124957 2022121617
0.00 0 0 0 1436 11124957 2022121617
0.00 0 0 0 1436 11124957 2022121617
0.00 0 0 0 1436 11124957 2022121617
0.00 0 0 0 1436 11124957 2022121617
0.00 0 0 0 1436 11124957 2022121617
0.00 0 0 0 1436 11124957 2022121617
0.00 0 0 0 1436 11124957 2022121617
0.00 0 0 0 1436 11124957 2022121617
0.00 0 0 0 1436 11124957 2022121617
0.00 0 0 0 1436 11124957 2022121617
0.00 0 0 0 1436 11124957 2022121617
0.00 0 0 0 1436 11124957 2022121617
0.00 0 0 0 1436 11124957 2022121617
0.00 0 0 0 1436 11124957 2022121617
0.00 0 0 0 1436 11124957 2022121617
0.00 0 0 0 1436 11124957 2022121617
0.00 0 0 0 1436 11124957 2022121617
0.00 0 0 0 1436 11124957 2022121617
0.00 0 0 0 1436 11124957 2022121617
0.00 0 0 0 1436 11124957 2022121617
0.00 0 0 0 1436 11124957 2022121617
0.00 0 0 0 1436 11124957 2022121617
0.00 0 0 0 1436 11124957 2022121617
0.00 0 0 0 1436 11124957 2022121617
0.00 0 0 0 1436 11124957 2022121617
0.00 0 0 0 1436 11124957 2022121617
0.00 0 0 0 1436 11124957 2022121617
0.00 0 0 0 1436 11124957 2022121617
0.00 0 0 0 1436 11124957 2022121617
0.00 0 0 0 1436 11124957 2022121617
0.00 0 0 0 1436 11124957 2022121617
0.00 0 0 0 1436 11124957 2022121617
0.00 0 0 0 1436 11124957 2022121617
0.00 0 0 0 1436 11124957 2022121617
0.00 0 0 0 1436 11124957 2022121617
0.00 0 0 0 1436 11124957 2022121617
0.00 0 0 0 1436 11124957 2022121617
0.00 0 0 0 1436 11124957 2022121617
0.00 0 0 0 1436 11124957 2022121617
0.00 0 0 0 1436 11124957 2022121617
0.00 0 0 0 1436 11124957 2022121617
0.00 0 0 0 1436 11124957 2022121617
0.00 0 0 0 1436 11124957 2022121617
0.00 0 0 0 1436 11124957 2022121617
0.00 0 0 0 1436 11124957 2022121617
0.00 0 0 0 1436 11124957 2022121617
0.00 0 0 0 1436 11124957 2022121617
0.00 0 0 0 1436 11124957 2022121617
0.00 0 0 0 1436 11124957 2022121617
0.00 0 0 0 1436 11124957 2022121617
0.00 0 0 0 1436 11124957 2022121617
0.00 0 0 0 1436 11124957 2022121617
0.00 0 0 0 1436 11124957 2022121617
0.00 0 0 0 1436 11124957 2022121617
0.00 0 0 0 1436 11124957 2022121617
0.00 0 0 0 1436 11124957 2022121617
0.00 0 0 0 1436 11124957 2022121617
0.00 0 0 0 1436 11124957 2022121617
0.00 0 0 0 1436 11124957 2022121617
0.00 0 0 0 1436 11124957 2022121617
0.00 0 0 0 1436 11124957 2022121617
0.00 0 0 0 1436 11124957 2022121617
0.00 0 0 0 1436 11124957 2022121617
0.00 0 0 0 1436 11124957 2022121617
0.00 0 0 0 1436 11124957 2022121617
0.00 0 0 0 1436 11124957 2022121617
0.00 0 0 0 1436 11124957 2022121617
0.00 0 0 0 1436 11124957 2022121617
0.00 0 0 0 1436 11124957 2022121617
0.00 0 0 0 1436 11124957 2022121617
0.00 0 0 0 1436 11124957 2022121617
0.00 0 0 0 1436 11124957 2022121617
0.00 0 0 0 1436 11124957 2022121617
0.00 0 0 0 1436 11124957 2022121617
0.00 0 0 0 1436 11124957 2022121617
0.00 0 0 0 1436 11124957 2022121617
0.00 0 0 0 1436 11124957 2022121617
0.00 0 0 0 1436 11124957 2022121617
0.00 0 0 0 1436 11124957 2022121617
0.00 0 0 0 1436 11124957 2022121617
0.00 0 0 0 1436 11124957 2022121617
0.00 0 0 0 1436 11124957 2022121617
0.00 0 0 0 1436 11124957 2022121617
0.00 0 0 0 1436 11124957 2022121617
0.00 0 0 0 1436 11124957 2022121617
0.00 0 0 0 1436 11124957 2022121617
0.00 0 0 0 1436 11124957 2022121617
0.00 0 0 0 1436 11124957 2022121617
0.00 0 0 0 1436 11124957 2022121617
0.00 0 0 0 1436 11124957 2022121617
0.00 0 0 0 1436 11124957 2022121617
186 18 0 13 857 117016 2022121617
0.00 0 0 0 857 117016 2022121617
0.00 0 0 0 857 117016 2022121617
46.8 5 0 51 130 118773 2022121617
26.0 3 0 64 1020 120247 2022121617
26.2 3 0 2 643 118186 2022121617
119 12 0 14 86 117126 2022121617
31.2 4 0 1 861 117433 2022121617
52.0 5 0 0 861 118899 2022121617
31.2 3 0 2 49 117553 2022121617
36.4 4 0 0 30 118907 2022121617
41.6 4 1 0 608 118460 2022121617
0.00 0 1 0 608 117477 2022121617
20.8 2 0 0 608 117487 2022121617
31.2 3 0 0 608 117364 2022121617
52.0 6 0 0 620 117313 2022121617
31.2 3 0 0 635 113539 2022121617
31.2 3 0 0 648 118430 2022121617
31.2 3 0 0 652 118858 2022121617
72.7 8 0 0 660 117489 2022121617
31.2 3 0 0 663 117855 2022121617
41.6 4 0 0 666 117381 2022121617
31.2 3 0 0 666 117530 2022121617
62.4 6 0 0 675 119014 2022121617
41.6 4 0 0 679 118201 2022121617
31.2 3 0 0 681 119139 2022121617
36.4 4 0 0 685 118875 2022121617
72.7 7 0 0 690 119045 2022121617
41.6 4 0 0 693 114474 2022121617
41.6 4 0 0 696 117809 2022121617
31.2 3 0 0 697 115121 2022121617
41.6 4 0 0 701 113045 2022121617
57.2 6 0 0 704 119406 2022121617
72.7 8 0 0 708 118322 2022121617
41.6 4 0 0 710 119163 2022121617
41.6 4 0 0 711 118679 2022121617
31.2 3 0 0 714 118545 2022121617
83.1 8 0 0 717 118950 2022121617
31.2 3 0 0 717 118950 2022121617
46.8 5 0 0 719 118888 2022121617
36.4 4 0 0 721 118660 2022121617
77.9 8 0 0 723 118959 2022121617
41.6 4 0 0 725 118713 2022121617
36.4 4 0 0 725 118171 2022121617
36.4 4 0 0 726 114272 2022121617
41.6 4 0 0 728 118441 2022121617
62.4 6 0 0 729 118841 2022121617
26.2 1575 5 232 729 118841 2022121617
