8.47 1 1 0 27 117825 2022121613
5.20 1 0 0 55 119511 2022121613
9.15 1 0 0 77 119758 2022121613
25.3 3 0 0 220 119350 2022121613
31.5 3 0 0 220 119350 2022121613
30.9 3 0 0 441 117829 2022121613
125 12 0 0 769 116949 2022121613
156 15 0 0 803 119064 2022121613
62.4 6 0 0 841 117011 2022121613
31.2 3 0 0 857 116943 2022121613
36.4 4 0 0 882 119292 2022121613
104 10 0 0 945 117213 2022121613
36.4 4 0 0 972 119256 2022121613
72.7 7 0 0 1014 117088 2022121613
41.6 4 0 0 1042 117510 2022121613
114 11 0 0 1115 117575 2022121613
52.0 5 0 0 1148 117712 2022121613
46.8 5 0 0 1180 119087 2022121613
77.9 8 0 0 1229 117745 2022121613
109 11 0 0 1301 118979 2022121613
83.1 8 0 0 1327 117117 2022121613
67.6 7 0 0 1366 116886 2022121613
57.2 6 0 0 1381 118615 2022121613
93.6 9 0 0 1410 117340 2022121613
130 13 0 0 537 117168 2022121613
0.00 0 0 0 537 117168 2022121613
166 17 0 13 386 119654 2022121613
0.00 0 1 0 1061 117086 2022121613
36.4 4 0 0 1061 123346 2022121613
36.4 4 0 0 1075 116937 2022121613
83.1 8 0 0 1101 117684 2022121613
88.3 9 0 0 1119 117183 2022121613
46.8 5 0 0 1127 117270 2022121613
46.8 5 0 0 1137 119049 2022121613
130 13 0 0 1158 113095 2022121613
52.0 5 0 0 1166 119389 2022121613
77.9 8 0 0 1178 113202 2022121613
109 11 0 0 1195 119023 2022121613
83.1 8 0 0 1206 116873 2022121613
52.0 5 0 0 1213 117677 2022121613
62.4 6 0 0 1221 119120 2022121613
77.9 8 0 0 1245 206474 2022121613
0.00 0 0 0 1263 206474 2022121613
126 12 0 0 1263 206474 2022121613
0.00 0 0 0 1263 206474 2022121613
83.9 8 0 0 1263 4653712 2022121613
62.9 6 0 0 1263 5457256 2022121613
0.00 0 0 0 1263 5457256 2022121613
0.00 0 0 0 1263 5457256 2022121613
0.00 0 0 0 1263 5457256 2022121613
0.00 0 0 0 1263 5457256 2022121613
0.00 0 0 0 1263 5457256 2022121613
0.00 0 0 0 1263 5457256 2022121613
0.00 0 0 0 1263 5457256 2022121613
0.00 0 0 0 1263 5457256 2022121613
0.00 0 0 0 1263 5457256 2022121613
0.00 0 0 0 1263 5457256 2022121613
0.00 0 0 0 1263 5457256 2022121613
0.00 0 0 0 1263 5457256 2022121613
0.00 0 0 0 1263 5457256 2022121613
0.00 0 0 0 1263 5457256 2022121613
0.00 0 0 0 1263 5457256 2022121613
0.00 0 0 0 1263 5457256 2022121613
0.00 0 0 0 1263 5457256 2022121613
0.00 0 0 0 1263 5457256 2022121613
0.00 0 0 0 1263 5457256 2022121613
0.00 0 0 0 1263 5457256 2022121613
0.00 0 0 0 1263 5457256 2022121613
0.00 0 0 0 1263 5457256 2022121613
0.00 0 0 0 1263 5457256 2022121613
0.00 0 0 0 1263 5457256 2022121613
0.00 0 0 0 1263 5457256 2022121613
0.00 0 0 0 1263 5457256 2022121613
0.00 0 0 0 1263 5457256 2022121613
0.00 0 0 0 1263 5457256 2022121613
0.00 0 0 0 1263 5457256 2022121613
0.00 0 0 0 1263 5457256 2022121613
0.00 0 0 0 1263 5457256 2022121613
0.00 0 0 0 1263 5457256 2022121613
0.00 0 0 0 1263 5457256 2022121613
0.00 0 0 0 1263 5457256 2022121613
0.00 0 0 0 1263 5457256 2022121613
0.00 0 0 0 1263 5457256 2022121613
0.00 0 0 0 1263 5457256 2022121613
0.00 0 0 0 1263 5457256 2022121613
0.00 0 0 0 1263 5457256 2022121613
0.00 0 0 0 1263 5457256 2022121613
0.00 0 0 0 1263 5457256 2022121613
0.00 0 0 0 1263 5457256 2022121613
0.00 0 0 0 1263 5457256 2022121613
0.00 0 0 0 1263 5457256 2022121613
0.00 0 0 0 1263 5457256 2022121613
0.00 0 0 0 1263 5457256 2022121613
0.00 0 0 0 1263 5457256 2022121613
0.00 0 0 0 1263 5457256 2022121613
0.00 0 0 0 1263 5457256 2022121613
0.00 0 0 0 1263 5457256 2022121613
0.00 0 0 0 1263 5457256 2022121613
0.00 0 0 0 1263 5457256 2022121613
0.00 0 0 0 1263 5457256 2022121613
0.00 0 0 0 1263 5457256 2022121613
0.00 0 0 0 1263 5457256 2022121613
0.00 0 0 0 1263 5457256 2022121613
0.00 0 0 0 1263 5457256 2022121613
0.00 0 0 0 1263 5457256 2022121613
0.00 0 0 0 1263 5457256 2022121613
0.00 0 0 0 1263 5457256 2022121613
0.00 0 0 0 1263 5457256 2022121613
0.00 0 0 0 1263 5457256 2022121613
0.00 0 0 0 1263 5457256 2022121613
0.00 0 0 0 1263 5457256 2022121613
0.00 0 0 0 1263 5457256 2022121613
0.00 0 0 0 1263 5457256 2022121613
0.00 0 0 0 1263 5457256 2022121613
0.00 0 0 0 1263 5457256 2022121613
0.00 0 0 0 1263 5457256 2022121613
0.00 0 0 0 1263 5457256 2022121613
0.00 0 0 0 1263 5457256 2022121613
0.00 0 0 0 1263 5457256 2022121613
0.00 0 0 0 1263 5457256 2022121613
0.00 0 0 0 1263 5457256 2022121613
0.00 0 0 0 1263 5457256 2022121613
0.00 0 0 0 1263 5457256 2022121613
0.00 0 0 0 1263 5457256 2022121613
0.00 0 0 0 1263 5457256 2022121613
0.00 0 0 0 1263 5457256 2022121613
0.00 0 0 0 1263 5457256 2022121613
0.00 0 0 0 1263 5457256 2022121613
0.00 0 0 0 1263 5457256 2022121613
0.00 0 0 0 1263 5457256 2022121613
0.00 0 0 0 1263 5457256 2022121613
0.00 0 0 0 1263 5457256 2022121613
0.00 0 0 0 1263 5457256 2022121613
0.00 0 0 0 1263 5457256 2022121613
0.00 0 0 0 1263 5457256 2022121613
0.00 0 0 0 1263 5457256 2022121613
0.00 0 0 0 1263 5457256 2022121613
0.00 0 0 0 1263 5457256 2022121613
0.00 0 0 0 1263 5457256 2022121613
0.00 0 0 0 1263 5457256 2022121613
0.00 0 0 0 1263 5457256 2022121613
0.00 0 0 0 1263 5457256 2022121613
0.00 0 0 0 1263 5457256 2022121613
0.00 0 0 0 1263 5457256 2022121613
0.00 0 0 0 1263 5457256 2022121613
0.00 0 0 0 1263 5457256 2022121613
0.00 0 0 0 1263 5457256 2022121613
0.00 0 0 0 1263 5457256 2022121613
0.00 0 0 0 1263 5457256 2022121613
0.00 0 0 0 1263 5457256 2022121613
0.00 0 0 0 1263 5457256 2022121613
0.00 0 0 0 1263 5457256 2022121613
0.00 0 0 0 1263 5457256 2022121613
0.00 0 0 0 1263 5457256 2022121613
0.00 0 0 0 1263 5457256 2022121613
7.96 1 0 0 1263 129905 2022121613
0.00 0 0 0 1263 129905 2022121613
0.00 0 0 0 1263 129905 2022121613
0.00 0 0 0 1263 129905 2022121613
0.00 0 0 0 1263 129905 2022121613
0.00 0 0 0 1263 129905 2022121613
0.00 0 0 0 1263 129905 2022121613
0.00 0 0 0 1263 129905 2022121613
0.00 0 0 0 1263 129905 2022121613
0.00 0 0 0 1263 129905 2022121613
0.00 0 0 0 1263 129905 2022121613
0.00 0 0 0 1263 129905 2022121613
0.00 0 0 0 1263 129905 2022121613
0.00 0 0 0 1263 129905 2022121613
0.00 0 0 0 1263 129905 2022121613
0.00 0 0 0 1263 129905 2022121613
0.00 0 0 0 1263 129905 2022121613
0.00 0 0 0 1263 129905 2022121613
0.00 0 0 0 1263 129905 2022121613
0.00 0 0 0 1263 129905 2022121613
0.00 0 0 0 1263 129905 2022121613
0.00 0 0 0 1263 129905 2022121613
0.00 0 0 0 1263 129905 2022121613
0.00 0 0 0 1263 129905 2022121613
0.00 0 0 0 1263 129905 2022121613
0.00 0 0 0 1263 129905 2022121613
0.00 0 0 0 1263 129905 2022121613
0.00 0 0 0 1263 129905 2022121613
0.00 0 0 0 1263 129905 2022121613
0.00 0 0 0 1263 129905 2022121613
0.00 0 0 0 1263 129905 2022121613
0.00 0 0 0 1263 129905 2022121613
0.00 0 0 0 1263 129905 2022121613
0.00 0 0 0 1263 129905 2022121613
0.00 0 0 0 1263 129905 2022121613
0.00 0 0 0 1263 129905 2022121613
0.00 0 0 0 1263 129905 2022121613
0.00 0 0 0 1263 129905 2022121613
0.00 0 0 0 1263 129905 2022121613
0.00 0 0 0 1263 129905 2022121613
0.00 0 0 0 1263 129905 2022121613
0.00 0 0 0 1263 129905 2022121613
0.00 0 0 0 1263 129905 2022121613
0.00 0 0 0 1263 129905 2022121613
0.00 0 0 0 1263 129905 2022121613
0.00 0 0 0 1263 129905 2022121613
0.00 0 0 0 1263 129905 2022121613
0.00 0 0 0 1263 129905 2022121613
0.00 0 0 0 1263 129905 2022121613
0.00 0 0 0 1263 129905 2022121613
0.00 0 0 0 1263 129905 2022121613
0.00 0 0 0 1263 129905 2022121613
0.00 0 0 0 1263 129905 2022121613
0.00 0 0 0 1263 129905 2022121613
0.00 0 0 0 1263 129905 2022121613
0.00 0 0 0 1263 129905 2022121613
0.00 0 0 0 1263 129905 2022121613
0.00 0 0 0 1263 129905 2022121613
0.00 0 0 0 1263 129905 2022121613
0.00 0 0 0 1263 129905 2022121613
0.00 0 0 0 1263 129905 2022121613
0.00 0 0 0 1263 129905 2022121613
0.00 0 0 0 1263 129905 2022121613
0.00 0 0 0 1263 129905 2022121613
0.00 0 0 0 1263 129905 2022121613
0.00 0 0 0 1263 129905 2022121613
0.00 0 0 0 1263 129905 2022121613
0.00 0 0 0 1263 129905 2022121613
0.00 0 0 0 1263 129905 2022121613
0.00 0 0 0 1263 129905 2022121613
0.00 0 0 0 1263 129905 2022121613
0.00 0 0 0 1263 129905 2022121613
0.00 0 0 0 1263 129905 2022121613
0.00 0 0 0 1263 129905 2022121613
0.00 0 0 0 1263 129905 2022121613
0.00 0 0 0 1263 129905 2022121613
0.00 0 0 0 1263 129905 2022121613
0.00 0 0 0 1263 129905 2022121613
0.00 0 0 0 1263 129905 2022121613
0.00 0 0 0 1263 129905 2022121613
0.00 0 0 0 1263 129905 2022121613
0.00 0 0 0 1263 129905 2022121613
0.00 0 0 0 1263 129905 2022121613
0.00 0 0 0 1263 129905 2022121613
0.00 0 0 0 1263 129905 2022121613
0.00 0 0 0 1263 129905 2022121613
0.00 0 0 0 1263 129905 2022121613
0.00 0 0 0 1263 129905 2022121613
0.00 0 0 0 1263 129905 2022121613
0.00 0 0 0 1263 129905 2022121613
0.00 0 0 0 1263 129905 2022121613
0.00 0 0 0 1263 129905 2022121613
0.00 0 0 0 1263 129905 2022121613
0.00 0 0 0 1263 129905 2022121613
0.00 0 0 0 1263 129905 2022121613
0.00 0 0 0 1263 129905 2022121613
0.00 0 0 0 1263 129905 2022121613
0.00 0 0 0 1263 129905 2022121613
0.00 0 0 0 1263 129905 2022121613
0.00 0 0 0 1263 129905 2022121613
0.00 0 0 0 1263 129905 2022121613
0.00 0 0 0 1263 129905 2022121613
0.00 0 0 0 1263 129905 2022121613
0.00 0 0 0 1263 129905 2022121613
0.00 0 0 0 1263 129905 2022121613
0.00 0 0 0 1263 129905 2022121613
0.00 0 0 0 1263 129905 2022121613
0.00 0 0 0 1263 129905 2022121613
0.00 0 0 0 1263 129905 2022121613
0.00 0 0 0 1263 129905 2022121613
0.00 0 0 0 1263 129905 2022121613
0.00 0 1 0 1269 117060 2022121613
15.6 2 0 2 874 117755 2022121613
72.7 7 0 20 130 117098 2022121613
0.00 0 1 19 99 119620 2022121613
104 10 0 0 1098 117166 2022121613
15.6 2 0 0 1110 116913 2022121613
31.2 3 0 0 1118 117908 2022121613
93.5 9 0 0 1137 117106 2022121613
41.6 4 0 0 1137 118822 2022121613
135 14 0 0 1167 117076 2022121613
0.00 0 1 3 926 117089 2022121613
98.7 10 0 0 79 113452 2022121613
77.9 8 1 0 828 116957 2022121613
0.00 0 1 0 832 118465 2022121613
67.6 7 0 0 842 113553 2022121613
36.4 4 0 0 848 114025 2022121613
104 10 0 0 859 117132 2022121613
36.4 4 0 0 864 117639 2022121613
31.2 3 0 0 867 118566 2022121613
67.6 7 0 0 875 117133 2022121613
72.7 8 0 0 882 118444 2022121613
72.7 7 0 0 889 116930 2022121613
36.4 4 0 0 892 117558 2022121613
31.2 3 0 0 896 118356 2022121613
114 12 0 0 905 117401 2022121613
36.4 4 0 0 908 117918 2022121613
72.7 7 0 0 914 117203 2022121613
36.4 4 0 0 916 117436 2022121613
114 12 0 0 925 117130 2022121613
36.4 4 0 0 928 121472 2022121613
36.4 4 0 0 930 118175 2022121613
77.9 8 0 0 934 117480 2022121613
72.7 8 0 0 940 118468 2022121613
77.9 8 0 0 944 117299 2022121613
36.4 4 0 0 945 117657 2022121613
36.4 4 0 0 948 120196 2022121613
120 12 0 0 954 117833 2022121613
36.4 4 0 0 956 118757 2022121613
77.9 8 0 0 959 113406 2022121613
41.6 4 0 0 962 117891 2022121613
114 12 0 0 966 117192 2022121613
41.6 4 0 0 966 117143 2022121613
36.4 4 0 0 969 118163 2022121613
83.1 8 0 0 973 118638 2022121613
83.1 8 0 0 974 117255 2022121613
0.00 0 1 0 976 117876 2022121613
114 11 0 0 979 117673 2022121613
36.4 4 0 0 980 119466 2022121613
72.7 7 0 0 981 118295 2022121613
46.8 5 0 0 983 117806 2022121613
114 11 0 0 985 118100 2022121613
46.8 5 0 0 987 117725 2022121613
41.6 4 0 0 987 119683 2022121613
72.7 7 0 0 988 117301 2022121613
31.2 3 0 0 988 119257 2022121613
125 13 0 0 991 117149 2022121613
10.4 1 0 0 992 117345 2022121613
88.3 9 0 0 994 117284 2022121613
77.9 8 0 0 995 116240 2022121613
77.9 8 0 0 995 117182 2022121613
41.6 4 0 0 996 117842 2022121613
41.6 4 0 0 996 118927 2022121613
120 12 0 0 998 117762 2022121613
41.6 4 0 0 998 118838 2022121613
83.1 8 0 0 998 117299 2022121613
36.4 4 0 0 998 117691 2022121613
46.8 5 0 0 998 118683 2022121613
120 12 0 0 999 117883 2022121613
41.6 4 0 0 999 121094 2022121613
83.1 8 0 0 999 117131 2022121613
36.4 4 0 0 999 117660 2022121613
125 12 0 0 999 117119 2022121613
41.6 4 0 0 999 117661 2022121613
41.6 4 0 0 999 119716 2022121613
120 12 0 0 999 117830 2022121613
41.6 4 0 0 999 114217 2022121613
72.7 7 0 0 999 117934 2022121613
46.8 5 0 0 999 117872 2022121613
46.8 5 0 0 999 117961 2022121613
120 12 0 0 999 117051 2022121613
31.2 3 0 0 999 117378 2022121613
83.1 8 0 0 999 117429 2022121613
41.6 4 0 0 999 117200 2022121613
120 12 0 0 999 117430 2022121613
46.8 5 0 0 999 117044 2022121613
36.4 4 0 0 999 122047 2022121613
83.1 8 0 0 999 117527 2022121613
77.9 8 0 0 999 118008 2022121613
83.9 8 0 0 999 118008 2022121613
35.6 4 0 0 999 116894 2022121613
0.00 0 0 0 999 116894 2022121613
161 16 0 0 999 118947 2022121613
36.4 4 0 0 999 117356 2022121613
52.0 5 0 0 1001 117936 2022121613
62.4 6 0 0 1001 117904 2022121613
98.7 10 0 0 1001 126384 2022121613
67.6 7 0 0 1001 117894 2022121613
46.8 5 0 0 1002 117920 2022121613
52.0 5 0 0 1002 118905 2022121613
109 11 0 0 1003 117711 2022121613
52.0 5 0 0 1003 118917 2022121613
67.6 7 0 0 1005 117158 2022121613
46.8 5 0 0 1005 117100 2022121613
114 11 0 0 1006 117233 2022121613
46.8 5 0 0 1007 117050 2022121613
46.8 5 0 0 1009 118700 2022121613
62.4 6 0 0 1009 117277 2022121613
104 11 0 0 1012 118131 2022121613
46.8 5 0 6 266 117683 2022121613
52.0 5 0 0 707 119399 2022121613
31.2 3 0 0 707 119772 2022121613
52.0 6 0 0 725 117265 2022121613
57.2 6 0 0 732 115155 2022121613
31.2 3 0 0 743 117005 2022121613
31.2 3 0 0 750 113031 2022121613
83.1 8 0 0 765 121479 2022121613
36.4 4 0 0 769 114267 2022121613
46.8 5 0 0 785 113239 2022121613
62.4 6 0 0 785 113239 2022121613
41.6 4 0 0 801 197515 2022121613
0.00 0 0 0 801 197515 2022121613
62.4 6 0 0 801 131177 2022121613
0.00 0 0 0 801 131177 2022121613
26.0 3 0 0 801 131177 2022121613
31.2 3 0 0 817 116975 2022121613
52.0 5 1 0 846 117132 2022121613
36.4 4 0 0 852 117536 2022121613
36.4 4 0 0 857 119102 2022121613
62.4 6 0 0 864 116989 2022121613
77.9 8 0 0 875 118978 2022121613
57.2 6 0 0 881 116964 2022121613
41.6 4 0 0 885 117425 2022121613
41.6 4 0 0 890 118213 2022121613
104 10 0 0 900 117632 2022121613
41.6 4 0 0 904 118326 2022121613
57.2 6 0 0 908 117215 2022121613
46.8 5 0 0 912 117505 2022121613
104 11 0 0 922 117387 2022121613
46.8 5 0 0 925 121790 2022121613
41.6 4 0 0 929 118621 2022121613
62.4 6 0 0 933 113714 2022121613
88.3 9 0 0 939 118777 2022121613
62.4 6 0 0 944 117404 2022121613
41.6 4 0 0 947 113580 2022121613
52.0 5 0 0 950 122238 2022121613
104 11 0 0 958 117389 2022121613
0.00 0 0 0 958 117389 2022121613
109 11 0 0 962 118662 2022121613
72.7 7 0 0 965 117057 2022121613
36.4 4 0 0 967 118307 2022121613
46.8 5 0 0 970 118988 2022121613
114 12 0 0 974 117498 2022121613
41.6 4 0 0 977 119733 2022121613
72.7 7 0 0 980 117318 2022121613
41.6 4 0 0 981 117547 2022121613
114 12 0 0 985 117079 2022121613
46.8 5 0 0 987 117711 2022121613
46.8 5 0 0 990 117507 2022121613
67.6 7 0 0 991 118987 2022121613
93.5 10 0 0 994 117100 2022121613
67.6 7 0 0 995 119253 2022121613
46.8 5 0 0 996 117922 2022121613
46.8 5 0 0 996 119249 2022121613
114 12 0 0 999 118994 2022121613
0.00 0 0 0 999 118994 2022121613
130 13 0 0 1002 117505 2022121613
67.6 7 0 0 1002 117154 2022121613
46.8 5 0 0 1003 117917 2022121613
46.8 5 0 0 1005 117880 2022121613
83.1 8 0 0 1005 119470 2022121613
72.7 7 0 0 1006 117320 2022121613
93.5 10 0 0 1007 119137 2022121613
67.6 7 0 0 1009 117600 2022121613
46.8 5 0 0 1009 117812 2022121613
52.0 5 0 0 1009 119182 2022121613
114 12 0 0 1010 118054 2022121613
46.8 5 0 0 1010 119050 2022121613
72.7 7 0 0 1010 121633 2022121613
46.8 5 0 0 1012 123114 2022121613
77.9 8 0 0 1012 117440 2022121613
52.0 5 0 0 1012 117888 2022121613
114 12 0 0 1012 117188 2022121613
52.0 5 0 0 1012 117809 2022121613
67.6 7 0 0 1012 117195 2022121613
46.8 5 0 0 1012 117503 2022121613
114 12 0 0 1012 113326 2022121613
46.8 5 0 0 1012 113562 2022121613
52.0 5 0 0 1012 119062 2022121613
67.6 7 0 0 1012 117035 2022121613
98.7 10 0 0 1012 118220 2022121613
31.5 3 0 0 1012 118220 2022121613
82.9 8 0 0 1012 118195 2022121613
77.9 8 0 0 1012 117078 2022121613
46.8 5 0 0 1012 117401 2022121613
41.6 4 0 0 1012 119137 2022121613
120 12 0 0 1012 117790 2022121613
41.6 4 0 0 1012 119162 2022121613
72.7 7 0 0 1012 117655 2022121613
52.0 5 0 0 1012 117776 2022121613
114 11 0 0 1012 117729 2022121613
46.8 5 0 0 1012 117643 2022121613
46.8 5 0 0 1012 119273 2022121613
72.7 7 0 0 1012 117187 2022121613
93.5 10 0 0 1012 119307 2022121613
67.6 7 0 0 1012 117892 2022121613
52.0 5 0 0 1013 117435 2022121613
41.6 4 0 0 1013 119306 2022121613
120 12 0 0 1013 117664 2022121613
46.8 5 0 0 1013 119065 2022121613
72.7 7 0 0 1014 117560 2022121613
46.8 5 0 0 1014 117161 2022121613
114 12 0 0 1016 117894 2022121613
52.0 5 0 0 1016 117324 2022121613
46.8 5 0 0 1017 119169 2022121613
72.7 7 0 0 1017 116850 2022121613
93.5 10 0 0 1019 118643 2022121613
67.6 7 0 0 1020 117060 2022121613
41.6 4 0 0 1020 117710 2022121613
57.2 6 0 0 1021 115008 2022121613
109 11 0 0 1023 117545 2022121613
57.2 6 0 0 1024 118753 2022121613
67.6 7 0 0 1024 118160 2022121613
41.6 4 0 0 1025 118258 2022121613
83.1 8 0 0 1027 116879 2022121613
88.3 9 0 0 1030 116947 2022121613
41.6 4 0 0 1031 117124 2022121613
36.4 4 0 0 1032 119348 2022121613
120 12 0 0 1035 117424 2022121613
52.0 5 0 0 1036 119018 2022121613
72.7 7 0 0 1039 117441 2022121613
46.8 5 0 0 1041 117644 2022121613
120 12 0 0 1045 117134 2022121613
52.0 5 0 0 1047 117122 2022121613
46.8 5 0 0 1047 113183 2022121613
72.7 7 0 0 1050 120964 2022121613
98.7 10 0 0 1056 118760 2022121613
67.6 7 0 0 1057 113425 2022121613
52.0 5 0 0 1075 122164 2022121613
52.0 5 0 0 537 122164 2022121613
0.00 0 0 0 537 122164 2022121613
0.00 0 0 0 537 122164 2022121613
0.00 0 0 0 537 122164 2022121613
0.00 0 0 0 537 122164 2022121613
0.00 0 0 0 537 122164 2022121613
0.00 0 0 0 537 122164 2022121613
330 32 0 0 932 116964 2022121613
0.00 0 0 0 932 116964 2022121613
36.4 4 0 0 1012 117167 2022121613
77.9 8 0 0 1046 117082 2022121613
83.1 9 0 0 1082 121476 2022121613
83.1 8 0 0 1096 117220 2022121613
41.6 4 0 0 1100 117222 2022121613
46.8 5 0 0 1104 118570 2022121613
135 14 0 0 1115 117406 2022121613
46.8 5 0 0 1118 118965 2022121613
83.1 8 0 0 1125 116301 2022121613
88.3 9 0 0 1132 117730 2022121613
52.0 5 0 0 1136 117664 2022121613
46.8 5 0 0 1143 117582 2022121613
93.5 9 0 0 1163 120368 2022121613
0.00 0 0 0 1163 120368 2022121613
0.00 0 0 0 1163 120368 2022121613
273 27 0 5 78 117080 2022121613
0.00 0 0 0 78 117080 2022121613
0.00 0 0 0 78 117080 2022121613
156 15 0 0 831 117114 2022121613
0.00 0 0 0 831 117114 2022121613
114 12 0 0 852 117601 2022121613
36.4 4 0 0 859 118145 2022121613
36.4 4 0 0 865 118783 2022121613
67.6 7 0 0 878 117506 2022121613
67.6 7 0 0 892 118535 2022121613
77.9 8 0 0 905 117164 2022121613
31.2 3 0 0 911 117458 2022121613
36.4 4 0 0 916 121418 2022121613
114 12 0 0 936 117780 2022121613
36.4 4 0 0 941 118712 2022121613
77.9 8 0 0 951 117270 2022121613
36.4 4 0 0 958 117256 2022121613
114 12 0 0 973 117308 2022121613
41.6 4 0 0 984 115687 2022121613
36.4 4 0 0 999 117197 2022121613
0.00 0 0 0 999 117197 2022121613
161 16 0 0 1003 119215 2022121613
72.7 7 0 0 1010 118082 2022121613
52.0 5 0 0 1017 119400 2022121613
41.6 4 0 0 1021 119590 2022121613
125 12 0 0 1035 117188 2022121613
41.6 4 0 0 1038 119625 2022121613
72.7 7 0 0 1045 118200 2022121613
52.0 5 0 0 1050 117302 2022121613
114 11 0 0 1060 118289 2022121613
57.2 6 0 0 1064 117145 2022121613
41.6 4 0 0 1068 119491 2022121613
77.9 8 0 0 1074 117440 2022121613
98.7 10 0 0 1081 119192 2022121613
72.7 7 0 0 1086 117402 2022121613
52.0 5 0 0 1090 117099 2022121613
46.8 5 0 0 1093 118855 2022121613
130 13 0 0 1101 116968 2022121613
52.0 5 0 0 1104 118981 2022121613
72.7 7 0 0 1110 113699 2022121613
52.0 5 0 0 1112 113837 2022121613
130 13 0 0 1118 117034 2022121613
52.0 5 0 0 1121 118098 2022121613
52.0 5 0 0 1123 119502 2022121613
77.9 8 0 0 1127 117865 2022121613
109 11 0 0 1132 119355 2022121613
72.7 7 0 0 1134 117803 2022121613
57.2 6 0 0 1137 118038 2022121613
52.0 5 0 0 1140 119291 2022121613
130 13 0 0 1144 117735 2022121613
57.2 6 0 0 1147 119350 2022121613
77.9 8 0 0 1148 117813 2022121613
52.0 5 0 0 1151 117907 2022121613
120 12 0 0 1152 119441 2022121613
67.0 7 0 0 1156 117979 2022121613
57.2 6 0 0 1158 119391 2022121613
77.9 8 0 0 1159 113827 2022121613
57.2 6 0 0 1162 161748 2022121613
88.3 9 0 0 1162 156589 2022121613
41.6 4 0 0 1165 116949 2022121613
41.6 4 0 0 1166 117669 2022121613
130 13 0 0 1167 121653 2022121613
62.4 6 0 0 1169 121511 2022121613
52.0 5 0 0 1170 119171 2022121613
77.9 8 0 0 1170 117867 2022121613
114 12 0 0 1173 118839 2022121613
72.7 7 0 0 1173 117867 2022121613
62.4 6 0 0 1174 117746 2022121613
57.2 6 0 0 1176 118941 2022121613
135 13 0 0 1177 117846 2022121613
57.2 6 0 0 1177 119075 2022121613
72.7 7 0 0 1177 117629 2022121613
40.8 2471 9 68 1177 117629 2022121613
