13.7 2 0 0 27 117942 2022121610
0.00 0 1 0 55 119410 2022121610
12.3 2 0 0 110 115747 2022121610
18.6 2 0 0 184 118842 2022121610
32.6 4 0 0 368 117008 2022121610
62.9 6 0 0 369 121944 2022121610
72.2 7 0 0 739 119355 2022121610
104 10 0 0 937 117558 2022121610
0.00 0 0 0 937 117558 2022121610
0.00 0 0 0 937 117558 2022121610
197 19 0 0 1089 115000 2022121610
0.00 0 0 0 1089 115000 2022121610
0.00 0 0 0 1089 115000 2022121610
0.00 0 0 0 1089 115000 2022121610
0.00 0 0 0 1089 115000 2022121610
330 32 0 0 1234 118727 2022121610
0.00 0 0 0 1234 118727 2022121610
0.00 0 0 0 1234 118727 2022121610
0.00 0 0 0 1234 118727 2022121610
0.00 0 0 0 1234 118727 2022121610
0.00 0 0 0 1234 118727 2022121610
330 32 0 0 717 255160 2022121610
0.00 0 0 0 717 255160 2022121610
0.00 0 0 0 717 255160 2022121610
0.00 0 0 0 717 255160 2022121610
0.00 0 0 0 717 255160 2022121610
0.00 0 0 0 717 255160 2022121610
0.00 0 0 0 717 255160 2022121610
0.00 0 0 0 717 255160 2022121610
0.00 0 0 0 717 255160 2022121610
252 24 0 0 717 243507 2022121610
0.00 0 0 0 717 243507 2022121610
0.00 0 0 0 717 243507 2022121610
0.00 0 0 0 717 243507 2022121610
0.00 0 0 0 717 243507 2022121610
0.00 0 0 0 717 243507 2022121610
73.4 7 0 0 717 243507 2022121610
20.9 2 0 0 748 145925 2022121610
0.00 0 1 0 1079 117058 2022121610
57.2 6 0 0 1134 118310 2022121610
62.4 6 0 0 1174 118435 2022121610
62.4 6 0 0 1232 118436 2022121610
93.5 9 0 0 1319 10130135 2022121610
0.00 0 0 295 1064 9404512 2022121610
0.00 0 0 0 1242 9404512 2022121610
41.9 4 0 0 1242 9404512 2022121610
0.00 0 0 0 1242 9404512 2022121610
0.00 0 0 0 1242 9404512 2022121610
0.00 0 0 0 1242 9404512 2022121610
0.00 0 0 0 1242 9404512 2022121610
0.00 0 0 0 1242 9404512 2022121610
0.00 0 0 0 1242 9404512 2022121610
0.00 0 0 0 1242 9404512 2022121610
0.00 0 0 0 1242 9404512 2022121610
0.00 0 0 0 1242 9404512 2022121610
0.00 0 0 0 1242 9404512 2022121610
0.00 0 0 0 1242 9404512 2022121610
0.00 0 0 0 1242 9404512 2022121610
0.00 0 0 0 1242 9404512 2022121610
0.00 0 0 0 1242 9404512 2022121610
0.00 0 0 0 1242 9404512 2022121610
0.00 0 0 0 1242 9404512 2022121610
0.00 0 0 0 1242 9404512 2022121610
0.00 0 0 0 1242 9404512 2022121610
0.00 0 0 0 1242 9404512 2022121610
0.00 0 0 0 1242 9404512 2022121610
0.00 0 0 0 1242 9404512 2022121610
0.00 0 0 0 1242 9404512 2022121610
0.00 0 0 0 1242 9404512 2022121610
0.00 0 0 0 1242 9404512 2022121610
0.00 0 0 0 1242 9404512 2022121610
0.00 0 0 0 1242 9404512 2022121610
0.00 0 0 0 1242 9404512 2022121610
0.00 0 0 0 1242 9404512 2022121610
0.00 0 0 0 1242 9404512 2022121610
0.00 0 0 0 1242 9404512 2022121610
0.00 0 0 0 1242 9404512 2022121610
0.00 0 0 0 1242 9404512 2022121610
0.00 0 0 0 1242 9404512 2022121610
0.00 0 0 0 1242 9404512 2022121610
0.00 0 0 0 1242 9404512 2022121610
0.00 0 0 0 1242 9404512 2022121610
0.00 0 0 0 1242 9404512 2022121610
0.00 0 0 0 1242 9404512 2022121610
0.00 0 0 0 1242 9404512 2022121610
0.00 0 0 0 1242 9404512 2022121610
0.00 0 0 0 1242 9404512 2022121610
0.00 0 0 0 1242 9404512 2022121610
0.00 0 0 0 1242 9404512 2022121610
0.00 0 0 0 1242 9404512 2022121610
0.00 0 0 0 1242 9404512 2022121610
0.00 0 0 0 1242 9404512 2022121610
0.00 0 0 0 1242 9404512 2022121610
0.00 0 0 0 1242 9404512 2022121610
0.00 0 0 0 1242 9404512 2022121610
0.00 0 0 0 1242 9404512 2022121610
0.00 0 0 0 1242 9404512 2022121610
0.00 0 0 0 1242 9404512 2022121610
0.00 0 0 0 1242 9404512 2022121610
0.00 0 0 0 1242 9404512 2022121610
0.00 0 0 0 1242 9404512 2022121610
0.00 0 0 0 1242 9404512 2022121610
0.00 0 0 0 1242 9404512 2022121610
0.00 0 0 0 1242 9404512 2022121610
0.00 0 0 0 1242 9404512 2022121610
0.00 0 0 0 1242 9404512 2022121610
0.00 0 0 0 1242 9404512 2022121610
0.00 0 0 0 1242 9404512 2022121610
0.00 0 0 0 1242 9404512 2022121610
0.00 0 0 0 1242 9404512 2022121610
0.00 0 0 0 1242 9404512 2022121610
0.00 0 0 0 1242 9404512 2022121610
0.00 0 0 0 1242 9404512 2022121610
0.00 0 0 0 1242 9404512 2022121610
0.00 0 0 0 1242 9404512 2022121610
0.00 0 0 0 1242 9404512 2022121610
0.00 0 0 0 1242 9404512 2022121610
0.00 0 0 0 1242 9404512 2022121610
0.00 0 0 0 1242 9404512 2022121610
0.00 0 0 0 1242 9404512 2022121610
0.00 0 0 0 1242 9404512 2022121610
0.00 0 0 0 1242 9404512 2022121610
0.00 0 0 0 1242 9404512 2022121610
0.00 0 0 0 1242 9404512 2022121610
0.00 0 0 0 1242 9404512 2022121610
0.00 0 0 0 1242 9404512 2022121610
0.00 0 0 0 1242 9404512 2022121610
0.00 0 0 0 1242 9404512 2022121610
0.00 0 0 0 1242 9404512 2022121610
0.00 0 0 0 1242 9404512 2022121610
0.00 0 0 0 1242 9404512 2022121610
0.00 0 0 0 1242 9404512 2022121610
0.00 0 0 0 1242 9404512 2022121610
0.00 0 0 0 1242 9404512 2022121610
0.00 0 0 0 1242 9404512 2022121610
0.00 0 0 0 1242 9404512 2022121610
0.00 0 0 0 1242 9404512 2022121610
0.00 0 0 0 1242 9404512 2022121610
0.00 0 0 0 1242 9404512 2022121610
0.00 0 0 0 1242 9404512 2022121610
0.00 0 0 0 1242 9404512 2022121610
0.00 0 0 0 1242 9404512 2022121610
0.00 0 0 0 1242 9404512 2022121610
0.00 0 0 0 1242 9404512 2022121610
0.00 0 0 0 1242 9404512 2022121610
0.00 0 0 0 1242 9404512 2022121610
0.00 0 0 0 1242 9404512 2022121610
0.00 0 0 0 1242 9404512 2022121610
0.00 0 0 0 1242 9404512 2022121610
0.00 0 0 0 1242 9404512 2022121610
0.00 0 0 0 1242 9404512 2022121610
275 27 0 0 1242 9404512 2022121610
0.00 0 0 0 1242 9404512 2022121610
0.00 0 0 0 1242 9404512 2022121610
0.00 0 0 0 1242 9404512 2022121610
0.00 0 0 0 1242 9404512 2022121610
234 23 0 0 1242 9404512 2022121610
0.00 0 0 0 1242 9404512 2022121610
0.00 0 0 0 1242 9404512 2022121610
171 17 0 0 1242 9404512 2022121610
0.00 0 0 0 1242 9404512 2022121610
0.00 0 0 0 1242 9404512 2022121610
83.9 8 0 0 1242 9404512 2022121610
0.00 0 0 0 1242 9404512 2022121610
0.00 0 0 0 1242 9404512 2022121610
202 20 0 0 1242 9404512 2022121610
0.00 0 0 0 1242 9404512 2022121610
0.00 0 0 0 1242 9404512 2022121610
145 14 0 0 1242 9404512 2022121610
62.4 6 0 0 1242 9404512 2022121610
31.5 3 0 0 1242 9404512 2022121610
0.00 0 0 0 1242 9404512 2022121610
0.00 0 0 0 1242 9404512 2022121610
0.00 0 0 0 1242 9404512 2022121610
0.00 0 0 0 1242 9404512 2022121610
0.00 0 0 0 1242 9404512 2022121610
0.00 0 0 0 1242 9404512 2022121610
0.00 0 0 0 1242 9404512 2022121610
0.00 0 0 0 1242 9404512 2022121610
0.00 0 0 0 1242 9404512 2022121610
0.00 0 0 0 1242 9404512 2022121610
0.00 0 0 0 1242 9404512 2022121610
0.00 0 0 0 1242 9404512 2022121610
0.00 0 0 0 1242 9404512 2022121610
0.00 0 0 0 1242 9404512 2022121610
0.00 0 0 0 1242 9404512 2022121610
0.00 0 0 0 1242 9404512 2022121610
0.00 0 0 0 1242 9404512 2022121610
0.00 0 0 0 1242 9404512 2022121610
0.00 0 0 0 1242 9404512 2022121610
0.00 0 0 0 1242 9404512 2022121610
0.00 0 0 0 1242 9404512 2022121610
0.00 0 0 0 1242 9404512 2022121610
0.00 0 0 0 1242 9404512 2022121610
0.00 0 0 0 1242 9404512 2022121610
0.00 0 0 0 1242 9404512 2022121610
0.00 0 0 0 1242 9404512 2022121610
0.00 0 0 0 1242 9404512 2022121610
0.00 0 0 0 1242 9404512 2022121610
0.00 0 0 0 1242 9404512 2022121610
0.00 0 0 0 1242 9404512 2022121610
0.00 0 0 0 1242 9404512 2022121610
0.00 0 0 0 1242 9404512 2022121610
0.00 0 0 0 1242 9404512 2022121610
0.00 0 0 0 1242 9404512 2022121610
0.00 0 0 0 1242 9404512 2022121610
0.00 0 0 0 1242 9404512 2022121610
0.00 0 0 0 1242 9404512 2022121610
0.00 0 0 0 1242 9404512 2022121610
0.00 0 0 0 1242 9404512 2022121610
0.00 0 0 0 1242 9404512 2022121610
0.00 0 0 0 1242 9404512 2022121610
0.00 0 0 0 1242 9404512 2022121610
0.00 0 0 0 1242 9404512 2022121610
0.00 0 0 0 1242 9404512 2022121610
0.00 0 0 0 1242 9404512 2022121610
0.00 0 0 0 1242 9404512 2022121610
0.00 0 0 0 1242 9404512 2022121610
0.00 0 0 0 1242 9404512 2022121610
0.00 0 0 0 1242 9404512 2022121610
0.00 0 0 0 1242 9404512 2022121610
0.00 0 0 0 1242 9404512 2022121610
0.00 0 0 0 1242 9404512 2022121610
0.00 0 0 0 1242 9404512 2022121610
0.00 0 0 0 1242 9404512 2022121610
0.00 0 0 0 1242 9404512 2022121610
0.00 0 0 0 1242 9404512 2022121610
0.00 0 0 0 1242 9404512 2022121610
0.00 0 0 0 1242 9404512 2022121610
0.00 0 0 0 1242 9404512 2022121610
0.00 0 0 0 1242 9404512 2022121610
0.00 0 0 0 1242 9404512 2022121610
0.00 0 0 0 1242 9404512 2022121610
0.00 0 0 0 1242 9404512 2022121610
0.00 0 0 0 1242 9404512 2022121610
0.00 0 0 0 1242 9404512 2022121610
0.00 0 0 0 1242 9404512 2022121610
0.00 0 0 0 1242 9404512 2022121610
0.00 0 0 0 1242 9404512 2022121610
0.00 0 0 0 1242 9404512 2022121610
0.00 0 0 0 1242 9404512 2022121610
0.00 0 0 0 1242 9404512 2022121610
0.00 0 0 0 1242 9404512 2022121610
0.00 0 0 0 1242 9404512 2022121610
0.00 0 0 0 1242 9404512 2022121610
0.00 0 0 0 1242 9404512 2022121610
0.00 0 0 0 1242 9404512 2022121610
0.00 0 0 0 1242 9404512 2022121610
0.00 0 0 0 1242 9404512 2022121610
0.00 0 0 0 1242 9404512 2022121610
0.00 0 0 0 1242 9404512 2022121610
0.00 0 0 0 1242 9404512 2022121610
0.00 0 0 0 1242 9404512 2022121610
0.00 0 0 0 1242 9404512 2022121610
0.00 0 0 0 1242 9404512 2022121610
0.00 0 0 0 1242 9404512 2022121610
0.00 0 0 0 1242 9404512 2022121610
0.00 0 0 0 1242 9404512 2022121610
0.00 0 0 0 1242 9404512 2022121610
0.00 0 0 0 1242 9404512 2022121610
0.00 0 0 0 1242 9404512 2022121610
0.00 0 0 0 1242 9404512 2022121610
0.00 0 0 0 1242 9404512 2022121610
0.00 0 0 0 1242 9404512 2022121610
0.00 0 0 0 1242 9404512 2022121610
0.00 0 0 0 1242 9404512 2022121610
0.00 0 0 0 1242 9404512 2022121610
0.00 0 0 0 1242 9404512 2022121610
0.00 0 0 0 1242 9404512 2022121610
0.00 0 0 0 1242 9404512 2022121610
0.00 0 0 0 1242 9404512 2022121610
0.00 0 0 0 1242 9404512 2022121610
0.00 0 0 0 1242 9404512 2022121610
145 14 0 0 1243 9070890 2022121610
0.00 0 0 0 1701 9070890 2022121610
0.00 0 0 0 1701 9070890 2022121610
0.00 0 0 0 1701 9070890 2022121610
10.5 1 0 0 1701 10766806 2022121610
0.00 0 0 0 1701 10766806 2022121610
0.00 0 0 0 1701 10766806 2022121610
0.00 0 0 0 1701 10766806 2022121610
0.00 0 0 0 1701 10766806 2022121610
0.00 0 0 0 1701 10766806 2022121610
0.00 0 0 0 1701 10766806 2022121610
0.00 0 0 0 1701 10766806 2022121610
0.00 0 0 0 1701 10766806 2022121610
0.00 0 0 0 1701 10766806 2022121610
0.00 0 0 0 1701 10766806 2022121610
0.00 0 0 0 1701 10766806 2022121610
0.00 0 0 0 1701 10766806 2022121610
0.00 0 0 0 1701 10766806 2022121610
0.00 0 0 0 1701 10766806 2022121610
0.00 0 0 0 1701 10766806 2022121610
0.00 0 0 0 1701 10766806 2022121610
0.00 0 0 0 1701 10766806 2022121610
0.00 0 0 0 1701 10766806 2022121610
0.00 0 0 0 1701 10766806 2022121610
0.00 0 0 0 1701 10766806 2022121610
0.00 0 0 0 1701 10766806 2022121610
0.00 0 0 0 1701 10766806 2022121610
0.00 0 0 0 1701 10766806 2022121610
0.00 0 0 0 1701 10766806 2022121610
0.00 0 0 0 1701 10766806 2022121610
0.00 0 0 0 1701 10766806 2022121610
0.00 0 0 0 1701 10766806 2022121610
0.00 0 0 0 1701 10766806 2022121610
0.00 0 0 0 1701 10766806 2022121610
0.00 0 0 0 1701 10766806 2022121610
0.00 0 0 0 1701 10766806 2022121610
0.00 0 0 0 1701 10766806 2022121610
0.00 0 0 0 1701 10766806 2022121610
0.00 0 0 0 1701 10766806 2022121610
0.00 0 0 0 1701 10766806 2022121610
0.00 0 0 0 1701 10766806 2022121610
0.00 0 0 0 1701 10766806 2022121610
0.00 0 0 0 1701 10766806 2022121610
0.00 0 0 0 1701 10766806 2022121610
0.00 0 0 0 1701 10766806 2022121610
0.00 0 0 0 1701 10766806 2022121610
0.00 0 0 0 1701 10766806 2022121610
0.00 0 0 0 1701 10766806 2022121610
0.00 0 0 0 1701 10766806 2022121610
0.00 0 0 0 1701 10766806 2022121610
0.00 0 0 0 1701 10766806 2022121610
0.00 0 0 0 1701 10766806 2022121610
0.00 0 0 0 1701 10766806 2022121610
0.00 0 0 0 1701 10766806 2022121610
0.00 0 0 0 1701 10766806 2022121610
0.00 0 0 0 1701 10766806 2022121610
0.00 0 0 0 1701 10766806 2022121610
0.00 0 0 0 1701 10766806 2022121610
0.00 0 0 0 1701 10766806 2022121610
0.00 0 0 0 1701 10766806 2022121610
0.00 0 0 0 1701 10766806 2022121610
0.00 0 0 0 1701 10766806 2022121610
0.00 0 0 0 1701 10766806 2022121610
0.00 0 0 0 1701 10766806 2022121610
0.00 0 0 0 1701 10766806 2022121610
0.00 0 0 0 1701 10766806 2022121610
0.00 0 0 0 1701 10766806 2022121610
0.00 0 0 0 1701 10766806 2022121610
0.00 0 0 0 1701 10766806 2022121610
0.00 0 0 0 1701 10766806 2022121610
0.00 0 0 0 1701 10766806 2022121610
0.00 0 0 0 1701 10766806 2022121610
0.00 0 0 0 1701 10766806 2022121610
0.00 0 0 0 1701 10766806 2022121610
0.00 0 0 0 1701 10766806 2022121610
0.00 0 0 0 1701 10766806 2022121610
0.00 0 0 0 1701 10766806 2022121610
0.00 0 0 0 1701 10766806 2022121610
0.00 0 0 0 1701 10766806 2022121610
0.00 0 0 0 1701 10766806 2022121610
0.00 0 0 0 1701 10766806 2022121610
0.00 0 0 0 1701 10766806 2022121610
0.00 0 0 0 1701 10766806 2022121610
0.00 0 0 0 1701 10766806 2022121610
0.00 0 0 0 1701 10766806 2022121610
0.00 0 0 0 1701 10766806 2022121610
0.00 0 0 0 1701 10766806 2022121610
0.00 0 0 0 1701 10766806 2022121610
0.00 0 0 0 1701 10766806 2022121610
0.00 0 0 0 1701 10766806 2022121610
0.00 0 0 0 1701 10766806 2022121610
0.00 0 0 0 1701 10766806 2022121610
0.00 0 0 0 1701 10766806 2022121610
0.00 0 0 0 1701 10766806 2022121610
0.00 0 0 0 1701 10766806 2022121610
0.00 0 0 0 1701 10766806 2022121610
0.00 0 0 0 1701 10766806 2022121610
0.00 0 0 0 1701 10766806 2022121610
0.00 0 0 0 1701 10766806 2022121610
0.00 0 0 0 1701 10766806 2022121610
0.00 0 0 0 1701 10766806 2022121610
0.00 0 0 0 1701 10766806 2022121610
0.00 0 0 0 1701 10766806 2022121610
0.00 0 0 0 1701 10766806 2022121610
0.00 0 0 0 1701 10766806 2022121610
0.00 0 0 0 1701 10766806 2022121610
0.00 0 0 0 1701 10766806 2022121610
0.00 0 0 0 1701 10766806 2022121610
0.00 0 0 0 1701 10766806 2022121610
231 22 0 235 1085 121952 2022121610
0.00 0 0 0 1085 121952 2022121610
0.00 0 0 0 1085 121952 2022121610
0.00 0 0 0 1085 118463 2022121610
0.00 0 0 0 1085 118463 2022121610
0.00 0 0 0 1085 118463 2022121610
0.00 0 0 0 1085 118463 2022121610
0.00 0 0 0 1085 118463 2022121610
0.00 0 0 0 1085 118463 2022121610
0.00 0 0 0 1085 118463 2022121610
0.00 0 0 0 1085 118463 2022121610
0.00 0 0 0 1085 118463 2022121610
0.00 0 0 0 1085 118463 2022121610
0.00 0 0 0 1085 118463 2022121610
0.00 0 0 0 1085 118463 2022121610
0.00 0 0 0 1085 118463 2022121610
0.00 0 0 0 1085 118463 2022121610
0.00 0 0 0 1085 118463 2022121610
0.00 0 0 0 1085 118463 2022121610
0.00 0 0 0 1085 118463 2022121610
0.00 0 0 0 1085 118463 2022121610
0.00 0 0 0 1085 118463 2022121610
0.00 0 0 0 1085 118463 2022121610
0.00 0 0 0 1085 118463 2022121610
0.00 0 0 0 1085 118463 2022121610
0.00 0 0 0 1085 118463 2022121610
0.00 0 0 0 1085 118463 2022121610
0.00 0 0 0 1085 118463 2022121610
0.00 0 0 0 1085 118463 2022121610
0.00 0 0 0 1085 118463 2022121610
0.00 0 0 0 1085 118463 2022121610
0.00 0 0 0 1085 118463 2022121610
0.00 0 0 0 1085 118463 2022121610
0.00 0 0 0 1085 118463 2022121610
0.00 0 0 0 1085 118463 2022121610
0.00 0 0 0 1085 118463 2022121610
0.00 0 0 0 1085 118463 2022121610
0.00 0 0 0 1085 118463 2022121610
0.00 0 0 0 1085 118463 2022121610
0.00 0 0 0 1085 118463 2022121610
0.00 0 0 0 1085 118463 2022121610
0.00 0 0 0 1085 118463 2022121610
0.00 0 0 0 1085 118463 2022121610
0.00 0 0 0 1085 118463 2022121610
0.00 0 0 0 1085 118463 2022121610
0.00 0 0 0 1085 118463 2022121610
0.00 0 0 0 1085 118463 2022121610
0.00 0 0 0 1085 118463 2022121610
0.00 0 0 0 1085 118463 2022121610
0.00 0 0 0 1085 118463 2022121610
0.00 0 0 0 1085 118463 2022121610
0.00 0 0 0 1085 118463 2022121610
0.00 0 0 0 1085 118463 2022121610
0.00 0 0 0 1085 118463 2022121610
0.00 0 0 0 1085 118463 2022121610
0.00 0 0 0 1085 118463 2022121610
0.00 0 0 0 1085 118463 2022121610
0.00 0 0 0 1085 118463 2022121610
0.00 0 0 0 1085 118463 2022121610
0.00 0 0 0 1085 118463 2022121610
0.00 0 0 0 1085 118463 2022121610
0.00 0 0 0 1085 118463 2022121610
0.00 0 0 0 1085 118463 2022121610
0.00 0 0 0 1085 118463 2022121610
0.00 0 0 0 1085 118463 2022121610
0.00 0 0 0 1085 118463 2022121610
0.00 0 0 0 1085 118463 2022121610
0.00 0 0 0 1085 118463 2022121610
0.00 0 0 0 1085 118463 2022121610
0.00 0 0 0 1085 118463 2022121610
0.00 0 0 0 1085 118463 2022121610
0.00 0 0 0 1085 118463 2022121610
0.00 0 0 0 1085 118463 2022121610
0.00 0 0 0 1085 118463 2022121610
0.00 0 0 0 1085 118463 2022121610
0.00 0 0 0 1085 118463 2022121610
0.00 0 0 0 1085 118463 2022121610
0.00 0 0 0 1085 118463 2022121610
0.00 0 0 0 1085 118463 2022121610
0.00 0 0 0 1085 118463 2022121610
0.00 0 0 0 1085 118463 2022121610
0.00 0 0 0 1085 118463 2022121610
0.00 0 0 0 1085 118463 2022121610
0.00 0 0 0 1085 118463 2022121610
0.00 0 0 0 1085 118463 2022121610
0.00 0 0 0 1085 118463 2022121610
0.00 0 0 0 1085 118463 2022121610
0.00 0 0 0 1085 118463 2022121610
0.00 0 0 0 1085 118463 2022121610
0.00 0 0 0 1085 118463 2022121610
0.00 0 0 0 1085 118463 2022121610
0.00 0 0 0 1085 118463 2022121610
0.00 0 0 0 1085 118463 2022121610
0.00 0 0 0 1085 118463 2022121610
0.00 0 0 0 1085 118463 2022121610
0.00 0 0 0 1085 118463 2022121610
0.00 0 0 0 1085 118463 2022121610
0.00 0 0 0 1085 118463 2022121610
0.00 0 0 0 1085 118463 2022121610
0.00 0 0 0 1085 118463 2022121610
0.00 0 0 0 1085 118463 2022121610
0.00 0 0 0 1085 118463 2022121610
0.00 0 0 0 1085 118463 2022121610
0.00 0 0 0 1085 118463 2022121610
0.00 0 0 0 1085 118463 2022121610
0.00 0 0 0 1085 118463 2022121610
0.00 0 0 0 1085 118463 2022121610
0.00 0 0 0 1085 118463 2022121610
0.00 0 0 0 1085 118463 2022121610
0.00 0 0 0 1085 118463 2022121610
0.00 0 0 0 1085 118463 2022121610
0.00 0 0 0 1085 118463 2022121610
0.00 0 0 0 1085 118463 2022121610
0.00 0 0 0 1085 118463 2022121610
0.00 0 0 0 1085 118463 2022121610
89.8 9 0 0 1085 118463 2022121610
0.00 0 0 0 1085 118463 2022121610
46.8 5 0 0 1085 118463 2022121610
26.0 3 0 0 1085 118463 2022121610
83.1 8 0 0 1085 118463 2022121610
77.9 8 0 0 1085 118463 2022121610
5.20 1 0 0 1085 118463 2022121610
109 11 0 0 1085 118463 2022121610
36.4 4 0 0 1085 118463 2022121610
20.8 2 0 0 1085 118463 2022121610
62.4 6 0 0 1085 118463 2022121610
62.4 6 0 0 1085 118463 2022121610
62.4 6 0 0 1085 118463 2022121610
36.4 4 0 0 1085 118463 2022121610
62.4 6 0 0 1085 118463 2022121610
57.2 6 0 0 1085 118463 2022121610
36.4 4 0 0 1085 118463 2022121610
57.2 6 0 0 1085 118463 2022121610
41.6 4 0 0 1085 118463 2022121610
98.7 10 0 0 1085 118463 2022121610
41.6 4 0 0 1085 118463 2022121610
41.6 4 0 0 1085 118463 2022121610
57.2 6 0 0 1085 118463 2022121610
83.1 8 0 0 1085 118463 2022121610
62.4 6 0 0 1085 118463 2022121610
41.6 4 0 0 1085 118463 2022121610
46.8 5 0 0 1085 118463 2022121610
104 11 0 0 1085 118463 2022121610
46.8 5 0 0 1085 118463 2022121610
41.6 4 0 0 1085 118463 2022121610
57.2 6 0 0 1085 118463 2022121610
93.5 9 0 0 1085 118463 2022121610
62.4 6 0 0 1085 118463 2022121610
46.8 5 0 0 1085 118463 2022121610
46.8 5 0 0 1085 118463 2022121610
109 11 0 0 1085 118463 2022121610
52.0 5 0 0 1085 118463 2022121610
62.4 6 0 0 1085 118463 2022121610
46.8 5 0 0 1085 118463 2022121610
114 11 0 0 1085 118463 2022121610
52.0 5 0 0 1085 118463 2022121610
46.8 5 0 0 1085 118463 2022121610
67.6 7 0 0 1085 118463 2022121610
98.7 10 0 0 1085 118463 2022121610
67.6 7 0 0 1085 118463 2022121610
46.8 5 0 0 1085 118463 2022121610
52.0 5 0 0 1085 118463 2022121610
114 12 0 0 1085 118463 2022121610
57.2 6 0 0 1085 118463 2022121610
62.4 6 0 0 1085 118463 2022121610
46.8 5 0 0 1086 114061 2022121610
109 11 0 0 1086 114061 2022121610
62.4 6 0 0 1086 114061 2022121610
57.2 6 0 0 1086 114061 2022121610
46.8 5 0 0 1086 114061 2022121610
120 12 0 0 1086 114061 2022121610
52.0 5 0 0 1086 114061 2022121610
67.6 7 0 0 1086 114061 2022121610
52.0 5 0 0 1086 114061 2022121610
125 12 0 0 1086 114061 2022121610
52.0 5 0 0 1086 114061 2022121610
52.0 5 0 0 1086 114061 2022121610
67.6 7 0 0 1086 114061 2022121610
104 10 0 0 1086 114061 2022121610
72.7 7 0 0 1086 114061 2022121610
52.0 5 0 0 1086 114061 2022121610
52.0 5 0 0 1086 114061 2022121610
125 13 0 0 1086 114061 2022121610
52.0 5 0 0 1086 114061 2022121610
67.6 7 0 0 1086 114061 2022121610
52.0 5 0 0 1086 114061 2022121610
125 13 0 0 1086 114061 2022121610
52.0 5 0 0 1086 114061 2022121610
57.2 6 0 0 1086 114061 2022121610
52.0 5 0 0 1086 114061 2022121610
120 12 0 0 1086 114061 2022121610
57.2 6 0 0 1086 114061 2022121610
67.6 7 0 0 1086 114061 2022121610
0.00 0 0 0 1086 114061 2022121610
109 11 0 0 1086 114061 2022121610
73.4 7 0 0 1086 114061 2022121610
108 11 0 0 1086 114061 2022121610
0.00 0 0 0 1086 114061 2022121610
88.3 9 0 0 1086 114061 2022121610
72.7 7 0 0 1086 114061 2022121610
109 11 0 0 1086 114061 2022121610
67.6 7 0 0 1086 114061 2022121610
46.8 5 0 0 1086 114061 2022121610
62.4 6 0 0 1086 114061 2022121610
114 11 0 0 1086 114061 2022121610
62.4 6 0 0 1086 114061 2022121610
72.7 7 0 0 1086 114061 2022121610
41.6 4 0 0 1086 114061 2022121610
135 13 0 0 1086 114061 2022121610
41.6 4 0 0 1086 114061 2022121610
62.4 6 0 0 1086 114061 2022121610
67.6 7 0 0 1086 114061 2022121610
109 11 0 0 1086 114061 2022121610
67.6 7 0 0 1086 114061 2022121610
46.8 5 0 0 1086 114061 2022121610
67.6 7 0 0 1086 114061 2022121610
109 11 0 0 1086 114061 2022121610
62.4 6 0 0 1086 114061 2022121610
17.0 1019 2 530 1086 114061 2022121610
