13.7 2 0 0 27 118838 2022121602
0.00 0 1 0 55 124611 2022121602
10.4 1 0 0 107 119918 2022121602
18.2 2 0 0 215 118712 2022121602
57.2 6 0 0 402 117007 2022121602
21.0 2 0 0 441 115816 2022121602
125 13 0 0 772 118717 2022121602
120 12 0 0 805 117016 2022121602
52.0 5 0 0 820 117990 2022121602
98.7 10 0 0 881 117278 2022121602
36.4 4 0 0 889 117923 2022121602
41.6 4 0 0 916 119219 2022121602
62.4 6 0 0 954 116875 2022121602
83.1 9 0 0 1010 118740 2022121602
62.4 6 0 0 1047 117355 2022121602
46.8 5 0 0 1100 117630 2022121602
52.0 5 0 0 1133 117890 2022121602
120 12 0 0 1212 117875 2022121602
57.2 6 0 0 1212 117875 2022121602
72.7 7 0 0 1272 117593 2022121602
62.4 6 0 0 1272 116953 2022121602
120 12 0 10 67 119217 2022121602
5.20 1 0 0 910 117418 2022121602
62.4 6 0 0 926 116898 2022121602
0.00 0 1 0 934 116706 2022121602
104 10 0 0 959 117321 2022121602
41.6 4 0 0 967 119068 2022121602
67.6 7 0 0 973 117507 2022121602
46.8 5 0 0 985 118043 2022121602
109 11 0 0 1006 117758 2022121602
52.0 5 0 0 1014 117836 2022121602
46.8 5 0 0 1021 119198 2022121602
67.6 7 0 0 1032 117838 2022121602
93.5 9 0 0 1046 119239 2022121602
72.7 7 0 0 1056 117808 2022121602
52.0 5 0 0 1063 117869 2022121602
46.8 5 0 0 1070 118915 2022121602
120 12 0 0 1085 117686 2022121602
57.2 6 0 0 1090 118882 2022121602
67.6 7 0 0 1098 117010 2022121602
52.0 5 0 0 1105 118343 2022121602
57.2 6 0 0 1116 117715 2022121602
93.5 9 0 0 1121 117197 2022121602
114 12 0 0 1136 119428 2022121602
0.00 0 0 0 1136 119428 2022121602
135 13 0 0 1152 117402 2022121602
0.00 0 0 0 1152 117402 2022121602
93.5 9 0 0 1165 118026 2022121602
0.00 0 0 0 1165 118026 2022121602
151 15 0 0 1173 117793 2022121602
93.5 9 0 0 1183 117047 2022121602
130 13 0 0 1196 460175 2022121602
0.00 0 0 0 1217 460175 2022121602
0.00 0 0 0 1217 460175 2022121602
241 23 0 0 1217 460175 2022121602
0.00 0 0 0 1217 460175 2022121602
0.00 0 0 0 1217 460175 2022121602
0.00 0 0 0 1217 460175 2022121602
0.00 0 0 0 1217 460175 2022121602
70.6 7 0 0 1231 119213 2022121602
0.00 0 0 0 1231 119213 2022121602
0.00 0 0 0 1231 119213 2022121602
125 12 0 0 1242 10414009 2022121602
0.00 0 0 0 1450 10414009 2022121602
0.00 0 0 0 1450 10414009 2022121602
105 10 0 0 1450 10777361 2022121602
0.00 0 0 0 1450 10777361 2022121602
0.00 0 0 0 1450 10777361 2022121602
0.00 0 0 0 1450 10777361 2022121602
0.00 0 0 0 1450 10777361 2022121602
0.00 0 0 0 1450 10777361 2022121602
0.00 0 0 0 1450 10777361 2022121602
0.00 0 0 0 1450 10777361 2022121602
0.00 0 0 0 1450 10777361 2022121602
0.00 0 0 0 1450 10777361 2022121602
0.00 0 0 0 1450 10777361 2022121602
0.00 0 0 0 1450 10777361 2022121602
0.00 0 0 0 1450 10777361 2022121602
0.00 0 0 0 1450 10777361 2022121602
0.00 0 0 0 1450 10777361 2022121602
0.00 0 0 0 1450 10777361 2022121602
0.00 0 0 0 1450 10777361 2022121602
0.00 0 0 0 1450 10777361 2022121602
0.00 0 0 0 1450 10777361 2022121602
0.00 0 0 0 1450 10777361 2022121602
0.00 0 0 0 1450 10777361 2022121602
0.00 0 0 0 1450 10777361 2022121602
0.00 0 0 0 1450 10777361 2022121602
0.00 0 0 0 1450 10777361 2022121602
0.00 0 0 0 1450 10777361 2022121602
0.00 0 0 0 1450 10777361 2022121602
0.00 0 0 0 1450 10777361 2022121602
0.00 0 0 0 1450 10777361 2022121602
0.00 0 0 0 1450 10777361 2022121602
0.00 0 0 0 1450 10777361 2022121602
0.00 0 0 0 1450 10777361 2022121602
0.00 0 0 0 1450 10777361 2022121602
0.00 0 0 0 1450 10777361 2022121602
0.00 0 0 0 1450 10777361 2022121602
0.00 0 0 0 1450 10777361 2022121602
0.00 0 0 0 1450 10777361 2022121602
0.00 0 0 0 1450 10777361 2022121602
0.00 0 0 0 1450 10777361 2022121602
0.00 0 0 0 1450 10777361 2022121602
0.00 0 0 0 1450 10777361 2022121602
0.00 0 0 0 1450 10777361 2022121602
0.00 0 0 0 1450 10777361 2022121602
0.00 0 0 0 1450 10777361 2022121602
0.00 0 0 0 1450 10777361 2022121602
0.00 0 0 0 1450 10777361 2022121602
0.00 0 0 0 1450 10777361 2022121602
0.00 0 0 0 1450 10777361 2022121602
0.00 0 0 0 1450 10777361 2022121602
0.00 0 0 0 1450 10777361 2022121602
0.00 0 0 0 1450 10777361 2022121602
0.00 0 0 0 1450 10777361 2022121602
0.00 0 0 0 1450 10777361 2022121602
0.00 0 0 0 1450 10777361 2022121602
0.00 0 0 0 1450 10777361 2022121602
0.00 0 0 0 1450 10777361 2022121602
0.00 0 0 0 1450 10777361 2022121602
0.00 0 0 0 1450 10777361 2022121602
0.00 0 0 0 1450 10777361 2022121602
0.00 0 0 0 1450 10777361 2022121602
0.00 0 0 0 1450 10777361 2022121602
0.00 0 0 0 1450 10777361 2022121602
0.00 0 0 0 1450 10777361 2022121602
0.00 0 0 0 1450 10777361 2022121602
0.00 0 0 0 1450 10777361 2022121602
0.00 0 0 0 1450 10777361 2022121602
0.00 0 0 0 1450 10777361 2022121602
0.00 0 0 0 1450 10777361 2022121602
0.00 0 0 0 1450 10777361 2022121602
0.00 0 0 0 1450 10777361 2022121602
0.00 0 0 0 1450 10777361 2022121602
0.00 0 0 0 1450 10777361 2022121602
0.00 0 0 0 1450 10777361 2022121602
0.00 0 0 0 1450 10777361 2022121602
0.00 0 0 0 1450 10777361 2022121602
0.00 0 0 0 1450 10777361 2022121602
0.00 0 0 0 1450 10777361 2022121602
0.00 0 0 0 1450 10777361 2022121602
0.00 0 0 0 1450 10777361 2022121602
0.00 0 0 0 1450 10777361 2022121602
0.00 0 0 0 1450 10777361 2022121602
0.00 0 0 0 1450 10777361 2022121602
0.00 0 0 0 1450 10777361 2022121602
0.00 0 0 0 1450 10777361 2022121602
0.00 0 0 0 1450 10777361 2022121602
0.00 0 0 0 1450 10777361 2022121602
0.00 0 0 0 1450 10777361 2022121602
0.00 0 0 0 1450 10777361 2022121602
0.00 0 0 0 1450 10777361 2022121602
0.00 0 0 0 1450 10777361 2022121602
0.00 0 0 0 1450 10777361 2022121602
0.00 0 0 0 1450 10777361 2022121602
0.00 0 0 0 1450 10777361 2022121602
0.00 0 0 0 1450 10777361 2022121602
0.00 0 0 0 1450 10777361 2022121602
0.00 0 0 0 1450 10777361 2022121602
0.00 0 0 0 1450 10777361 2022121602
0.00 0 0 0 1450 10777361 2022121602
0.00 0 0 0 1450 10777361 2022121602
0.00 0 0 0 1450 10777361 2022121602
0.00 0 0 0 1450 10777361 2022121602
0.00 0 0 0 1450 10777361 2022121602
0.00 0 0 0 1450 10777361 2022121602
0.00 0 0 0 1450 10777361 2022121602
0.00 0 0 0 1450 10777361 2022121602
0.00 0 0 0 1450 10777361 2022121602
0.00 0 0 0 1450 10777361 2022121602
0.00 0 0 0 1450 10777361 2022121602
0.00 0 0 0 1450 10777361 2022121602
0.00 0 0 0 1450 10777361 2022121602
0.00 0 0 0 1450 10777361 2022121602
168 16 0 0 1450 10777361 2022121602
0.00 0 0 0 1450 10777361 2022121602
0.00 0 0 0 1450 10777361 2022121602
0.00 0 0 0 1450 10777361 2022121602
0.00 0 0 0 1450 10777361 2022121602
0.00 0 0 0 1450 10777361 2022121602
0.00 0 0 0 1450 10777361 2022121602
0.00 0 0 0 1450 10777361 2022121602
0.00 0 0 0 1450 10777361 2022121602
0.00 0 0 0 1450 10777361 2022121602
0.00 0 0 0 1450 10777361 2022121602
0.00 0 0 0 1450 10777361 2022121602
0.00 0 0 0 1450 10777361 2022121602
0.00 0 0 0 1450 10777361 2022121602
0.00 0 0 0 1450 10777361 2022121602
0.00 0 0 0 1450 10777361 2022121602
0.00 0 0 0 1450 10777361 2022121602
0.00 0 0 0 1450 10777361 2022121602
0.00 0 0 0 1450 10777361 2022121602
0.00 0 0 0 1450 10777361 2022121602
0.00 0 0 0 1450 10777361 2022121602
0.00 0 0 0 1450 10777361 2022121602
0.00 0 0 0 1450 10777361 2022121602
0.00 0 0 0 1450 10777361 2022121602
0.00 0 0 0 1450 10777361 2022121602
0.00 0 0 0 1450 10777361 2022121602
0.00 0 0 0 1450 10777361 2022121602
0.00 0 0 0 1450 10777361 2022121602
0.00 0 0 0 1450 10777361 2022121602
0.00 0 0 0 1450 10777361 2022121602
0.00 0 0 0 1450 10777361 2022121602
0.00 0 0 0 1450 10777361 2022121602
0.00 0 0 0 1450 10777361 2022121602
0.00 0 0 0 1450 10777361 2022121602
0.00 0 0 0 1450 10777361 2022121602
0.00 0 0 0 1450 10777361 2022121602
0.00 0 0 0 1450 10777361 2022121602
0.00 0 0 0 1450 10777361 2022121602
0.00 0 0 0 1450 10777361 2022121602
0.00 0 0 0 1450 10777361 2022121602
0.00 0 0 0 1450 10777361 2022121602
0.00 0 0 0 1450 10777361 2022121602
0.00 0 0 0 1450 10777361 2022121602
0.00 0 0 0 1450 10777361 2022121602
0.00 0 0 0 1450 10777361 2022121602
0.00 0 0 0 1450 10777361 2022121602
0.00 0 0 0 1450 10777361 2022121602
0.00 0 0 0 1450 10777361 2022121602
0.00 0 0 0 1450 10777361 2022121602
0.00 0 0 0 1450 10777361 2022121602
0.00 0 0 0 1450 10777361 2022121602
0.00 0 0 0 1450 10777361 2022121602
0.00 0 0 0 1450 10777361 2022121602
0.00 0 0 0 1450 10777361 2022121602
0.00 0 0 0 1450 10777361 2022121602
0.00 0 0 0 1450 10777361 2022121602
0.00 0 0 0 1450 10777361 2022121602
0.00 0 0 0 1450 10777361 2022121602
0.00 0 0 0 1450 10777361 2022121602
0.00 0 0 0 1450 10777361 2022121602
0.00 0 0 0 1450 10777361 2022121602
0.00 0 0 0 1450 10777361 2022121602
0.00 0 0 0 1450 10777361 2022121602
0.00 0 0 0 1450 10777361 2022121602
0.00 0 0 0 1450 10777361 2022121602
0.00 0 0 0 1450 10777361 2022121602
0.00 0 0 0 1450 10777361 2022121602
0.00 0 0 0 1450 10777361 2022121602
0.00 0 0 0 1450 10777361 2022121602
0.00 0 0 0 1450 10777361 2022121602
0.00 0 0 0 1450 10777361 2022121602
0.00 0 0 0 1450 10777361 2022121602
0.00 0 0 0 1450 10777361 2022121602
0.00 0 0 0 1450 10777361 2022121602
0.00 0 0 0 1450 10777361 2022121602
0.00 0 0 0 1450 10777361 2022121602
0.00 0 0 0 1450 10777361 2022121602
0.00 0 0 0 1450 10777361 2022121602
0.00 0 0 0 1450 10777361 2022121602
0.00 0 0 0 1450 10777361 2022121602
0.00 0 0 0 1450 10777361 2022121602
0.00 0 0 0 1450 10777361 2022121602
0.00 0 0 0 1450 10777361 2022121602
0.00 0 0 0 1450 10777361 2022121602
0.00 0 0 0 1450 10777361 2022121602
0.00 0 0 0 1450 10777361 2022121602
0.00 0 0 0 1450 10777361 2022121602
0.00 0 0 0 1450 10777361 2022121602
0.00 0 0 0 1450 10777361 2022121602
0.00 0 0 0 1450 10777361 2022121602
0.00 0 0 0 1450 10777361 2022121602
0.00 0 0 0 1450 10777361 2022121602
0.00 0 0 0 1450 10777361 2022121602
0.00 0 0 0 1450 10777361 2022121602
0.00 0 0 0 1450 10777361 2022121602
0.00 0 0 0 1450 10777361 2022121602
0.00 0 0 0 1450 10777361 2022121602
0.00 0 0 0 1450 10777361 2022121602
0.00 0 0 0 1450 10777361 2022121602
0.00 0 0 0 1450 10777361 2022121602
0.00 0 0 0 1450 10777361 2022121602
0.00 0 0 0 1450 10777361 2022121602
0.00 0 0 0 1450 10777361 2022121602
0.00 0 0 0 1450 10777361 2022121602
0.00 0 0 0 1450 10777361 2022121602
0.00 0 0 0 1450 10777361 2022121602
0.00 0 0 0 1450 10777361 2022121602
0.00 0 0 0 1450 10777361 2022121602
0.00 0 0 0 1450 10777361 2022121602
0.00 0 0 0 1450 10777361 2022121602
0.00 0 0 0 1450 10777361 2022121602
0.00 0 0 0 1450 10777361 2022121602
0.00 0 0 0 1450 10777361 2022121602
0.00 0 0 0 1450 10777361 2022121602
0.00 0 0 0 1450 10777361 2022121602
0.00 0 0 0 1450 10777361 2022121602
0.00 0 0 0 1450 10777361 2022121602
0.00 0 0 0 1450 10777361 2022121602
0.00 0 0 0 1450 10777361 2022121602
0.00 0 0 0 1450 10777361 2022121602
39.1 4 0 0 1450 265535 2022121602
5.20 1 1 14 963 117147 2022121602
36.4 4 0 44 117 118015 2022121602
36.4 4 0 0 1067 119949 2022121602
10.4 1 0 0 1130 117190 2022121602
171 17 0 0 1158 117229 2022121602
52.0 5 0 0 1167 117223 2022121602
46.8 5 0 0 1174 119083 2022121602
88.3 9 0 0 1191 117647 2022121602
98.7 10 0 0 1214 117242 2022121602
0.00 0 0 0 1214 117242 2022121602
98.7 10 0 0 38 119029 2022121602
0.00 0 0 0 26 119029 2022121602
0.00 0 0 0 26 119029 2022121602
0.00 0 0 0 26 119029 2022121602
0.00 0 0 0 26 119029 2022121602
0.00 0 0 0 26 119029 2022121602
0.00 0 0 0 26 119029 2022121602
0.00 0 0 0 26 119029 2022121602
0.00 0 0 0 26 119029 2022121602
0.00 0 0 0 26 119029 2022121602
0.00 0 0 0 26 119029 2022121602
0.00 0 0 0 26 119029 2022121602
0.00 0 0 0 26 119029 2022121602
0.00 0 0 0 26 119029 2022121602
0.00 0 0 0 26 119029 2022121602
0.00 0 0 0 26 119029 2022121602
0.00 0 0 0 26 119029 2022121602
0.00 0 0 0 26 119029 2022121602
0.00 0 0 0 26 119029 2022121602
0.00 0 0 0 26 119029 2022121602
0.00 0 0 0 26 119029 2022121602
0.00 0 0 0 26 119029 2022121602
0.00 0 0 0 26 119029 2022121602
0.00 0 0 0 26 119029 2022121602
0.00 0 0 0 26 119029 2022121602
0.00 0 0 0 26 119029 2022121602
0.00 0 0 0 26 119029 2022121602
0.00 0 0 0 26 119029 2022121602
0.00 0 0 0 26 119029 2022121602
0.00 0 0 0 26 119029 2022121602
0.00 0 0 0 26 119029 2022121602
0.00 0 0 0 26 119029 2022121602
0.00 0 0 0 26 119029 2022121602
0.00 0 0 0 26 119029 2022121602
0.00 0 0 0 26 119029 2022121602
0.00 0 0 0 26 119029 2022121602
0.00 0 0 0 26 119029 2022121602
0.00 0 0 0 26 119029 2022121602
0.00 0 0 0 26 119029 2022121602
0.00 0 0 0 26 119029 2022121602
0.00 0 0 0 26 119029 2022121602
0.00 0 0 0 26 119029 2022121602
0.00 0 0 0 26 119029 2022121602
0.00 0 0 0 26 119029 2022121602
0.00 0 0 0 26 119029 2022121602
0.00 0 0 0 26 119029 2022121602
0.00 0 0 0 26 119029 2022121602
0.00 0 0 0 26 119029 2022121602
0.00 0 0 0 26 119029 2022121602
0.00 0 0 0 26 119029 2022121602
0.00 0 0 0 26 119029 2022121602
0.00 0 0 0 26 119029 2022121602
0.00 0 0 0 26 119029 2022121602
0.00 0 0 0 26 119029 2022121602
0.00 0 0 0 26 119029 2022121602
0.00 0 0 0 26 119029 2022121602
0.00 0 0 0 26 119029 2022121602
0.00 0 0 0 26 119029 2022121602
0.00 0 0 0 26 119029 2022121602
0.00 0 0 0 26 119029 2022121602
0.00 0 0 0 26 119029 2022121602
0.00 0 0 0 26 119029 2022121602
0.00 0 0 0 26 119029 2022121602
0.00 0 0 0 26 119029 2022121602
0.00 0 0 0 26 119029 2022121602
0.00 0 0 0 26 119029 2022121602
0.00 0 0 0 26 119029 2022121602
0.00 0 0 0 26 119029 2022121602
0.00 0 0 0 26 119029 2022121602
0.00 0 0 0 26 119029 2022121602
0.00 0 0 0 26 119029 2022121602
0.00 0 0 0 26 119029 2022121602
0.00 0 0 0 26 119029 2022121602
0.00 0 0 0 26 119029 2022121602
0.00 0 0 0 26 119029 2022121602
0.00 0 0 0 26 119029 2022121602
0.00 0 0 0 26 119029 2022121602
0.00 0 0 0 26 119029 2022121602
0.00 0 0 0 26 119029 2022121602
0.00 0 0 0 26 119029 2022121602
0.00 0 0 0 26 119029 2022121602
0.00 0 0 0 26 119029 2022121602
0.00 0 0 0 26 119029 2022121602
0.00 0 0 0 26 119029 2022121602
0.00 0 0 0 26 119029 2022121602
0.00 0 0 0 26 119029 2022121602
0.00 0 0 0 26 119029 2022121602
0.00 0 0 0 26 119029 2022121602
0.00 0 0 0 26 119029 2022121602
0.00 0 0 0 26 119029 2022121602
0.00 0 0 0 26 119029 2022121602
0.00 0 0 0 26 119029 2022121602
0.00 0 0 0 26 119029 2022121602
0.00 0 0 0 26 119029 2022121602
0.00 0 0 0 26 119029 2022121602
0.00 0 0 0 26 119029 2022121602
10.5 1 0 0 26 119029 2022121602
0.00 0 0 0 26 119029 2022121602
0.00 0 0 0 26 119029 2022121602
0.00 0 0 0 26 119029 2022121602
0.00 0 0 0 26 119029 2022121602
0.00 0 0 0 26 119029 2022121602
0.00 0 0 0 26 119029 2022121602
0.00 0 0 0 26 119029 2022121602
0.00 0 0 0 26 119029 2022121602
0.00 0 0 0 26 119029 2022121602
0.00 0 0 0 26 119029 2022121602
0.00 0 0 0 26 119029 2022121602
0.00 0 0 0 26 119029 2022121602
0.00 0 0 0 26 119029 2022121602
0.00 0 0 0 26 119029 2022121602
0.00 0 0 0 26 119029 2022121602
0.00 0 0 0 26 119029 2022121602
0.00 0 0 0 26 119029 2022121602
0.00 0 0 0 26 119029 2022121602
0.00 0 0 0 26 119029 2022121602
0.00 0 0 0 26 119029 2022121602
0.00 0 0 0 26 119029 2022121602
0.00 0 0 0 26 119029 2022121602
0.00 0 0 0 26 119029 2022121602
0.00 0 0 0 26 119029 2022121602
0.00 0 0 0 26 119029 2022121602
0.00 0 0 0 26 119029 2022121602
0.00 0 0 0 26 119029 2022121602
0.00 0 0 0 26 119029 2022121602
0.00 0 0 0 26 119029 2022121602
0.00 0 0 0 26 119029 2022121602
0.00 0 0 0 26 119029 2022121602
0.00 0 0 0 26 119029 2022121602
0.00 0 0 0 26 119029 2022121602
0.00 0 0 0 26 119029 2022121602
0.00 0 0 0 26 119029 2022121602
0.00 0 0 0 26 119029 2022121602
0.00 0 0 0 26 119029 2022121602
0.00 0 0 0 26 119029 2022121602
0.00 0 0 0 26 119029 2022121602
0.00 0 0 0 26 119029 2022121602
0.00 0 0 0 26 119029 2022121602
0.00 0 0 0 26 119029 2022121602
0.00 0 0 0 26 119029 2022121602
0.00 0 0 0 26 119029 2022121602
0.00 0 0 0 26 119029 2022121602
0.00 0 0 0 26 119029 2022121602
0.00 0 0 0 26 119029 2022121602
0.00 0 0 0 26 119029 2022121602
0.00 0 0 0 26 119029 2022121602
0.00 0 0 0 26 119029 2022121602
0.00 0 0 0 26 119029 2022121602
0.00 0 0 0 26 119029 2022121602
0.00 0 0 0 26 119029 2022121602
0.00 0 0 0 26 119029 2022121602
0.00 0 0 0 26 119029 2022121602
0.00 0 0 0 26 119029 2022121602
0.00 0 0 0 26 119029 2022121602
0.00 0 0 0 26 119029 2022121602
0.00 0 0 0 26 119029 2022121602
0.00 0 0 0 26 119029 2022121602
0.00 0 0 0 26 119029 2022121602
0.00 0 0 0 26 119029 2022121602
0.00 0 0 0 26 119029 2022121602
0.00 0 0 0 26 119029 2022121602
0.00 0 0 0 26 119029 2022121602
0.00 0 0 0 26 119029 2022121602
0.00 0 0 0 26 119029 2022121602
0.00 0 0 0 26 119029 2022121602
0.00 0 0 0 26 119029 2022121602
0.00 0 0 0 26 119029 2022121602
0.00 0 0 0 26 119029 2022121602
0.00 0 0 0 26 119029 2022121602
0.00 0 0 0 26 119029 2022121602
0.00 0 0 0 26 119029 2022121602
0.00 0 0 0 26 119029 2022121602
0.00 0 0 0 26 119029 2022121602
0.00 0 0 0 26 119029 2022121602
0.00 0 0 0 26 119029 2022121602
0.00 0 0 0 26 119029 2022121602
0.00 0 0 0 26 119029 2022121602
0.00 0 0 0 26 119029 2022121602
0.00 0 0 0 26 119029 2022121602
0.00 0 0 0 26 119029 2022121602
0.00 0 0 0 26 119029 2022121602
0.00 0 0 0 26 119029 2022121602
0.00 0 0 0 26 119029 2022121602
0.00 0 0 0 26 119029 2022121602
0.00 0 0 0 26 119029 2022121602
0.00 0 0 0 26 119029 2022121602
0.00 0 0 0 26 119029 2022121602
0.00 0 0 0 26 119029 2022121602
0.00 0 0 0 26 119029 2022121602
0.00 0 0 0 26 119029 2022121602
0.00 0 0 0 26 119029 2022121602
0.00 0 0 0 26 119029 2022121602
0.00 0 0 0 26 119029 2022121602
0.00 0 0 0 26 119029 2022121602
0.00 0 0 0 26 119029 2022121602
0.00 0 0 0 26 119029 2022121602
0.00 0 0 0 26 119029 2022121602
0.00 0 0 0 26 119029 2022121602
0.00 0 0 0 26 119029 2022121602
0.00 0 0 0 26 119029 2022121602
0.00 0 0 0 26 119029 2022121602
0.00 0 0 0 26 119029 2022121602
0.00 0 0 0 26 119029 2022121602
0.00 0 0 0 26 119029 2022121602
0.00 0 0 0 26 119029 2022121602
0.00 0 0 0 26 119029 2022121602
0.00 0 0 0 26 119029 2022121602
0.00 0 0 0 26 119029 2022121602
0.00 0 0 0 26 119029 2022121602
0.00 0 0 0 26 119029 2022121602
0.00 0 0 0 26 119029 2022121602
0.00 0 0 0 26 119029 2022121602
319 31 0 8 900 122389 2022121602
0.00 0 0 0 900 122389 2022121602
0.00 0 0 0 900 122389 2022121602
0.00 0 0 0 900 122389 2022121602
0.00 0 0 0 900 122389 2022121602
0.00 0 0 0 900 122389 2022121602
0.00 0 0 0 900 122389 2022121602
0.00 0 0 0 900 122389 2022121602
0.00 0 0 0 900 122389 2022121602
0.00 0 0 0 900 122389 2022121602
0.00 0 0 0 900 122389 2022121602
0.00 0 0 0 900 122389 2022121602
0.00 0 0 0 900 122389 2022121602
0.00 0 0 0 900 122389 2022121602
0.00 0 0 0 900 122389 2022121602
0.00 0 0 0 900 122389 2022121602
0.00 0 0 0 900 122389 2022121602
0.00 0 0 0 900 122389 2022121602
0.00 0 0 0 900 122389 2022121602
0.00 0 0 0 900 122389 2022121602
0.00 0 0 0 900 122389 2022121602
0.00 0 0 0 900 122389 2022121602
0.00 0 0 0 900 122389 2022121602
0.00 0 0 0 900 122389 2022121602
0.00 0 0 0 900 122389 2022121602
0.00 0 0 0 900 122389 2022121602
0.00 0 0 0 900 122389 2022121602
0.00 0 0 0 900 122389 2022121602
0.00 0 0 0 900 122389 2022121602
0.00 0 0 0 900 122389 2022121602
0.00 0 0 0 900 122389 2022121602
0.00 0 0 0 900 122389 2022121602
0.00 0 0 0 900 122389 2022121602
0.00 0 0 0 900 122389 2022121602
0.00 0 0 0 900 122389 2022121602
0.00 0 0 0 900 122389 2022121602
0.00 0 0 0 900 122389 2022121602
0.00 0 0 0 900 122389 2022121602
0.00 0 0 0 900 122389 2022121602
0.00 0 0 0 900 122389 2022121602
0.00 0 0 0 900 122389 2022121602
0.00 0 0 0 900 122389 2022121602
0.00 0 0 0 900 122389 2022121602
0.00 0 0 0 900 122389 2022121602
0.00 0 0 0 900 122389 2022121602
0.00 0 0 0 900 122389 2022121602
0.00 0 0 0 900 122389 2022121602
0.00 0 0 0 900 122389 2022121602
0.00 0 0 0 900 122389 2022121602
0.00 0 0 0 900 122389 2022121602
0.00 0 0 0 900 122389 2022121602
0.00 0 0 0 900 122389 2022121602
0.00 0 0 0 900 122389 2022121602
0.00 0 0 0 900 122389 2022121602
0.00 0 0 0 900 122389 2022121602
0.00 0 0 0 900 122389 2022121602
0.00 0 0 0 900 122389 2022121602
0.00 0 0 0 900 122389 2022121602
0.00 0 0 0 900 122389 2022121602
0.00 0 0 0 900 122389 2022121602
0.00 0 0 0 900 122389 2022121602
0.00 0 0 0 900 122389 2022121602
0.00 0 0 0 900 122389 2022121602
0.00 0 0 0 900 122389 2022121602
0.00 0 0 0 900 122389 2022121602
0.00 0 0 0 900 122389 2022121602
0.00 0 0 0 900 122389 2022121602
0.00 0 0 0 900 122389 2022121602
0.00 0 0 0 900 122389 2022121602
0.00 0 0 0 900 122389 2022121602
0.00 0 0 0 900 122389 2022121602
0.00 0 0 0 900 122389 2022121602
0.00 0 0 0 900 122389 2022121602
0.00 0 0 0 900 122389 2022121602
0.00 0 0 0 900 122389 2022121602
0.00 0 0 0 900 122389 2022121602
0.00 0 0 0 900 122389 2022121602
0.00 0 0 0 900 122389 2022121602
0.00 0 0 0 900 122389 2022121602
0.00 0 0 0 900 122389 2022121602
0.00 0 0 0 900 122389 2022121602
0.00 0 0 0 900 122389 2022121602
0.00 0 0 0 900 122389 2022121602
0.00 0 0 0 900 122389 2022121602
0.00 0 0 0 900 122389 2022121602
0.00 0 0 0 900 122389 2022121602
0.00 0 0 0 900 122389 2022121602
0.00 0 0 0 900 122389 2022121602
0.00 0 0 0 900 122389 2022121602
0.00 0 0 0 900 122389 2022121602
0.00 0 0 0 900 122389 2022121602
0.00 0 0 0 900 122389 2022121602
0.00 0 0 0 900 122389 2022121602
0.00 0 0 0 900 122389 2022121602
0.00 0 0 0 900 122389 2022121602
0.00 0 0 0 900 122389 2022121602
0.00 0 0 0 900 122389 2022121602
0.00 0 0 0 900 122389 2022121602
0.00 0 0 0 900 122389 2022121602
0.00 0 0 0 900 122389 2022121602
0.00 0 0 0 900 122389 2022121602
0.00 0 0 0 900 122389 2022121602
0.00 0 0 0 900 122389 2022121602
0.00 0 0 0 900 122389 2022121602
0.00 0 0 0 900 122389 2022121602
0.00 0 0 0 900 122389 2022121602
0.00 0 0 0 900 122389 2022121602
0.00 0 0 0 900 122389 2022121602
0.00 0 0 0 900 122389 2022121602
0.00 0 0 0 900 122389 2022121602
0.00 0 0 0 900 122389 2022121602
0.00 0 0 0 900 122389 2022121602
8.06 508 3 76 900 122389 2022121602
 0 1005 119156 2022121602
0.00 0 0 0 1005 119156 2022121602
0.00 0 0 0 1005 119156 2022121602
0.00 0 0 0 1005 119156 2022121602
0.00 0 0 0 1005 119156 2022121602
0.00 0 0 0 1005 119156 2022121602
0.00 0 0 0 1005 119156 2022121602
0.00 0 0 0 1005 119156 2022121602
0.00 0 0 0 1005 119156 2022121602
0.00 0 0 0 1005 119156 2022121602
0.00 0 0 0 1005 119156 2022121602
0.00 0 0 0 1005 119156 2022121602
0.00 0 0 0 1005 119156 2022121602
0.00 0 0 0 1005 119156 2022121602
0.00 0 0 0 1005 119156 2022121602
0.00 0 0 0 1005 119156 2022121602
0.00 0 0 0 1005 119156 2022121602
0.00 0 0 0 1005 119156 2022121602
0.00 0 0 0 1005 119156 2022121602
0.00 0 0 0 1005 119156 2022121602
0.00 0 0 0 1005 119156 2022121602
0.00 0 0 0 1005 119156 2022121602
0.00 0 0 0 1005 119156 2022121602
0.00 0 0 0 1005 119156 2022121602
0.00 0 0 0 1005 119156 2022121602
0.00 0 0 0 1005 119156 2022121602
0.00 0 0 0 1005 119156 2022121602
0.00 0 0 0 1005 119156 2022121602
0.00 0 0 0 1005 119156 2022121602
0.00 0 0 0 1005 119156 2022121602
0.00 0 0 0 1005 119156 2022121602
0.00 0 0 0 1005 119156 2022121602
0.00 0 0 0 1005 119156 2022121602
0.00 0 0 0 1005 119156 2022121602
0.00 0 0 0 1005 119156 2022121602
0.00 0 0 0 1005 119156 2022121602
0.00 0 0 0 1005 119156 2022121602
0.00 0 0 0 1005 119156 2022121602
0.00 0 0 0 1005 119156 2022121602
0.00 0 0 0 1005 119156 2022121602
0.00 0 0 0 1005 119156 2022121602
0.00 0 0 0 1005 119156 2022121602
0.00 0 0 0 1005 119156 2022121602
0.00 0 0 0 1005 119156 2022121602
0.00 0 0 0 1005 119156 2022121602
0.00 0 0 0 1005 119156 2022121602
0.00 0 0 0 1005 119156 2022121602
0.00 0 0 0 1005 119156 2022121602
0.00 0 0 0 1005 119156 2022121602
0.00 0 0 0 1005 119156 2022121602
0.00 0 0 0 1005 119156 2022121602
0.00 0 0 0 1005 119156 2022121602
0.00 0 0 0 1005 119156 2022121602
20.9 1436 5 286 1005 119156 2022121602
