8.47 1 1 0 44 118251 2022121612
5.20 1 0 0 55 119267 2022121612
10.4 1 0 0 110 119677 2022121612
24.7 3 0 0 220 118327 2022121612
26.0 3 0 0 405 117241 2022121612
36.4 4 0 0 499 119357 2022121612
62.4 6 0 0 839 117516 2022121612
203 20 0 0 839 117363 2022121612
0.00 0 0 0 839 117363 2022121612
0.00 0 0 0 839 117363 2022121612
125 12 0 0 907 126257 2022121612
0.00 0 0 0 907 126257 2022121612
0.00 0 0 0 907 126257 2022121612
199 19 0 0 907 229493 2022121612
0.00 0 0 0 907 229493 2022121612
0.00 0 0 0 907 229493 2022121612
0.00 0 0 0 907 229493 2022121612
13.8 2 1 0 907 117921 2022121612
10.4 1 0 0 907 117751 2022121612
31.2 3 0 0 907 117808 2022121612
0.00 0 0 0 907 117808 2022121612
46.8 5 0 0 907 117574 2022121612
46.8 5 0 0 907 117737 2022121612
67.6 7 0 0 907 117402 2022121612
41.6 4 0 0 907 117476 2022121612
36.4 4 0 0 907 117653 2022121612
36.4 4 0 0 907 117322 2022121612
77.9 8 0 0 907 113672 2022121612
36.4 4 0 0 907 113682 2022121612
41.6 4 0 0 907 117281 2022121612
36.4 4 0 0 907 117737 2022121612
77.9 8 0 0 907 117687 2022121612
36.4 4 0 0 907 117899 2022121612
41.6 4 0 0 907 117635 2022121612
36.4 4 0 0 907 117508 2022121612
77.9 8 0 0 907 117510 2022121612
41.6 4 0 0 907 117679 2022121612
36.4 4 0 0 907 117681 2022121612
41.6 4 0 0 907 117553 2022121612
77.9 8 0 0 907 117388 2022121612
41.6 4 0 0 907 117507 2022121612
36.4 4 0 0 907 117399 2022121612
46.8 5 0 0 907 117664 2022121612
93.5 10 0 0 907 117273 2022121612
46.8 5 0 0 907 117477 2022121612
46.8 5 0 0 907 117479 2022121612
41.6 4 0 0 907 121346 2022121612
83.1 8 0 0 907 113472 2022121612
46.8 5 0 0 907 121115 2022121612
41.6 4 0 0 907 117129 2022121612
46.8 5 0 0 907 117221 2022121612
93.5 10 0 0 907 117335 2022121612
41.6 4 0 0 907 117534 2022121612
46.8 5 0 0 907 117150 2022121612
41.6 4 0 0 907 117552 2022121612
88.3 9 0 0 907 117400 2022121612
46.8 5 0 0 907 117527 2022121612
41.6 4 0 0 907 117445 2022121612
41.6 4 0 0 907 117493 2022121612
83.1 8 0 0 907 117582 2022121612
41.6 4 0 0 907 117482 2022121612
52.0 5 0 0 907 117256 2022121612
36.4 4 0 0 907 117535 2022121612
88.3 9 0 0 907 117544 2022121612
41.6 4 0 0 907 117435 2022121612
36.4 4 0 0 907 117586 2022121612
41.6 4 0 0 907 117386 2022121612
72.7 7 0 0 907 113611 2022121612
41.6 4 0 0 907 113552 2022121612
41.6 4 0 0 907 117120 2022121612
41.6 4 0 0 907 117236 2022121612
93.5 10 0 0 907 117428 2022121612
41.6 4 0 0 907 117630 2022121612
41.6 4 0 0 907 117794 2022121612
46.8 5 0 0 907 117204 2022121612
83.1 9 0 0 907 117457 2022121612
41.6 4 0 0 907 117386 2022121612
46.8 5 0 0 907 117508 2022121612
41.6 4 0 0 907 117553 2022121612
72.7 8 0 4 569 118269 2022121612
41.6 4 0 0 81 113273 2022121612
15.6 2 0 0 634 118438 2022121612
52.0 5 0 0 649 117119 2022121612
0.00 0 1 0 656 117793 2022121612
52.0 5 0 0 656 117248 2022121612
41.6 4 0 0 681 117517 2022121612
36.4 4 0 0 681 117319 2022121612
36.4 4 0 0 681 117423 2022121612
31.2 3 0 0 681 117521 2022121612
67.6 7 0 0 681 117283 2022121612
36.4 4 0 0 681 117282 2022121612
26.0 3 0 0 681 113652 2022121612
36.4 4 0 0 681 117302 2022121612
67.6 7 0 0 681 117600 2022121612
26.0 3 0 0 681 117413 2022121612
31.2 3 0 0 681 117532 2022121612
31.2 3 0 0 681 117538 2022121612
47.0 5 0 0 681 121516 2022121612
36.2 4 0 0 681 118283 2022121612
26.0 3 0 0 681 117482 2022121612
26.0 3 0 0 681 117356 2022121612
62.4 6 0 0 681 117391 2022121612
31.2 3 0 0 681 117293 2022121612
10.4 1 0 0 681 117309 2022121612
26.0 3 0 0 681 117530 2022121612
62.4 6 0 0 681 117484 2022121612
26.0 3 0 0 681 117470 2022121612
31.2 3 0 0 681 117407 2022121612
31.2 3 0 0 681 117402 2022121612
46.8 5 0 0 681 117318 2022121612
31.2 3 0 0 681 113217 2022121612
31.2 3 0 0 681 117588 2022121612
26.0 3 0 0 681 117366 2022121612
62.4 6 0 0 681 117354 2022121612
31.2 3 0 0 681 117473 2022121612
31.2 3 0 0 681 117354 2022121612
31.2 3 0 0 681 117934 2022121612
52.0 5 0 0 681 117456 2022121612
31.2 3 0 0 681 117789 2022121612
26.0 3 0 0 681 117312 2022121612
31.2 3 0 0 681 117296 2022121612
62.4 6 0 0 681 117936 2022121612
26.0 3 0 0 681 117689 2022121612
26.0 3 0 0 681 118182 2022121612
41.6 4 0 0 681 117548 2022121612
10.4 1 0 0 681 117501 2022121612
20.8 2 0 0 681 117485 2022121612
46.8 5 0 0 681 121478 2022121612
31.2 3 0 0 681 117664 2022121612
20.8 2 0 0 681 113823 2022121612
31.2 3 0 0 681 117562 2022121612
52.0 6 0 0 681 117331 2022121612
15.6 2 0 0 681 117278 2022121612
31.2 3 0 0 681 117522 2022121612
26.0 3 0 0 681 117618 2022121612
52.0 5 0 0 681 117295 2022121612
26.0 3 0 0 681 117202 2022121612
31.2 3 0 0 681 117382 2022121612
26.0 3 0 0 681 117393 2022121612
62.4 6 0 0 681 117812 2022121612
26.0 3 0 0 681 117173 2022121612
26.0 3 0 0 681 117285 2022121612
36.4 4 0 0 681 117356 2022121612
52.0 5 0 0 681 117090 2022121612
31.2 3 0 0 681 113387 2022121612
31.2 3 0 0 681 117281 2022121612
36.4 4 0 0 681 117504 2022121612
46.8 5 0 0 681 117613 2022121612
0.00 0 0 0 681 117613 2022121612
57.2 6 0 0 681 117167 2022121612
31.2 3 0 0 681 117422 2022121612
31.2 3 0 0 681 118065 2022121612
31.2 3 0 0 805 117372 2022121612
0.00 0 0 0 805 117372 2022121612
0.00 0 0 0 805 117372 2022121612
0.00 0 0 0 805 117372 2022121612
0.00 0 0 0 805 117372 2022121612
0.00 0 0 0 805 117372 2022121612
229 22 0 0 904 146636 2022121612
0.00 0 0 0 907 146636 2022121612
0.00 0 0 0 907 146636 2022121612
0.00 0 0 0 907 146636 2022121612
0.00 0 0 0 907 146636 2022121612
94.4 9 0 0 907 4257470 2022121612
94.4 9 0 0 493 4257470 2022121612
0.00 0 0 0 493 4257470 2022121612
0.00 0 0 0 493 4257470 2022121612
0.00 0 0 0 493 4257470 2022121612
0.00 0 0 0 493 4257470 2022121612
0.00 0 0 0 493 4257470 2022121612
0.00 0 0 0 493 4257470 2022121612
0.00 0 0 0 493 4257470 2022121612
0.00 0 0 0 493 4257470 2022121612
0.00 0 0 0 493 4257470 2022121612
0.00 0 0 0 493 4257470 2022121612
0.00 0 0 0 493 4257470 2022121612
0.00 0 0 0 493 4257470 2022121612
0.00 0 0 0 493 4257470 2022121612
0.00 0 0 0 493 4257470 2022121612
0.00 0 0 0 493 4257470 2022121612
0.00 0 0 0 493 4257470 2022121612
0.00 0 0 0 493 4257470 2022121612
0.00 0 0 0 493 4257470 2022121612
0.00 0 0 0 493 4257470 2022121612
0.00 0 0 0 493 4257470 2022121612
0.00 0 0 0 493 4257470 2022121612
0.00 0 0 0 493 4257470 2022121612
0.00 0 0 0 493 4257470 2022121612
0.00 0 0 0 493 4257470 2022121612
0.00 0 0 0 493 4257470 2022121612
0.00 0 0 0 493 4257470 2022121612
0.00 0 0 0 493 4257470 2022121612
0.00 0 0 0 493 4257470 2022121612
0.00 0 0 0 493 4257470 2022121612
0.00 0 0 0 493 4257470 2022121612
0.00 0 0 0 493 4257470 2022121612
0.00 0 0 0 493 4257470 2022121612
0.00 0 0 0 493 4257470 2022121612
0.00 0 0 0 493 4257470 2022121612
0.00 0 0 0 493 4257470 2022121612
0.00 0 0 0 493 4257470 2022121612
0.00 0 0 0 493 4257470 2022121612
0.00 0 0 0 493 4257470 2022121612
0.00 0 0 0 493 4257470 2022121612
0.00 0 0 0 493 4257470 2022121612
0.00 0 0 0 493 4257470 2022121612
0.00 0 0 0 493 4257470 2022121612
0.00 0 0 0 493 4257470 2022121612
0.00 0 0 0 493 4257470 2022121612
0.00 0 0 0 493 4257470 2022121612
0.00 0 0 0 493 4257470 2022121612
0.00 0 0 0 493 4257470 2022121612
0.00 0 0 0 493 4257470 2022121612
0.00 0 0 0 493 4257470 2022121612
0.00 0 0 0 493 4257470 2022121612
0.00 0 0 0 493 4257470 2022121612
0.00 0 0 0 493 4257470 2022121612
0.00 0 0 0 493 4257470 2022121612
0.00 0 0 0 493 4257470 2022121612
0.00 0 0 0 493 4257470 2022121612
0.00 0 0 0 493 4257470 2022121612
0.00 0 0 0 493 4257470 2022121612
0.00 0 0 0 493 4257470 2022121612
0.00 0 0 0 493 4257470 2022121612
0.00 0 0 0 493 4257470 2022121612
0.00 0 0 0 493 4257470 2022121612
0.00 0 0 0 493 4257470 2022121612
0.00 0 0 0 493 4257470 2022121612
0.00 0 0 0 493 4257470 2022121612
0.00 0 0 0 493 4257470 2022121612
0.00 0 0 0 493 4257470 2022121612
0.00 0 0 0 493 4257470 2022121612
0.00 0 0 0 493 4257470 2022121612
0.00 0 0 0 493 4257470 2022121612
0.00 0 0 0 493 4257470 2022121612
0.00 0 0 0 493 4257470 2022121612
0.00 0 0 0 493 4257470 2022121612
0.00 0 0 0 493 4257470 2022121612
0.00 0 0 0 493 4257470 2022121612
0.00 0 0 0 493 4257470 2022121612
0.00 0 0 0 493 4257470 2022121612
0.00 0 0 0 493 4257470 2022121612
0.00 0 0 0 493 4257470 2022121612
0.00 0 0 0 493 4257470 2022121612
0.00 0 0 0 493 4257470 2022121612
0.00 0 0 0 493 4257470 2022121612
0.00 0 0 0 493 4257470 2022121612
0.00 0 0 0 493 4257470 2022121612
0.00 0 0 0 493 4257470 2022121612
0.00 0 0 0 493 4257470 2022121612
0.00 0 0 0 493 4257470 2022121612
0.00 0 0 0 493 4257470 2022121612
0.00 0 0 0 493 4257470 2022121612
0.00 0 0 0 493 4257470 2022121612
0.00 0 0 0 493 4257470 2022121612
0.00 0 0 0 493 4257470 2022121612
0.00 0 0 0 493 4257470 2022121612
0.00 0 0 0 493 4257470 2022121612
0.00 0 0 0 493 4257470 2022121612
0.00 0 0 0 493 4257470 2022121612
0.00 0 0 0 493 4257470 2022121612
0.00 0 0 0 493 4257470 2022121612
0.00 0 0 0 493 4257470 2022121612
0.00 0 0 0 493 4257470 2022121612
0.00 0 0 0 493 4257470 2022121612
0.00 0 0 0 493 4257470 2022121612
0.00 0 0 0 493 4257470 2022121612
0.00 0 0 0 493 4257470 2022121612
0.00 0 0 0 493 4257470 2022121612
0.00 0 0 0 493 4257470 2022121612
0.00 0 0 0 493 4257470 2022121612
0.00 0 0 0 493 4257470 2022121612
0.00 0 0 0 493 4257470 2022121612
0.00 0 0 0 493 4257470 2022121612
0.00 0 0 0 493 4257470 2022121612
0.00 0 0 0 493 4257470 2022121612
0.00 0 0 0 493 4257470 2022121612
0.00 0 0 0 493 4257470 2022121612
0.00 0 0 0 493 4257470 2022121612
0.00 0 0 0 493 4257470 2022121612
0.00 0 0 0 493 4257470 2022121612
0.00 0 0 0 493 4257470 2022121612
0.00 0 0 0 493 4257470 2022121612
0.00 0 0 0 493 4257470 2022121612
0.00 0 0 0 493 4257470 2022121612
0.00 0 0 0 493 4257470 2022121612
0.00 0 0 0 493 4257470 2022121612
0.00 0 0 0 493 4257470 2022121612
0.00 0 0 0 493 4257470 2022121612
0.00 0 0 0 493 4257470 2022121612
52.4 5 0 0 1030 116925 2022121612
0.00 0 0 0 1030 116925 2022121612
147 15 0 0 1516 121048 2022121612
0.00 0 0 0 1516 121048 2022121612
0.00 0 0 0 1516 121048 2022121612
171 17 0 159 1225 120103 2022121612
0.00 0 0 0 1225 120103 2022121612
151 15 0 0 1388 117267 2022121612
0.00 0 0 0 1388 117267 2022121612
0.00 0 0 0 1388 117267 2022121612
279 27 0 0 1438 119157 2022121612
0.00 0 0 0 1438 119157 2022121612
0.00 0 0 0 1438 119157 2022121612
0.00 0 0 0 1438 119157 2022121612
320 31 0 0 1469 12272913 2022121612
0.00 0 0 0 1944 12272913 2022121612
136 13 0 0 1944 12272913 2022121612
0.00 0 0 0 1944 12272913 2022121612
0.00 0 0 0 1944 12272913 2022121612
0.00 0 0 0 1944 12272913 2022121612
0.00 0 0 0 1944 12272913 2022121612
0.00 0 0 0 1944 12272913 2022121612
0.00 0 0 0 1944 12272913 2022121612
0.00 0 0 0 1944 12272913 2022121612
0.00 0 0 0 1944 12272913 2022121612
0.00 0 0 0 1944 12272913 2022121612
0.00 0 0 0 1944 12272913 2022121612
0.00 0 0 0 1944 12272913 2022121612
0.00 0 0 0 1944 12272913 2022121612
0.00 0 0 0 1944 12272913 2022121612
0.00 0 0 0 1944 12272913 2022121612
0.00 0 0 0 1944 12272913 2022121612
0.00 0 0 0 1944 12272913 2022121612
0.00 0 0 0 1944 12272913 2022121612
0.00 0 0 0 1944 12272913 2022121612
0.00 0 0 0 1944 12272913 2022121612
0.00 0 0 0 1944 12272913 2022121612
0.00 0 0 0 1944 12272913 2022121612
0.00 0 0 0 1944 12272913 2022121612
0.00 0 0 0 1944 12272913 2022121612
0.00 0 0 0 1944 12272913 2022121612
0.00 0 0 0 1944 12272913 2022121612
0.00 0 0 0 1944 12272913 2022121612
0.00 0 0 0 1944 12272913 2022121612
0.00 0 0 0 1944 12272913 2022121612
0.00 0 0 0 1944 12272913 2022121612
0.00 0 0 0 1944 12272913 2022121612
0.00 0 0 0 1944 12272913 2022121612
0.00 0 0 0 1944 12272913 2022121612
0.00 0 0 0 1944 12272913 2022121612
0.00 0 0 0 1944 12272913 2022121612
0.00 0 0 0 1944 12272913 2022121612
0.00 0 0 0 1944 12272913 2022121612
0.00 0 0 0 1944 12272913 2022121612
0.00 0 0 0 1944 12272913 2022121612
0.00 0 0 0 1944 12272913 2022121612
0.00 0 0 0 1944 12272913 2022121612
0.00 0 0 0 1944 12272913 2022121612
0.00 0 0 0 1944 12272913 2022121612
0.00 0 0 0 1944 12272913 2022121612
0.00 0 0 0 1944 12272913 2022121612
0.00 0 0 0 1944 12272913 2022121612
0.00 0 0 0 1944 12272913 2022121612
0.00 0 0 0 1944 12272913 2022121612
0.00 0 0 0 1944 12272913 2022121612
0.00 0 0 0 1944 12272913 2022121612
0.00 0 0 0 1944 12272913 2022121612
0.00 0 0 0 1944 12272913 2022121612
0.00 0 0 0 1944 12272913 2022121612
0.00 0 0 0 1944 12272913 2022121612
0.00 0 0 0 1944 12272913 2022121612
0.00 0 0 0 1944 12272913 2022121612
0.00 0 0 0 1944 12272913 2022121612
0.00 0 0 0 1944 12272913 2022121612
0.00 0 0 0 1944 12272913 2022121612
0.00 0 0 0 1944 12272913 2022121612
0.00 0 0 0 1944 12272913 2022121612
0.00 0 0 0 1944 12272913 2022121612
0.00 0 0 0 1944 12272913 2022121612
0.00 0 0 0 1944 12272913 2022121612
0.00 0 0 0 1944 12272913 2022121612
0.00 0 0 0 1944 12272913 2022121612
0.00 0 0 0 1944 12272913 2022121612
0.00 0 0 0 1944 12272913 2022121612
0.00 0 0 0 1944 12272913 2022121612
0.00 0 0 0 1944 12272913 2022121612
0.00 0 0 0 1944 12272913 2022121612
0.00 0 0 0 1944 12272913 2022121612
0.00 0 0 0 1944 12272913 2022121612
0.00 0 0 0 1944 12272913 2022121612
0.00 0 0 0 1944 12272913 2022121612
0.00 0 0 0 1944 12272913 2022121612
0.00 0 0 0 1944 12272913 2022121612
0.00 0 0 0 1944 12272913 2022121612
0.00 0 0 0 1944 12272913 2022121612
0.00 0 0 0 1944 12272913 2022121612
0.00 0 0 0 1944 12272913 2022121612
0.00 0 0 0 1944 12272913 2022121612
0.00 0 0 0 1944 12272913 2022121612
0.00 0 0 0 1944 12272913 2022121612
0.00 0 0 0 1944 12272913 2022121612
0.00 0 0 0 1944 12272913 2022121612
0.00 0 0 0 1944 12272913 2022121612
0.00 0 0 0 1944 12272913 2022121612
0.00 0 0 0 1944 12272913 2022121612
0.00 0 0 0 1944 12272913 2022121612
0.00 0 0 0 1944 12272913 2022121612
0.00 0 0 0 1944 12272913 2022121612
0.00 0 0 0 1944 12272913 2022121612
0.00 0 0 0 1944 12272913 2022121612
0.00 0 0 0 1944 12272913 2022121612
0.00 0 0 0 1944 12272913 2022121612
0.00 0 0 0 1944 12272913 2022121612
0.00 0 0 0 1944 12272913 2022121612
0.00 0 0 0 1944 12272913 2022121612
0.00 0 0 0 1944 12272913 2022121612
0.00 0 0 0 1944 12272913 2022121612
0.00 0 0 0 1944 12272913 2022121612
0.00 0 0 0 1944 12272913 2022121612
0.00 0 0 0 1944 12272913 2022121612
0.00 0 0 0 1944 12272913 2022121612
0.00 0 0 0 1944 12272913 2022121612
0.00 0 0 0 1944 12272913 2022121612
0.00 0 0 0 1944 12272913 2022121612
0.00 0 0 0 1944 12272913 2022121612
0.00 0 0 0 1944 12272913 2022121612
0.00 0 0 0 1944 12272913 2022121612
0.00 0 0 0 1944 12272913 2022121612
0.00 0 0 0 1944 12272913 2022121612
0.00 0 0 0 1944 12272913 2022121612
0.00 0 0 0 1944 12272913 2022121612
0.00 0 0 0 1944 12272913 2022121612
0.00 0 0 0 1944 12272913 2022121612
0.00 0 0 0 1944 12272913 2022121612
0.00 0 0 0 1944 12272913 2022121612
0.00 0 0 0 1944 12272913 2022121612
0.00 0 0 0 1944 12272913 2022121612
0.00 0 0 0 1944 12272913 2022121612
0.00 0 0 0 1944 12272913 2022121612
0.00 0 0 0 1944 12272913 2022121612
0.00 0 0 0 1944 12272913 2022121612
0.00 0 0 0 1944 12272913 2022121612
129 13 0 8 1271 116953 2022121612
0.00 0 0 0 1271 116953 2022121612
41.6 4 0 81 166 118846 2022121612
26.0 3 0 182 1195 119761 2022121612
5.20 1 0 0 1362 117164 2022121612
182 18 0 50 751 116844 2022121612
5.20 1 0 0 751 119540 2022121612
0.00 0 1 0 966 117371 2022121612
88.3 9 0 0 972 116896 2022121612
104 11 0 0 985 117605 2022121612
46.8 5 0 0 992 117100 2022121612
41.6 4 0 0 996 119301 2022121612
72.7 7 0 0 1003 117197 2022121612
88.3 9 0 0 1014 119201 2022121612
72.7 7 0 0 1023 119119 2022121612
83.1 8 0 0 1038 119116 2022121612
0.00 0 0 0 1038 119116 2022121612
0.00 0 0 0 1038 119116 2022121612
166 16 0 0 1045 117312 2022121612
98.7 10 0 0 1053 119110 2022121612
72.7 7 0 0 1059 117587 2022121612
52.0 5 0 0 1063 117430 2022121612
46.8 5 0 0 1065 119150 2022121612
125 12 0 0 1074 117081 2022121612
46.8 5 0 0 1078 119062 2022121612
72.7 7 0 0 1083 117413 2022121612
52.0 5 0 0 1086 117295 2022121612
125 12 0 0 1093 117346 2022121612
52.0 5 0 0 1097 117261 2022121612
52.0 5 0 0 1098 119075 2022121612
72.7 7 0 0 1103 117450 2022121612
109 11 0 0 1108 118765 2022121612
72.7 7 0 0 1112 117999 2022121612
52.0 5 0 0 1114 117841 2022121612
57.2 6 0 0 1116 119195 2022121612
125 12 0 0 1122 113250 2022121612
57.2 6 0 0 1125 115130 2022121612
72.7 7 0 0 1125 117677 2022121612
52.0 5 0 0 1129 117639 2022121612
93.5 9 0 0 1133 119425 2022121612
77.9 8 0 0 1134 117355 2022121612
52.0 5 0 0 1137 118101 2022121612
52.0 5 0 0 1138 119144 2022121612
130 13 0 0 1141 118297 2022121612
57.2 6 0 0 1144 119195 2022121612
77.9 8 0 0 1145 117112 2022121612
52.0 5 0 0 1147 118213 2022121612
135 14 0 0 1150 117657 2022121612
52.0 5 0 0 1151 117426 2022121612
57.2 6 0 0 1151 118784 2022121612
72.7 7 0 0 1152 117692 2022121612
114 12 0 0 1154 118887 2022121612
77.9 8 0 0 1155 117403 2022121612
52.0 5 0 0 1156 118061 2022121612
57.2 6 0 0 1156 118999 2022121612
135 14 0 0 1159 121195 2022121612
57.2 6 0 0 1159 115257 2022121612
72.7 7 0 0 1161 117288 2022121612
57.2 6 0 0 1161 113943 2022121612
135 14 0 0 1162 121164 2022121612
57.2 6 0 0 1162 117007 2022121612
31.2 3 0 2 552 117868 2022121612
93.5 9 0 9 581 116420 2022121612
5.20 1 1 0 820 119063 2022121612
77.9 8 0 0 827 116988 2022121612
31.2 3 0 0 832 117908 2022121612
46.8 5 0 0 838 118902 2022121612
88.3 9 0 0 850 118343 2022121612
52.0 5 0 0 856 117928 2022121612
36.4 4 0 0 860 119058 2022121612
52.0 5 0 0 865 118347 2022121612
83.1 9 0 0 874 118986 2022121612
57.2 6 0 0 879 118351 2022121612
52.0 5 0 0 883 117704 2022121612
36.4 4 0 0 888 119138 2022121612
104 11 0 0 896 117238 2022121612
36.4 4 0 0 900 119097 2022121612
57.2 6 0 0 904 117737 2022121612
46.8 5 0 0 908 117969 2022121612
104 11 0 0 915 117796 2022121612
46.8 5 0 0 918 117366 2022121612
41.6 4 0 0 921 118080 2022121612
57.2 6 0 0 926 118232 2022121612
72.7 7 0 0 930 117293 2022121612
83.1 8 0 0 934 117313 2022121612
41.6 4 0 0 937 116935 2022121612
31.2 3 0 0 939 118415 2022121612
120 12 0 0 945 116922 2022121612
31.2 3 0 0 947 118669 2022121612
72.7 7 0 0 950 118024 2022121612
46.8 5 0 0 952 112899 2022121612
109 11 0 0 956 117992 2022121612
46.8 5 0 0 958 117066 2022121612
36.4 4 0 0 959 119375 2022121612
72.7 7 0 0 962 117129 2022121612
83.1 8 0 0 965 119547 2022121612
72.7 7 0 0 966 117516 2022121612
41.6 4 0 0 967 117512 2022121612
41.6 4 0 0 969 119216 2022121612
120 12 0 0 972 117573 2022121612
41.6 4 0 0 973 119380 2022121612
72.7 7 0 0 974 117650 2022121612
41.6 4 0 0 976 117782 2022121612
120 12 0 0 977 117426 2022121612
41.6 4 0 0 979 118225 2022121612
41.6 4 0 0 980 119575 2022121612
72.7 7 0 0 980 117603 2022121612
88.3 9 0 0 983 119381 2022121612
72.7 7 0 0 983 117706 2022121612
46.8 5 0 0 984 117712 2022121612
41.6 4 0 0 984 119224 2022121612
114 11 0 0 985 121986 2022121612
46.8 5 0 0 987 117298 2022121612
0.00 0 0 0 987 117298 2022121612
151 15 0 0 987 113322 2022121612
46.8 5 0 0 987 116674 2022121612
77.9 8 0 0 988 117738 2022121612
41.6 4 0 0 988 123017 2022121612
77.9 8 0 0 988 113805 2022121612
41.6 4 0 0 988 117882 2022121612
120 12 0 0 988 117528 2022121612
41.6 4 0 0 988 114089 2022121612
46.8 5 0 0 988 116268 2022121612
114 11 0 0 988 117508 2022121612
46.8 5 0 0 988 119242 2022121612
67.6 7 0 0 988 117408 2022121612
46.8 5 0 0 988 117877 2022121612
114 12 0 0 988 117804 2022121612
46.8 5 0 0 988 117908 2022121612
46.8 5 0 0 988 119465 2022121612
67.6 7 0 0 988 117832 2022121612
93.5 10 0 0 988 119231 2022121612
67.6 7 0 0 988 117298 2022121612
46.8 5 0 0 988 117209 2022121612
46.8 5 0 0 988 119088 2022121612
114 12 0 0 988 117859 2022121612
46.8 5 0 0 988 119352 2022121612
67.6 7 0 0 988 117773 2022121612
46.8 5 0 0 988 117777 2022121612
110 11 0 0 988 119373 2022121612
51.4 6 0 0 988 117912 2022121612
46.8 5 0 0 988 119438 2022121612
67.6 7 0 0 988 117922 2022121612
46.8 5 0 0 988 117998 2022121612
114 12 0 0 990 117935 2022121612
46.8 5 0 0 990 117945 2022121612
52.0 5 0 0 990 117945 2022121612
26.0 3 0 0 990 117604 2022121612
130 13 0 0 991 117094 2022121612
31.2 3 0 0 991 117857 2022121612
88.3 9 0 0 992 116767 2022121612
36.4 4 0 0 992 117097 2022121612
120 12 0 0 995 119169 2022121612
41.6 4 0 0 996 117630 2022121612
0.00 0 0 0 996 117630 2022121612
0.00 0 0 0 996 117630 2022121612
203 20 0 0 998 121832 2022121612
77.9 8 0 0 999 112977 2022121612
41.6 4 0 0 999 116948 2022121612
41.6 4 0 0 1001 119797 2022121612
120 12 0 0 1002 118053 2022121612
46.8 5 0 0 1003 115982 2022121612
72.7 7 0 0 1005 117384 2022121612
88.3 9 0 0 1007 118792 2022121612
77.9 8 0 0 1009 117606 2022121612
41.6 4 0 0 1010 117389 2022121612
46.8 5 0 0 1012 119278 2022121612
120 12 0 0 1016 117752 2022121612
32.1 1953 5 495 1016 117752 2022121612
0.00 0 0 0 1218 119296 2022121612
0.00 0 0 0 1218 119296 2022121612
0.00 0 0 0 1218 119296 2022121612
24.3 1489 5 183 1218 119296 2022121612
3857682 2022121612
0.00 0 0 0 965 3857682 2022121612
0.00 0 0 0 965 3857682 2022121612
0.00 0 0 0 965 3857682 2022121612
0.00 0 0 0 965 3857682 2022121612
0.00 0 0 0 965 3857682 2022121612
0.00 0 0 0 965 3857682 2022121612
0.00 0 0 0 965 3857682 2022121612
0.00 0 0 0 965 3857682 2022121612
0.00 0 0 0 965 3857682 2022121612
0.00 0 0 0 965 3857682 2022121612
0.00 0 0 0 965 3857682 2022121612
0.00 0 0 0 965 3857682 2022121612
0.00 0 0 0 965 3857682 2022121612
0.00 0 0 0 965 3857682 2022121612
0.00 0 0 0 965 3857682 2022121612
0.00 0 0 0 965 3857682 2022121612
0.00 0 0 0 965 3857682 2022121612
0.00 0 0 0 965 3857682 2022121612
0.00 0 0 0 965 3857682 2022121612
0.00 0 0 0 965 3857682 2022121612
0.00 0 0 0 965 3857682 2022121612
0.00 0 0 0 965 3857682 2022121612
0.00 0 0 0 965 3857682 2022121612
0.00 0 0 0 965 3857682 2022121612
0.00 0 0 0 965 3857682 2022121612
0.00 0 0 0 965 3857682 2022121612
0.00 0 0 0 965 3857682 2022121612
0.00 0 0 0 965 3857682 2022121612
0.00 0 0 0 965 3857682 2022121612
0.00 0 0 0 965 3857682 2022121612
0.00 0 0 0 965 3857682 2022121612
0.00 0 0 0 965 3857682 2022121612
0.00 0 0 0 965 3857682 2022121612
0.00 0 0 0 965 3857682 2022121612
0.00 0 0 0 965 3857682 2022121612
0.00 0 0 0 965 3857682 2022121612
0.00 0 0 0 965 3857682 2022121612
0.00 0 0 0 965 3857682 2022121612
0.00 0 0 0 965 3857682 2022121612
0.00 0 0 0 965 3857682 2022121612
0.00 0 0 0 965 3857682 2022121612
0.00 0 0 0 965 3857682 2022121612
0.00 0 0 0 965 3857682 2022121612
0.00 0 0 0 965 3857682 2022121612
0.00 0 0 0 965 3857682 2022121612
0.00 0 0 0 965 3857682 2022121612
0.00 0 0 0 965 3857682 2022121612
0.00 0 0 0 965 3857682 2022121612
0.00 0 0 0 965 3857682 2022121612
0.00 0 0 0 965 3857682 2022121612
0.00 0 0 0 965 3857682 2022121612
0.00 0 0 0 965 3857682 2022121612
0.00 0 0 0 965 3857682 2022121612
0.00 0 0 0 965 3857682 2022121612
0.00 0 0 0 965 3857682 2022121612
0.00 0 0 0 965 3857682 2022121612
0.00 0 0 0 965 3857682 2022121612
0.00 0 0 0 965 3857682 2022121612
0.00 0 0 0 965 3857682 2022121612
0.00 0 0 0 965 3857682 2022121612
0.00 0 0 0 965 3857682 2022121612
0.00 0 0 0 965 3857682 2022121612
0.00 0 0 0 965 3857682 2022121612
0.00 0 0 0 965 3857682 2022121612
0.00 0 0 0 965 3857682 2022121612
0.00 0 0 0 965 3857682 2022121612
12.3 807 3 35 965 3857682 2022121612
