13.7 2 0 0 27 118957 2022121606
0.00 0 1 0 52 151647 2022121606
12.3 2 0 0 55 122120 2022121606
0.00 0 1 0 55 122120 2022121606
9.49 1 0 0 57 119801 2022121606
8.81 1 1 0 60 119476 2022121606
0.79 1 0 0 63 119367 2022121606
10.4 1 0 0 66 119171 2022121606
0.00 0 1 0 70 124436 2022121606
5.20 1 0 0 70 124436 2022121606
5.20 1 0 0 73 119601 2022121606
10.4 1 0 0 77 119527 2022121606
5.20 1 1 0 79 119803 2022121606
10.4 1 0 0 84 119677 2022121606
0.00 0 1 0 84 119741 2022121606
5.20 1 0 0 88 119359 2022121606
10.4 1 1 0 93 119292 2022121606
10.4 1 0 0 97 119234 2022121606
10.4 1 0 0 102 119443 2022121606
0.00 0 1 0 103 119626 2022121606
20.8 2 0 0 113 119024 2022121606
0.00 0 1 0 118 123191 2022121606
10.4 1 0 0 118 123412 2022121606
10.4 1 0 0 124 118868 2022121606
15.6 2 0 0 130 114810 2022121606
0.00 0 1 0 130 116048 2022121606
26.0 3 0 0 143 118423 2022121606
0.00 0 1 0 144 118836 2022121606
10.4 1 0 0 151 118608 2022121606
20.8 2 0 0 158 118351 2022121606
10.4 1 1 0 166 118085 2022121606
20.8 2 0 0 173 117016 2022121606
0.00 0 1 0 175 118908 2022121606
15.6 2 0 0 183 117884 2022121606
20.8 2 1 0 193 118966 2022121606
15.6 2 0 0 202 118742 2022121606
26.0 3 0 0 202 118937 2022121606
0.00 0 1 0 212 118938 2022121606
41.6 5 0 0 233 117326 2022121606
0.00 0 1 0 234 118972 2022121606
20.8 2 0 0 245 119874 2022121606
26.0 3 0 0 255 117399 2022121606
26.0 3 1 0 271 123152 2022121606
26.0 3 0 0 281 117510 2022121606
0.00 0 1 0 285 116373 2022121606
26.0 3 0 0 299 123032 2022121606
31.2 3 1 0 314 115798 2022121606
31.2 3 0 0 329 119344 2022121606
31.2 3 0 0 341 117090 2022121606
0.00 0 1 0 346 119246 2022121606
67.6 7 0 0 372 116919 2022121606
5.20 1 0 0 380 117929 2022121606
41.6 4 0 0 399 117784 2022121606
20.8 2 0 0 410 117274 2022121606
62.4 7 0 0 441 118244 2022121606
26.0 3 0 0 452 118129 2022121606
15.6 2 0 0 463 118453 2022121606
52.0 5 0 0 485 118187 2022121606
46.8 5 0 0 510 118187 2022121606
52.0 5 0 0 535 117614 2022121606
31.2 3 0 0 550 117454 2022121606
20.8 2 0 0 562 117850 2022121606
93.5 10 0 0 605 117922 2022121606
26.0 3 0 0 620 118718 2022121606
62.4 6 0 0 650 118049 2022121606
36.4 4 0 0 667 117746 2022121606
88.3 9 0 0 717 117932 2022121606
31.2 3 0 0 736 117859 2022121606
26.0 3 0 0 752 122493 2022121606
62.4 6 0 0 790 117551 2022121606
57.2 6 0 0 830 117173 2022121606
67.6 7 0 0 871 113227 2022121606
36.4 4 0 0 893 117224 2022121606
26.0 3 0 0 915 118403 2022121606
114 12 0 0 984 117283 2022121606
31.2 3 0 0 1009 118209 2022121606
83.1 8 0 0 1057 117794 2022121606
46.8 5 0 0 1085 117565 2022121606
31.2 3 0 0 1112 117299 2022121606
93.5 9 0 0 1114 117054 2022121606
125 12 0 42 610 119433 2022121606
5.20 1 0 0 610 120117 2022121606
0.00 0 1 0 802 116995 2022121606
83.1 8 0 0 814 116931 2022121606
77.9 8 0 0 834 113187 2022121606
36.4 4 0 0 835 116610 2022121606
31.2 3 0 0 849 116821 2022121606
72.7 7 0 0 861 117752 2022121606
67.6 7 0 0 874 118910 2022121606
67.6 7 0 0 885 117526 2022121606
36.4 4 0 0 892 117166 2022121606
36.4 4 0 0 903 117495 2022121606
104 10 0 0 919 118914 2022121606
0.00 0 0 0 919 118914 2022121606
114 12 0 0 941 118446 2022121606
0.00 0 0 0 941 118446 2022121606
114 11 0 0 945 116966 2022121606
0.00 0 1 0 950 116938 2022121606
109 11 0 0 965 117621 2022121606
41.6 4 0 0 969 118610 2022121606
77.9 8 0 0 973 117058 2022121606
36.4 4 0 0 980 117661 2022121606
114 11 0 0 994 117707 2022121606
46.8 5 0 0 998 118183 2022121606
41.6 4 0 0 1002 116451 2022121606
72.7 7 0 0 1009 113710 2022121606
88.3 9 0 0 1021 117733 2022121606
77.9 8 0 0 1024 119411 2022121606
41.6 4 0 0 1031 117962 2022121606
46.8 5 0 0 1034 117954 2022121606
125 13 0 0 1038 119300 2022121606
41.6 4 0 0 1047 117022 2022121606
93.5 9 0 0 1052 118949 2022121606
15.6 2 0 0 1057 117060 2022121606
62.4 6 0 0 1060 119015 2022121606
72.7 7 0 0 1063 119295 2022121606
98.7 10 0 0 1068 118985 2022121606
67.6 7 0 0 1072 117280 2022121606
41.6 4 0 0 1075 119099 2022121606
67.6 7 0 0 1078 119417 2022121606
109 11 0 0 1083 118943 2022121606
62.4 6 0 0 1086 118961 2022121606
72.7 7 0 0 1089 117257 2022121606
41.6 4 0 0 1092 118739 2022121606
135 13 0 0 1096 117216 2022121606
46.8 5 0 0 1098 114877 2022121606
62.4 6 0 0 1101 119082 2022121606
67.6 7 0 0 1103 113355 2022121606
109 11 0 0 1107 115063 2022121606
72.7 7 0 0 1108 117352 2022121606
46.8 5 0 0 1111 118415 2022121606
62.4 6 0 0 1112 118972 2022121606
120 12 0 0 1116 118696 2022121606
62.4 6 0 0 1118 118951 2022121606
72.7 7 0 0 1119 117354 2022121606
46.8 5 0 0 1119 118776 2022121606
135 13 0 0 1122 117584 2022121606
46.8 5 0 0 1123 119065 2022121606
67.6 7 0 0 1125 119209 2022121606
67.6 7 0 0 1126 117668 2022121606
114 12 0 0 1127 119148 2022121606
67.6 7 0 1 624 117751 2022121606
46.8 5 0 4 75 114632 2022121606
46.8 5 0 0 790 120092 2022121606
46.8 5 0 0 799 117325 2022121606
67.6 7 0 0 813 117253 2022121606
62.4 6 0 0 817 120778 2022121606
36.4 4 0 0 824 117036 2022121606
31.2 3 0 0 828 121937 2022121606
67.6 7 0 0 832 119033 2022121606
67.6 7 0 0 843 118610 2022121606
0.00 0 0 0 843 118610 2022121606
135 14 0 0 853 117732 2022121606
31.2 3 0 0 857 118408 2022121606
41.6 4 0 0 860 119099 2022121606
67.6 7 0 0 867 117406 2022121606
72.7 7 0 0 872 119231 2022121606
67.6 7 0 0 878 117586 2022121606
36.4 4 0 0 882 117959 2022121606
36.4 4 0 0 883 119209 2022121606
104 10 0 0 892 118254 2022121606
41.6 4 0 0 894 119397 2022121606
72.7 7 0 0 900 118244 2022121606
72.7 7 0 0 904 119395 2022121606
31.2 3 0 0 907 117038 2022121606
41.6 4 0 0 910 117991 2022121606
109 11 0 0 915 117828 2022121606
41.6 4 0 0 916 117886 2022121606
67.6 7 0 0 919 119296 2022121606
36.4 4 0 0 921 114191 2022121606
41.6 4 0 0 925 117436 2022121606
77.9 8 0 0 928 117962 2022121606
104 10 0 0 932 116973 2022121606
46.8 5 0 0 933 117581 2022121606
67.6 7 0 0 933 133723 2022121606
10.5 1 0 0 934 125374 2022121606
83.0 8 0 0 943 119655 2022121606
0.00 0 0 0 943 119655 2022121606
0.00 0 0 0 943 119655 2022121606
0.00 0 0 0 943 119655 2022121606
229 22 0 0 947 117684 2022121606
0.00 0 0 0 947 117684 2022121606
0.00 0 0 0 947 117684 2022121606
0.00 0 0 0 947 117684 2022121606
213 21 0 0 954 118395 2022121606
0.00 0 0 0 954 118395 2022121606
0.00 0 0 0 954 118395 2022121606
0.00 0 0 0 954 118395 2022121606
249 24 0 0 954 113508 2022121606
0.00 0 0 0 954 113508 2022121606
0.00 0 0 0 954 113508 2022121606
0.00 0 0 0 954 113508 2022121606
177 17 0 0 954 118405 2022121606
0.00 0 0 0 954 118405 2022121606
0.00 0 0 0 954 118405 2022121606
0.00 0 0 0 954 118405 2022121606
0.00 0 0 0 954 118405 2022121606
0.00 0 0 0 954 118405 2022121606
0.00 0 0 0 954 118405 2022121606
0.00 0 0 0 954 118405 2022121606
329 32 0 528 689 119272 2022121606
0.00 0 0 0 689 119272 2022121606
0.00 0 0 0 689 119272 2022121606
0.00 0 0 0 689 119272 2022121606
0.00 0 0 0 689 119272 2022121606
0.00 0 0 0 689 119272 2022121606
0.00 0 0 0 689 119272 2022121606
0.00 0 0 0 689 119272 2022121606
0.00 0 0 0 689 119272 2022121606
83.9 8 0 0 864 7968948 2022121606
0.00 0 0 0 864 7968948 2022121606
0.00 0 0 0 864 7968948 2022121606
0.00 0 0 0 864 7968948 2022121606
0.00 0 0 0 864 7968948 2022121606
0.00 0 0 0 864 7968948 2022121606
0.00 0 0 0 864 7968948 2022121606
0.00 0 0 0 864 7968948 2022121606
0.00 0 0 0 864 7968948 2022121606
0.00 0 0 0 864 7968948 2022121606
0.00 0 0 0 864 7968948 2022121606
0.00 0 0 0 864 7968948 2022121606
0.00 0 0 0 864 7968948 2022121606
0.00 0 0 0 864 7968948 2022121606
0.00 0 0 0 864 7968948 2022121606
0.00 0 0 0 864 7968948 2022121606
0.00 0 0 0 864 7968948 2022121606
0.00 0 0 0 864 7968948 2022121606
0.00 0 0 0 864 7968948 2022121606
0.00 0 0 0 864 7968948 2022121606
0.00 0 0 0 864 7968948 2022121606
0.00 0 0 0 864 7968948 2022121606
0.00 0 0 0 864 7968948 2022121606
0.00 0 0 0 864 7968948 2022121606
0.00 0 0 0 864 7968948 2022121606
0.00 0 0 0 864 7968948 2022121606
0.00 0 0 0 864 7968948 2022121606
0.00 0 0 0 864 7968948 2022121606
0.00 0 0 0 864 7968948 2022121606
0.00 0 0 0 864 7968948 2022121606
0.00 0 0 0 864 7968948 2022121606
0.00 0 0 0 864 7968948 2022121606
0.00 0 0 0 864 7968948 2022121606
0.00 0 0 0 864 7968948 2022121606
0.00 0 0 0 864 7968948 2022121606
0.00 0 0 0 864 7968948 2022121606
0.00 0 0 0 864 7968948 2022121606
0.00 0 0 0 864 7968948 2022121606
0.00 0 0 0 864 7968948 2022121606
0.00 0 0 0 864 7968948 2022121606
0.00 0 0 0 864 7968948 2022121606
0.00 0 0 0 864 7968948 2022121606
0.00 0 0 0 864 7968948 2022121606
0.00 0 0 0 864 7968948 2022121606
0.00 0 0 0 864 7968948 2022121606
0.00 0 0 0 864 7968948 2022121606
0.00 0 0 0 864 7968948 2022121606
0.00 0 0 0 864 7968948 2022121606
0.00 0 0 0 864 7968948 2022121606
0.00 0 0 0 864 7968948 2022121606
0.00 0 0 0 864 7968948 2022121606
0.00 0 0 0 864 7968948 2022121606
0.00 0 0 0 864 7968948 2022121606
0.00 0 0 0 864 7968948 2022121606
0.00 0 0 0 864 7968948 2022121606
0.00 0 0 0 864 7968948 2022121606
0.00 0 0 0 864 7968948 2022121606
0.00 0 0 0 864 7968948 2022121606
0.00 0 0 0 864 7968948 2022121606
0.00 0 0 0 864 7968948 2022121606
0.00 0 0 0 864 7968948 2022121606
0.00 0 0 0 864 7968948 2022121606
0.00 0 0 0 864 7968948 2022121606
0.00 0 0 0 864 7968948 2022121606
0.00 0 0 0 864 7968948 2022121606
0.00 0 0 0 864 7968948 2022121606
0.00 0 0 0 864 7968948 2022121606
0.00 0 0 0 864 7968948 2022121606
0.00 0 0 0 864 7968948 2022121606
0.00 0 0 0 864 7968948 2022121606
0.00 0 0 0 864 7968948 2022121606
0.00 0 0 0 864 7968948 2022121606
0.00 0 0 0 864 7968948 2022121606
0.00 0 0 0 864 7968948 2022121606
0.00 0 0 0 864 7968948 2022121606
0.00 0 0 0 864 7968948 2022121606
0.00 0 0 0 864 7968948 2022121606
0.00 0 0 0 864 7968948 2022121606
0.00 0 0 0 864 7968948 2022121606
0.00 0 0 0 864 7968948 2022121606
0.00 0 0 0 864 7968948 2022121606
0.00 0 0 0 864 7968948 2022121606
0.00 0 0 0 864 7968948 2022121606
0.00 0 0 0 864 7968948 2022121606
0.00 0 0 0 864 7968948 2022121606
0.00 0 0 0 864 7968948 2022121606
0.00 0 0 0 864 7968948 2022121606
0.00 0 0 0 864 7968948 2022121606
0.00 0 0 0 864 7968948 2022121606
0.00 0 0 0 864 7968948 2022121606
0.00 0 0 0 864 7968948 2022121606
0.00 0 0 0 864 7968948 2022121606
181 18 0 0 864 117725 2022121606
0.00 0 0 0 864 117725 2022121606
0.00 0 0 0 864 117725 2022121606
0.00 0 0 0 864 117725 2022121606
98.7 10 0 0 864 117494 2022121606
0.00 0 0 0 864 117494 2022121606
114 11 0 0 864 117375 2022121606
72.7 7 0 0 864 117335 2022121606
67.6 7 0 0 864 117538 2022121606
46.8 5 0 0 864 117230 2022121606
46.8 5 0 0 864 117322 2022121606
88.3 9 0 0 864 117348 2022121606
41.6 4 0 0 864 117417 2022121606
46.8 5 0 0 865 117381 2022121606
46.8 5 0 0 867 117050 2022121606
93.5 10 0 0 871 113837 2022121606
46.8 5 0 0 875 117202 2022121606
46.8 5 0 0 876 117501 2022121606
46.8 5 0 0 881 117333 2022121606
98.7 10 0 0 885 117266 2022121606
41.6 4 0 0 885 117208 2022121606
41.6 4 0 0 890 117480 2022121606
46.8 5 0 0 896 117223 2022121606
93.5 10 0 0 904 117148 2022121606
46.8 5 0 0 904 117289 2022121606
41.6 4 0 0 904 117259 2022121606
46.8 5 0 0 910 117186 2022121606
98.7 10 0 0 923 117363 2022121606
46.8 5 0 0 923 117596 2022121606
41.6 4 0 0 923 117308 2022121606
36.4 4 0 0 923 117259 2022121606
77.9 8 0 0 923 117384 2022121606
41.6 4 0 0 923 117382 2022121606
41.6 4 0 0 950 117286 2022121606
46.8 5 0 0 956 117413 2022121606
88.3 9 0 0 956 117363 2022121606
41.6 4 0 0 956 117372 2022121606
41.6 4 0 0 956 117650 2022121606
41.6 4 0 0 956 117659 2022121606
72.7 8 0 0 956 117532 2022121606
41.6 4 0 0 956 113500 2022121606
36.4 4 0 0 956 113578 2022121606
41.6 4 0 0 956 117527 2022121606
41.6 4 0 0 956 118725 2022121606
0.00 0 0 0 956 118725 2022121606
0.00 0 0 0 956 118725 2022121606
0.00 0 0 0 956 118725 2022121606
0.00 0 0 0 956 118725 2022121606
0.00 0 0 0 956 118725 2022121606
0.00 0 0 0 956 118725 2022121606
0.00 0 0 0 956 118725 2022121606
329 32 0 0 1068 5076073 2022121606
0.00 0 0 0 1068 5076073 2022121606
0.00 0 0 0 1068 5076073 2022121606
0.00 0 0 0 1068 5076073 2022121606
0.00 0 0 0 1068 5076073 2022121606
0.00 0 0 0 1068 5076073 2022121606
315 30 0 0 1068 5076073 2022121606
0.00 0 0 0 1068 5076073 2022121606
0.00 0 0 0 1068 5076073 2022121606
0.00 0 0 0 1068 5076073 2022121606
0.00 0 0 0 1068 5076073 2022121606
0.00 0 0 0 1068 5076073 2022121606
0.00 0 0 0 1068 5076073 2022121606
0.00 0 0 0 1068 5076073 2022121606
0.00 0 0 0 1068 5076073 2022121606
0.00 0 0 0 1068 5076073 2022121606
0.00 0 0 0 1068 5076073 2022121606
0.00 0 0 0 1068 5076073 2022121606
0.00 0 0 0 1068 5076073 2022121606
0.00 0 0 0 1068 5076073 2022121606
0.00 0 0 0 1068 5076073 2022121606
0.00 0 0 0 1068 5076073 2022121606
0.00 0 0 0 1068 5076073 2022121606
0.00 0 0 0 1068 5076073 2022121606
0.00 0 0 0 1068 5076073 2022121606
0.00 0 0 0 1068 5076073 2022121606
0.00 0 0 0 1068 5076073 2022121606
0.00 0 0 0 1068 5076073 2022121606
0.00 0 0 0 1068 5076073 2022121606
0.00 0 0 0 1068 5076073 2022121606
0.00 0 0 0 1068 5076073 2022121606
0.00 0 0 0 1068 5076073 2022121606
0.00 0 0 0 1068 5076073 2022121606
0.00 0 0 0 1068 5076073 2022121606
0.00 0 0 0 1068 5076073 2022121606
0.00 0 0 0 1068 5076073 2022121606
0.00 0 0 0 1068 5076073 2022121606
0.00 0 0 0 1068 5076073 2022121606
0.00 0 0 0 1068 5076073 2022121606
0.00 0 0 0 1068 5076073 2022121606
0.00 0 0 0 1068 5076073 2022121606
0.00 0 0 0 1068 5076073 2022121606
0.00 0 0 0 1068 5076073 2022121606
0.00 0 0 0 1068 5076073 2022121606
0.00 0 0 0 1068 5076073 2022121606
0.00 0 0 0 1068 5076073 2022121606
0.00 0 0 0 1068 5076073 2022121606
0.00 0 0 0 1068 5076073 2022121606
0.00 0 0 0 1068 5076073 2022121606
0.00 0 0 0 1068 5076073 2022121606
0.00 0 0 0 1068 5076073 2022121606
0.00 0 0 0 1068 5076073 2022121606
0.00 0 0 0 1068 5076073 2022121606
0.00 0 0 0 1068 5076073 2022121606
0.00 0 0 0 1068 5076073 2022121606
0.00 0 0 0 1068 5076073 2022121606
0.00 0 0 0 1068 5076073 2022121606
0.00 0 0 0 1068 5076073 2022121606
0.00 0 0 0 1068 5076073 2022121606
0.00 0 0 0 1068 5076073 2022121606
0.00 0 0 0 1068 5076073 2022121606
0.00 0 0 0 1068 5076073 2022121606
0.00 0 0 0 1068 5076073 2022121606
0.00 0 0 0 1068 5076073 2022121606
0.00 0 0 0 1068 5076073 2022121606
0.00 0 0 0 1068 5076073 2022121606
0.00 0 0 0 1068 5076073 2022121606
0.00 0 0 0 1068 5076073 2022121606
0.00 0 0 0 1068 5076073 2022121606
0.00 0 0 0 1068 5076073 2022121606
0.00 0 0 0 1068 5076073 2022121606
0.00 0 0 0 1068 5076073 2022121606
0.00 0 0 0 1068 5076073 2022121606
0.00 0 0 0 1068 5076073 2022121606
0.00 0 0 0 1068 5076073 2022121606
0.00 0 0 0 1068 5076073 2022121606
0.00 0 0 0 1068 5076073 2022121606
0.00 0 0 0 1068 5076073 2022121606
0.00 0 0 0 1068 5076073 2022121606
0.00 0 0 0 1068 5076073 2022121606
0.00 0 0 0 1068 5076073 2022121606
0.00 0 0 0 1068 5076073 2022121606
0.00 0 0 0 1068 5076073 2022121606
0.00 0 0 0 1068 5076073 2022121606
0.00 0 0 0 1068 5076073 2022121606
0.00 0 0 0 1068 5076073 2022121606
0.00 0 0 0 1068 5076073 2022121606
0.00 0 0 0 1068 5076073 2022121606
0.00 0 0 0 1068 5076073 2022121606
0.00 0 0 0 1068 5076073 2022121606
0.00 0 0 0 1068 5076073 2022121606
0.00 0 0 0 1068 5076073 2022121606
0.00 0 0 0 1068 5076073 2022121606
0.00 0 0 0 1068 5076073 2022121606
0.00 0 0 0 1068 5076073 2022121606
0.00 0 0 0 1068 5076073 2022121606
0.00 0 0 0 1068 5076073 2022121606
0.00 0 0 0 1068 5076073 2022121606
0.00 0 0 0 1068 5076073 2022121606
0.00 0 0 0 1068 5076073 2022121606
0.00 0 0 0 1068 5076073 2022121606
0.00 0 0 0 1068 5076073 2022121606
0.00 0 0 0 1068 5076073 2022121606
0.00 0 0 0 1068 5076073 2022121606
0.00 0 0 0 1068 5076073 2022121606
0.00 0 0 0 1068 5076073 2022121606
0.00 0 0 0 1068 5076073 2022121606
0.00 0 0 0 1068 5076073 2022121606
0.00 0 0 0 1068 5076073 2022121606
30.7 3 0 0 1068 121402 2022121606
0.00 0 0 0 1068 121402 2022121606
20.8 2 0 0 1068 113557 2022121606
67.6 7 0 0 1068 117467 2022121606
41.6 4 0 0 1068 117318 2022121606
41.6 4 0 0 1187 117537 2022121606
52.0 5 0 0 1381 117706 2022121606
57.2 6 0 0 1560 117105 2022121606
57.2 6 0 0 1560 117281 2022121606
161 16 0 0 2035 117013 2022121606
72.7 7 0 0 2035 10967051 2022121606
0.00 0 0 0 57 10967051 2022121606
41.9 4 0 10 57 10967051 2022121606
0.00 0 0 0 57 10967051 2022121606
0.00 0 0 0 57 10967051 2022121606
0.00 0 0 0 57 10967051 2022121606
0.00 0 0 0 57 10967051 2022121606
0.00 0 0 0 57 10967051 2022121606
0.00 0 0 0 57 10967051 2022121606
0.00 0 0 0 57 10967051 2022121606
0.00 0 0 0 57 10967051 2022121606
0.00 0 0 0 57 10967051 2022121606
0.00 0 0 0 57 10967051 2022121606
0.00 0 0 0 57 10967051 2022121606
0.00 0 0 0 57 10967051 2022121606
0.00 0 0 0 57 10967051 2022121606
0.00 0 0 0 57 10967051 2022121606
0.00 0 0 0 57 10967051 2022121606
0.00 0 0 0 57 10967051 2022121606
0.00 0 0 0 57 10967051 2022121606
0.00 0 0 0 57 10967051 2022121606
0.00 0 0 0 57 10967051 2022121606
0.00 0 0 0 57 10967051 2022121606
0.00 0 0 0 57 10967051 2022121606
0.00 0 0 0 57 10967051 2022121606
0.00 0 0 0 57 10967051 2022121606
0.00 0 0 0 57 10967051 2022121606
0.00 0 0 0 57 10967051 2022121606
0.00 0 0 0 57 10967051 2022121606
0.00 0 0 0 57 10967051 2022121606
0.00 0 0 0 57 10967051 2022121606
0.00 0 0 0 57 10967051 2022121606
0.00 0 0 0 57 10967051 2022121606
0.00 0 0 0 57 10967051 2022121606
0.00 0 0 0 57 10967051 2022121606
0.00 0 0 0 57 10967051 2022121606
0.00 0 0 0 57 10967051 2022121606
0.00 0 0 0 57 10967051 2022121606
0.00 0 0 0 57 10967051 2022121606
0.00 0 0 0 57 10967051 2022121606
0.00 0 0 0 57 10967051 2022121606
0.00 0 0 0 57 10967051 2022121606
0.00 0 0 0 57 10967051 2022121606
0.00 0 0 0 57 10967051 2022121606
0.00 0 0 0 57 10967051 2022121606
0.00 0 0 0 57 10967051 2022121606
0.00 0 0 0 57 10967051 2022121606
0.00 0 0 0 57 10967051 2022121606
0.00 0 0 0 57 10967051 2022121606
0.00 0 0 0 57 10967051 2022121606
0.00 0 0 0 57 10967051 2022121606
0.00 0 0 0 57 10967051 2022121606
0.00 0 0 0 57 10967051 2022121606
0.00 0 0 0 57 10967051 2022121606
0.00 0 0 0 57 10967051 2022121606
0.00 0 0 0 57 10967051 2022121606
0.00 0 0 0 57 10967051 2022121606
0.00 0 0 0 57 10967051 2022121606
0.00 0 0 0 57 10967051 2022121606
0.00 0 0 0 57 10967051 2022121606
0.00 0 0 0 57 10967051 2022121606
0.00 0 0 0 57 10967051 2022121606
0.00 0 0 0 57 10967051 2022121606
0.00 0 0 0 57 10967051 2022121606
0.00 0 0 0 57 10967051 2022121606
0.00 0 0 0 57 10967051 2022121606
0.00 0 0 0 57 10967051 2022121606
0.00 0 0 0 57 10967051 2022121606
0.00 0 0 0 57 10967051 2022121606
0.00 0 0 0 57 10967051 2022121606
0.00 0 0 0 57 10967051 2022121606
0.00 0 0 0 57 10967051 2022121606
0.00 0 0 0 57 10967051 2022121606
0.00 0 0 0 57 10967051 2022121606
0.00 0 0 0 57 10967051 2022121606
0.00 0 0 0 57 10967051 2022121606
0.00 0 0 0 57 10967051 2022121606
0.00 0 0 0 57 10967051 2022121606
0.00 0 0 0 57 10967051 2022121606
0.00 0 0 0 57 10967051 2022121606
0.00 0 0 0 57 10967051 2022121606
0.00 0 0 0 57 10967051 2022121606
0.00 0 0 0 57 10967051 2022121606
0.00 0 0 0 57 10967051 2022121606
0.00 0 0 0 57 10967051 2022121606
0.00 0 0 0 57 10967051 2022121606
0.00 0 0 0 57 10967051 2022121606
0.00 0 0 0 57 10967051 2022121606
0.00 0 0 0 57 10967051 2022121606
0.00 0 0 0 57 10967051 2022121606
0.00 0 0 0 57 10967051 2022121606
0.00 0 0 0 57 10967051 2022121606
0.00 0 0 0 57 10967051 2022121606
0.00 0 0 0 57 10967051 2022121606
0.00 0 0 0 57 10967051 2022121606
0.00 0 0 0 57 10967051 2022121606
0.00 0 0 0 57 10967051 2022121606
0.00 0 0 0 57 10967051 2022121606
0.00 0 0 0 57 10967051 2022121606
0.00 0 0 0 57 10967051 2022121606
0.00 0 0 0 57 10967051 2022121606
0.00 0 0 0 57 10967051 2022121606
0.00 0 0 0 57 10967051 2022121606
0.00 0 0 0 57 10967051 2022121606
0.00 0 0 0 57 10967051 2022121606
0.00 0 0 0 57 10967051 2022121606
0.00 0 0 0 57 10967051 2022121606
0.00 0 0 0 57 10967051 2022121606
0.00 0 0 0 57 10967051 2022121606
0.00 0 0 0 57 10967051 2022121606
0.00 0 0 0 57 10967051 2022121606
197 19 0 51 996 119319 2022121606
0.00 0 0 0 996 119319 2022121606
0.00 0 0 0 996 119319 2022121606
0.00 0 0 0 996 119319 2022121606
0.00 0 0 0 996 119319 2022121606
0.00 0 0 0 996 119319 2022121606
0.00 0 0 0 996 119319 2022121606
0.00 0 0 0 996 119319 2022121606
0.00 0 0 0 996 119319 2022121606
0.00 0 0 0 996 119319 2022121606
0.00 0 0 0 996 119319 2022121606
0.00 0 0 0 996 119319 2022121606
0.00 0 0 0 996 119319 2022121606
52.4 5 0 0 996 122495 2022121606
0.00 0 0 0 996 122495 2022121606
0.00 0 0 0 996 122495 2022121606
0.00 0 0 0 996 122495 2022121606
0.00 0 0 0 996 122495 2022121606
0.00 0 0 0 996 122495 2022121606
0.00 0 0 0 996 122495 2022121606
0.00 0 0 0 996 122495 2022121606
0.00 0 0 0 996 122495 2022121606
0.00 0 0 0 996 122495 2022121606
0.00 0 0 0 996 122495 2022121606
0.00 0 0 0 996 122495 2022121606
0.00 0 0 0 996 122495 2022121606
0.00 0 0 0 996 122495 2022121606
0.00 0 0 0 996 122495 2022121606
0.00 0 0 0 996 122495 2022121606
0.00 0 0 0 996 122495 2022121606
0.00 0 0 0 996 122495 2022121606
0.00 0 0 0 996 122495 2022121606
0.00 0 0 0 996 122495 2022121606
0.00 0 0 0 996 122495 2022121606
0.00 0 0 0 996 122495 2022121606
0.00 0 0 0 996 122495 2022121606
0.00 0 0 0 996 122495 2022121606
0.00 0 0 0 996 122495 2022121606
0.00 0 0 0 996 122495 2022121606
0.00 0 0 0 996 122495 2022121606
0.00 0 0 0 996 122495 2022121606
0.00 0 0 0 996 122495 2022121606
0.00 0 0 0 996 122495 2022121606
0.00 0 0 0 996 122495 2022121606
0.00 0 0 0 996 122495 2022121606
0.00 0 0 0 996 122495 2022121606
0.00 0 0 0 996 122495 2022121606
0.00 0 0 0 996 122495 2022121606
0.00 0 0 0 996 122495 2022121606
0.00 0 0 0 996 122495 2022121606
0.00 0 0 0 996 122495 2022121606
0.00 0 0 0 996 122495 2022121606
0.00 0 0 0 996 122495 2022121606
0.00 0 0 0 996 122495 2022121606
0.00 0 0 0 996 122495 2022121606
0.00 0 0 0 996 122495 2022121606
0.00 0 0 0 996 122495 2022121606
0.00 0 0 0 996 122495 2022121606
0.00 0 0 0 996 122495 2022121606
0.00 0 0 0 996 122495 2022121606
0.00 0 0 0 996 122495 2022121606
0.00 0 0 0 996 122495 2022121606
0.00 0 0 0 996 122495 2022121606
0.00 0 0 0 996 122495 2022121606
0.00 0 0 0 996 122495 2022121606
0.00 0 0 0 996 122495 2022121606
0.00 0 0 0 996 122495 2022121606
0.00 0 0 0 996 122495 2022121606
0.00 0 0 0 996 122495 2022121606
0.00 0 0 0 996 122495 2022121606
0.00 0 0 0 996 122495 2022121606
0.00 0 0 0 996 122495 2022121606
0.00 0 0 0 996 122495 2022121606
0.00 0 0 0 996 122495 2022121606
0.00 0 0 0 996 122495 2022121606
0.00 0 0 0 996 122495 2022121606
0.00 0 0 0 996 122495 2022121606
0.00 0 0 0 996 122495 2022121606
0.00 0 0 0 996 122495 2022121606
0.00 0 0 0 996 122495 2022121606
0.00 0 0 0 996 122495 2022121606
0.00 0 0 0 996 122495 2022121606
0.00 0 0 0 996 122495 2022121606
0.00 0 0 0 996 122495 2022121606
0.00 0 0 0 996 122495 2022121606
0.00 0 0 0 996 122495 2022121606
0.00 0 0 0 996 122495 2022121606
0.00 0 0 0 996 122495 2022121606
0.00 0 0 0 996 122495 2022121606
0.00 0 0 0 996 122495 2022121606
0.00 0 0 0 996 122495 2022121606
0.00 0 0 0 996 122495 2022121606
0.00 0 0 0 996 122495 2022121606
0.00 0 0 0 996 122495 2022121606
0.00 0 0 0 996 122495 2022121606
0.00 0 0 0 996 122495 2022121606
0.00 0 0 0 996 122495 2022121606
0.00 0 0 0 996 122495 2022121606
0.00 0 0 0 996 122495 2022121606
0.00 0 0 0 996 122495 2022121606
0.00 0 0 0 996 122495 2022121606
0.00 0 0 0 996 122495 2022121606
0.00 0 0 0 996 122495 2022121606
0.00 0 0 0 996 122495 2022121606
0.00 0 0 0 996 122495 2022121606
0.00 0 0 0 996 122495 2022121606
0.00 0 0 0 996 122495 2022121606
0.00 0 0 0 996 122495 2022121606
0.00 0 0 0 996 122495 2022121606
0.00 0 0 0 996 122495 2022121606
0.00 0 0 0 996 122495 2022121606
0.00 0 0 0 996 122495 2022121606
0.00 0 0 0 996 122495 2022121606
0.00 0 0 0 996 122495 2022121606
0.00 0 0 0 996 122495 2022121606
0.00 0 0 0 996 122495 2022121606
0.00 0 0 0 996 122495 2022121606
0.00 0 0 0 996 122495 2022121606
0.00 0 0 0 996 122495 2022121606
0.00 0 0 0 996 122495 2022121606
0.00 0 0 0 996 122495 2022121606
0.00 0 0 0 996 122495 2022121606
0.00 0 0 0 996 122495 2022121606
0.00 0 0 0 996 122495 2022121606
19.1 1359 22 636 996 122495 2022121606
