8.47 1 1 39 1065 117490 2022121615
7.79 1 0 0 1065 117490 2022121615
6.21 1 0 0 1065 117490 2022121615
30.5 4 0 0 1065 117490 2022121615
31.5 3 0 0 1065 117490 2022121615
83.3 8 0 0 1065 117490 2022121615
72.3 7 0 0 1065 117490 2022121615
151 15 0 0 1065 117490 2022121615
62.4 6 0 0 1065 117490 2022121615
52.0 5 0 0 1065 117490 2022121615
41.6 4 0 0 1065 117490 2022121615
125 12 0 0 1065 117490 2022121615
57.2 6 0 0 1065 117490 2022121615
72.7 7 0 0 1065 117490 2022121615
57.2 6 0 0 1065 117490 2022121615
145 14 0 0 1065 117490 2022121615
62.4 6 0 0 1065 117490 2022121615
72.7 7 0 0 1065 117490 2022121615
83.1 8 0 0 1065 117490 2022121615
62.4 7 0 0 1065 117490 2022121615
88.3 9 0 0 1065 117490 2022121615
46.8 5 0 0 1065 117490 2022121615
36.4 4 0 0 1065 117490 2022121615
120 12 0 0 1065 117490 2022121615
41.6 4 0 0 1065 117490 2022121615
46.8 5 0 0 1065 117490 2022121615
72.7 7 0 0 1065 117490 2022121615
104 10 0 0 1065 117490 2022121615
77.9 8 0 0 1065 117490 2022121615
46.8 5 0 0 1065 117490 2022121615
57.2 6 0 0 1065 117490 2022121615
130 13 0 0 1065 117490 2022121615
52.0 5 0 0 1065 117490 2022121615
77.9 8 0 0 1065 117490 2022121615
57.2 6 0 0 1065 117490 2022121615
135 13 0 0 1065 117490 2022121615
57.2 6 0 0 1065 117490 2022121615
52.0 5 0 0 1065 117490 2022121615
83.1 8 0 0 1065 117490 2022121615
114 12 0 0 1065 117490 2022121615
83.1 8 0 0 1065 117490 2022121615
57.2 6 0 0 1065 117490 2022121615
57.2 6 0 0 1065 117490 2022121615
140 14 0 0 1065 117490 2022121615
41.6 4 0 0 1065 117490 2022121615
5.20 1 0 0 1065 117490 2022121615
57.2 6 0 0 1065 117490 2022121615
104 11 0 0 1065 117490 2022121615
41.6 4 0 0 1065 117490 2022121615
57.2 6 0 0 1065 117490 2022121615
52.0 5 0 0 1065 117490 2022121615
98.7 10 0 0 1065 117490 2022121615
46.8 5 0 0 1065 117490 2022121615
41.6 4 0 0 1065 117490 2022121615
62.4 6 0 0 1065 117490 2022121615
88.3 9 0 0 1065 117490 2022121615
67.6 7 0 0 1065 117490 2022121615
46.8 5 0 0 1065 117490 2022121615
41.6 4 0 0 1065 117490 2022121615
114 12 0 0 1065 117490 2022121615
41.6 4 0 0 1065 117490 2022121615
72.7 7 0 0 1065 117490 2022121615
41.6 4 0 0 1065 117490 2022121615
114 12 0 0 1065 117490 2022121615
46.8 5 0 0 1065 117490 2022121615
46.8 5 0 0 1065 117490 2022121615
72.7 7 0 0 1065 117490 2022121615
88.3 9 0 0 1065 117490 2022121615
72.7 7 0 0 1065 117490 2022121615
46.8 5 0 0 1065 117490 2022121615
46.8 5 0 0 1065 117490 2022121615
120 12 0 0 1065 117490 2022121615
52.0 5 0 0 1065 117490 2022121615
26.0 3 0 0 1065 117490 2022121615
77.9 8 0 0 1065 117490 2022121615
88.3 9 0 0 1065 117490 2022121615
72.7 7 0 0 1065 117490 2022121615
46.8 5 0 0 1065 117490 2022121615
52.0 5 0 0 1065 117490 2022121615
114 12 0 0 1065 117490 2022121615
57.2 6 0 0 1065 117490 2022121615
62.4 6 0 0 1065 117490 2022121615
52.0 5 0 0 1065 117490 2022121615
120 12 0 0 1065 117490 2022121615
52.0 5 0 0 1065 117490 2022121615
52.0 5 0 0 1065 117490 2022121615
67.6 7 0 0 1065 117490 2022121615
104 10 0 0 1065 117490 2022121615
67.6 7 0 0 1065 117490 2022121615
52.0 5 0 0 1065 117490 2022121615
52.0 5 0 0 1065 117490 2022121615
120 12 0 0 1065 117490 2022121615
57.2 6 0 0 1065 117490 2022121615
62.4 6 0 0 1065 117490 2022121615
57.2 6 0 0 1065 117490 2022121615
52.0 5 0 0 1065 117490 2022121615
109 11 0 0 1065 117490 2022121615
0.00 0 0 0 1065 117490 2022121615
120 12 0 0 1065 117490 2022121615
57.2 6 0 0 1065 117490 2022121615
62.4 6 0 0 1065 117490 2022121615
114 11 0 0 1065 118074 2022121615
0.00 0 0 0 1065 118074 2022121615
88.3 9 0 0 1065 118074 2022121615
77.9 8 0 0 1065 118198 2022121615
88.3 9 0 0 1065 118237 2022121615
0.00 0 0 0 1065 118237 2022121615
151 15 0 0 1065 113253 2022121615
0.00 0 0 0 1065 113253 2022121615
140 14 0 0 1065 118052 2022121615
0.00 0 0 0 1065 118052 2022121615
140 14 0 0 1065 118272 2022121615
0.00 0 0 0 1065 118272 2022121615
0.00 0 0 0 1065 118272 2022121615
234 23 0 0 1065 8336726 2022121615
0.00 0 0 0 1332 8336726 2022121615
0.00 0 0 0 1332 8336726 2022121615
0.00 0 0 0 1332 8336726 2022121615
199 19 0 0 1332 8336726 2022121615
0.00 0 0 0 1332 8336726 2022121615
0.00 0 0 0 1332 8336726 2022121615
0.00 0 0 0 1332 8336726 2022121615
0.00 0 0 0 1332 8336726 2022121615
0.00 0 0 0 1332 8336726 2022121615
0.00 0 0 0 1332 8336726 2022121615
0.00 0 0 0 1332 8336726 2022121615
0.00 0 0 0 1332 8336726 2022121615
0.00 0 0 0 1332 8336726 2022121615
0.00 0 0 0 1332 8336726 2022121615
0.00 0 0 0 1332 8336726 2022121615
0.00 0 0 0 1332 8336726 2022121615
0.00 0 0 0 1332 8336726 2022121615
0.00 0 0 0 1332 8336726 2022121615
0.00 0 0 0 1332 8336726 2022121615
0.00 0 0 0 1332 8336726 2022121615
0.00 0 0 0 1332 8336726 2022121615
0.00 0 0 0 1332 8336726 2022121615
0.00 0 0 0 1332 8336726 2022121615
0.00 0 0 0 1332 8336726 2022121615
0.00 0 0 0 1332 8336726 2022121615
0.00 0 0 0 1332 8336726 2022121615
0.00 0 0 0 1332 8336726 2022121615
0.00 0 0 0 1332 8336726 2022121615
0.00 0 0 0 1332 8336726 2022121615
0.00 0 0 0 1332 8336726 2022121615
0.00 0 0 0 1332 8336726 2022121615
0.00 0 0 0 1332 8336726 2022121615
0.00 0 0 0 1332 8336726 2022121615
0.00 0 0 0 1332 8336726 2022121615
0.00 0 0 0 1332 8336726 2022121615
0.00 0 0 0 1332 8336726 2022121615
0.00 0 0 0 1332 8336726 2022121615
0.00 0 0 0 1332 8336726 2022121615
0.00 0 0 0 1332 8336726 2022121615
0.00 0 0 0 1332 8336726 2022121615
0.00 0 0 0 1332 8336726 2022121615
0.00 0 0 0 1332 8336726 2022121615
0.00 0 0 0 1332 8336726 2022121615
0.00 0 0 0 1332 8336726 2022121615
0.00 0 0 0 1332 8336726 2022121615
0.00 0 0 0 1332 8336726 2022121615
0.00 0 0 0 1332 8336726 2022121615
0.00 0 0 0 1332 8336726 2022121615
0.00 0 0 0 1332 8336726 2022121615
0.00 0 0 0 1332 8336726 2022121615
0.00 0 0 0 1332 8336726 2022121615
0.00 0 0 0 1332 8336726 2022121615
0.00 0 0 0 1332 8336726 2022121615
0.00 0 0 0 1332 8336726 2022121615
0.00 0 0 0 1332 8336726 2022121615
0.00 0 0 0 1332 8336726 2022121615
0.00 0 0 0 1332 8336726 2022121615
0.00 0 0 0 1332 8336726 2022121615
0.00 0 0 0 1332 8336726 2022121615
0.00 0 0 0 1332 8336726 2022121615
0.00 0 0 0 1332 8336726 2022121615
0.00 0 0 0 1332 8336726 2022121615
0.00 0 0 0 1332 8336726 2022121615
0.00 0 0 0 1332 8336726 2022121615
0.00 0 0 0 1332 8336726 2022121615
0.00 0 0 0 1332 8336726 2022121615
0.00 0 0 0 1332 8336726 2022121615
0.00 0 0 0 1332 8336726 2022121615
0.00 0 0 0 1332 8336726 2022121615
0.00 0 0 0 1332 8336726 2022121615
0.00 0 0 0 1332 8336726 2022121615
0.00 0 0 0 1332 8336726 2022121615
0.00 0 0 0 1332 8336726 2022121615
0.00 0 0 0 1332 8336726 2022121615
0.00 0 0 0 1332 8336726 2022121615
0.00 0 0 0 1332 8336726 2022121615
0.00 0 0 0 1332 8336726 2022121615
0.00 0 0 0 1332 8336726 2022121615
0.00 0 0 0 1332 8336726 2022121615
0.00 0 0 0 1332 8336726 2022121615
0.00 0 0 0 1332 8336726 2022121615
0.00 0 0 0 1332 8336726 2022121615
0.00 0 0 0 1332 8336726 2022121615
0.00 0 0 0 1332 8336726 2022121615
0.00 0 0 0 1332 8336726 2022121615
0.00 0 0 0 1332 8336726 2022121615
0.00 0 0 0 1332 8336726 2022121615
0.00 0 0 0 1332 8336726 2022121615
0.00 0 0 0 1332 8336726 2022121615
0.00 0 0 0 1332 8336726 2022121615
0.00 0 0 0 1332 8336726 2022121615
0.00 0 0 0 1332 8336726 2022121615
0.00 0 0 0 1332 8336726 2022121615
0.00 0 0 0 1332 8336726 2022121615
0.00 0 0 0 1332 8336726 2022121615
0.00 0 0 0 1332 8336726 2022121615
0.00 0 0 0 1332 8336726 2022121615
0.00 0 0 0 1332 8336726 2022121615
0.00 0 0 0 1332 8336726 2022121615
0.00 0 0 0 1332 8336726 2022121615
0.00 0 0 0 1332 8336726 2022121615
0.00 0 0 0 1332 8336726 2022121615
0.00 0 0 0 1332 8336726 2022121615
0.00 0 0 0 1332 8336726 2022121615
0.00 0 0 0 1332 8336726 2022121615
0.00 0 0 0 1332 8336726 2022121615
0.00 0 0 0 1332 8336726 2022121615
0.00 0 0 0 1332 8336726 2022121615
0.00 0 0 0 1332 8336726 2022121615
0.00 0 0 0 1332 8336726 2022121615
0.00 0 0 0 1332 8336726 2022121615
0.00 0 0 0 1332 8336726 2022121615
0.00 0 0 0 1332 8336726 2022121615
0.00 0 0 0 1332 8336726 2022121615
0.00 0 0 0 1332 8336726 2022121615
0.00 0 0 0 1332 8336726 2022121615
141 14 0 0 1556 117510 2022121615
0.00 0 0 0 1556 117510 2022121615
52.0 5 0 30 89 117163 2022121615
77.9 8 0 0 1100 117086 2022121615
0.00 0 0 0 1100 117086 2022121615
104 10 0 0 1116 117142 2022121615
88.3 9 0 0 1127 117813 2022121615
62.4 6 0 0 1140 117432 2022121615
57.2 6 0 0 1156 117208 2022121615
93.5 9 0 0 1166 117757 2022121615
62.4 6 0 0 710 118057 2022121615
67.6 7 0 33 86 118245 2022121615
31.2 4 0 0 828 117029 2022121615
52.0 5 0 0 832 118692 2022121615
62.4 6 0 0 841 118247 2022121615
46.8 5 0 0 848 113588 2022121615
93.5 9 0 0 859 118283 2022121615
41.6 4 0 0 864 116901 2022121615
31.2 3 0 0 867 119389 2022121615
62.4 6 0 0 874 117777 2022121615
77.9 8 0 0 881 116957 2022121615
67.6 7 0 0 888 117099 2022121615
41.6 4 0 0 894 117701 2022121615
72.7 7 0 0 899 117049 2022121615
26.0 3 0 0 903 117054 2022121615
77.9 8 0 0 907 116922 2022121615
67.6 7 0 0 914 119308 2022121615
72.7 7 0 0 919 118025 2022121615
41.6 4 0 0 923 117131 2022121615
36.4 4 0 0 925 119077 2022121615
114 11 0 0 933 117051 2022121615
36.4 4 0 0 934 119084 2022121615
67.6 7 0 0 939 117040 2022121615
41.6 4 0 0 941 113396 2022121615
109 11 0 0 947 121548 2022121615
46.8 5 0 0 950 117254 2022121615
41.6 4 0 0 952 118827 2022121615
67.6 7 0 0 954 117857 2022121615
88.3 9 0 0 959 119536 2022121615
62.4 6 0 0 962 117902 2022121615
46.8 5 0 0 963 117918 2022121615
46.8 5 0 0 966 118960 2022121615
109 11 0 0 970 117253 2022121615
46.8 5 0 0 972 119229 2022121615
67.6 7 0 23 231 117759 2022121615
41.6 4 0 15 77 119400 2022121615
10.4 2 0 0 685 116984 2022121615
41.6 4 0 0 688 117990 2022121615
57.2 6 0 0 694 117031 2022121615
26.0 3 0 0 700 117765 2022121615
83.1 8 0 0 710 117674 2022121615
31.2 3 0 0 714 117918 2022121615
31.2 3 0 0 718 119423 2022121615
52.0 5 0 0 723 118234 2022121615
62.4 6 0 0 730 119447 2022121615
52.0 5 0 0 734 117893 2022121615
36.4 4 0 0 734 119293 2022121615
31.2 3 0 0 743 119326 2022121615
88.3 9 0 0 751 117090 2022121615
31.2 3 0 0 754 119103 2022121615
57.2 6 0 0 758 117658 2022121615
36.4 4 0 0 761 117120 2022121615
83.1 8 0 0 768 117052 2022121615
41.6 4 0 0 770 117609 2022121615
26.0 3 0 0 773 119275 2022121615
57.2 6 0 0 776 117735 2022121615
72.7 7 0 0 780 119357 2022121615
52.0 5 0 0 784 117993 2022121615
41.6 4 0 0 785 117613 2022121615
31.2 3 0 0 788 119359 2022121615
98.7 10 0 0 792 117724 2022121615
31.2 3 0 0 797 117511 2022121615
67.6 7 0 0 798 116984 2022121615
26.0 3 0 0 799 117741 2022121615
67.6 7 0 0 802 116938 2022121615
36.4 4 0 0 803 112992 2022121615
93.5 10 0 0 806 117194 2022121615
31.2 3 0 0 808 117676 2022121615
31.2 3 0 0 809 119467 2022121615
62.4 6 0 0 810 117864 2022121615
72.7 8 0 0 813 117455 2022121615
57.2 6 0 0 814 123499 2022121615
41.6 4 0 0 816 117950 2022121615
31.2 3 0 0 816 119243 2022121615
98.7 10 0 0 819 117747 2022121615
36.4 4 0 0 819 117777 2022121615
57.2 6 0 0 820 119797 2022121615
41.6 4 0 0 820 117271 2022121615
93.5 10 0 0 821 118000 2022121615
41.6 4 0 0 823 117468 2022121615
31.2 3 0 0 824 116884 2022121615
62.4 6 0 0 824 118026 2022121615
67.6 7 0 0 825 119088 2022121615
67.6 7 0 0 825 117175 2022121615
36.4 4 0 0 825 117157 2022121615
31.2 3 0 0 825 119022 2022121615
104 11 0 0 827 116935 2022121615
31.2 3 0 0 827 116970 2022121615
62.4 6 0 0 827 9146511 2022121615
67.6 7 0 0 1242 9146511 2022121615
20.8 2 0 0 1242 9146511 2022121615
41.6 4 0 0 1242 9146511 2022121615
93.5 9 0 0 1242 9146511 2022121615
41.6 4 0 0 1242 9146511 2022121615
57.2 6 0 0 1242 9146511 2022121615
31.2 3 0 0 1242 9146511 2022121615
46.8 5 0 0 1242 9146511 2022121615
88.3 9 0 0 1242 9146511 2022121615
0.00 0 0 0 1242 9146511 2022121615
0.00 0 0 0 1242 9146511 2022121615
115 11 0 0 1242 9146511 2022121615
0.00 0 0 0 1242 9146511 2022121615
0.00 0 0 0 1242 9146511 2022121615
0.00 0 0 0 1242 9146511 2022121615
0.00 0 0 0 1242 9146511 2022121615
0.00 0 0 0 1242 9146511 2022121615
0.00 0 0 0 1242 9146511 2022121615
0.00 0 0 0 1242 9146511 2022121615
0.00 0 0 0 1242 9146511 2022121615
0.00 0 0 0 1242 9146511 2022121615
0.00 0 0 0 1242 9146511 2022121615
0.00 0 0 0 1242 9146511 2022121615
0.00 0 0 0 1242 9146511 2022121615
0.00 0 0 0 1242 9146511 2022121615
0.00 0 0 0 1242 9146511 2022121615
0.00 0 0 0 1242 9146511 2022121615
0.00 0 0 0 1242 9146511 2022121615
0.00 0 0 0 1242 9146511 2022121615
0.00 0 0 0 1242 9146511 2022121615
0.00 0 0 0 1242 9146511 2022121615
0.00 0 0 0 1242 9146511 2022121615
0.00 0 0 0 1242 9146511 2022121615
0.00 0 0 0 1242 9146511 2022121615
0.00 0 0 0 1242 9146511 2022121615
0.00 0 0 0 1242 9146511 2022121615
0.00 0 0 0 1242 9146511 2022121615
0.00 0 0 0 1242 9146511 2022121615
0.00 0 0 0 1242 9146511 2022121615
0.00 0 0 0 1242 9146511 2022121615
0.00 0 0 0 1242 9146511 2022121615
0.00 0 0 0 1242 9146511 2022121615
0.00 0 0 0 1242 9146511 2022121615
0.00 0 0 0 1242 9146511 2022121615
0.00 0 0 0 1242 9146511 2022121615
0.00 0 0 0 1242 9146511 2022121615
0.00 0 0 0 1242 9146511 2022121615
0.00 0 0 0 1242 9146511 2022121615
0.00 0 0 0 1242 9146511 2022121615
0.00 0 0 0 1242 9146511 2022121615
0.00 0 0 0 1242 9146511 2022121615
0.00 0 0 0 1242 9146511 2022121615
0.00 0 0 0 1242 9146511 2022121615
0.00 0 0 0 1242 9146511 2022121615
0.00 0 0 0 1242 9146511 2022121615
0.00 0 0 0 1242 9146511 2022121615
0.00 0 0 0 1242 9146511 2022121615
0.00 0 0 0 1242 9146511 2022121615
0.00 0 0 0 1242 9146511 2022121615
0.00 0 0 0 1242 9146511 2022121615
0.00 0 0 0 1242 9146511 2022121615
0.00 0 0 0 1242 9146511 2022121615
0.00 0 0 0 1242 9146511 2022121615
0.00 0 0 0 1242 9146511 2022121615
0.00 0 0 0 1242 9146511 2022121615
0.00 0 0 0 1242 9146511 2022121615
0.00 0 0 0 1242 9146511 2022121615
0.00 0 0 0 1242 9146511 2022121615
0.00 0 0 0 1242 9146511 2022121615
0.00 0 0 0 1242 9146511 2022121615
0.00 0 0 0 1242 9146511 2022121615
0.00 0 0 0 1242 9146511 2022121615
0.00 0 0 0 1242 9146511 2022121615
0.00 0 0 0 1242 9146511 2022121615
0.00 0 0 0 1242 9146511 2022121615
0.00 0 0 0 1242 9146511 2022121615
0.00 0 0 0 1242 9146511 2022121615
0.00 0 0 0 1242 9146511 2022121615
0.00 0 0 0 1242 9146511 2022121615
0.00 0 0 0 1242 9146511 2022121615
0.00 0 0 0 1242 9146511 2022121615
0.00 0 0 0 1242 9146511 2022121615
0.00 0 0 0 1242 9146511 2022121615
0.00 0 0 0 1242 9146511 2022121615
0.00 0 0 0 1242 9146511 2022121615
0.00 0 0 0 1242 9146511 2022121615
0.00 0 0 0 1242 9146511 2022121615
0.00 0 0 0 1242 9146511 2022121615
0.00 0 0 0 1242 9146511 2022121615
0.00 0 0 0 1242 9146511 2022121615
0.00 0 0 0 1242 9146511 2022121615
0.00 0 0 0 1242 9146511 2022121615
0.00 0 0 0 1242 9146511 2022121615
0.00 0 0 0 1242 9146511 2022121615
0.00 0 0 0 1242 9146511 2022121615
0.00 0 0 0 1242 9146511 2022121615
0.00 0 0 0 1242 9146511 2022121615
0.00 0 0 0 1242 9146511 2022121615
0.00 0 0 0 1242 9146511 2022121615
0.00 0 0 0 1242 9146511 2022121615
0.00 0 0 0 1242 9146511 2022121615
0.00 0 0 0 1242 9146511 2022121615
0.00 0 0 0 1242 9146511 2022121615
0.00 0 0 0 1242 9146511 2022121615
0.00 0 0 0 1242 9146511 2022121615
0.00 0 0 0 1242 9146511 2022121615
0.00 0 0 0 1242 9146511 2022121615
0.00 0 0 0 1242 9146511 2022121615
0.00 0 0 0 1242 9146511 2022121615
0.00 0 0 0 1242 9146511 2022121615
0.00 0 0 0 1242 9146511 2022121615
0.00 0 0 0 1242 9146511 2022121615
97.7 10 0 19 350 118097 2022121615
0.00 0 0 0 350 118097 2022121615
0.00 0 0 0 350 118097 2022121615
93.5 9 0 0 897 119932 2022121615
67.6 7 0 0 914 117843 2022121615
46.8 5 0 0 929 10339976 2022121615
0.00 0 0 0 1394 10339976 2022121615
62.9 6 0 0 1394 10339976 2022121615
0.00 0 0 0 1394 10339976 2022121615
0.00 0 0 0 1394 10339976 2022121615
0.00 0 0 0 1394 10339976 2022121615
0.00 0 0 0 1394 10339976 2022121615
0.00 0 0 0 1394 10339976 2022121615
0.00 0 0 0 1394 10339976 2022121615
0.00 0 0 0 1394 10339976 2022121615
0.00 0 0 0 1394 10339976 2022121615
0.00 0 0 0 1394 10339976 2022121615
0.00 0 0 0 1394 10339976 2022121615
0.00 0 0 0 1394 10339976 2022121615
0.00 0 0 0 1394 10339976 2022121615
0.00 0 0 0 1394 10339976 2022121615
0.00 0 0 0 1394 10339976 2022121615
0.00 0 0 0 1394 10339976 2022121615
0.00 0 0 0 1394 10339976 2022121615
0.00 0 0 0 1394 10339976 2022121615
0.00 0 0 0 1394 10339976 2022121615
0.00 0 0 0 1394 10339976 2022121615
0.00 0 0 0 1394 10339976 2022121615
0.00 0 0 0 1394 10339976 2022121615
0.00 0 0 0 1394 10339976 2022121615
0.00 0 0 0 1394 10339976 2022121615
0.00 0 0 0 1394 10339976 2022121615
0.00 0 0 0 1394 10339976 2022121615
0.00 0 0 0 1394 10339976 2022121615
0.00 0 0 0 1394 10339976 2022121615
0.00 0 0 0 1394 10339976 2022121615
0.00 0 0 0 1394 10339976 2022121615
0.00 0 0 0 1394 10339976 2022121615
0.00 0 0 0 1394 10339976 2022121615
0.00 0 0 0 1394 10339976 2022121615
0.00 0 0 0 1394 10339976 2022121615
0.00 0 0 0 1394 10339976 2022121615
0.00 0 0 0 1394 10339976 2022121615
0.00 0 0 0 1394 10339976 2022121615
0.00 0 0 0 1394 10339976 2022121615
0.00 0 0 0 1394 10339976 2022121615
0.00 0 0 0 1394 10339976 2022121615
0.00 0 0 0 1394 10339976 2022121615
0.00 0 0 0 1394 10339976 2022121615
0.00 0 0 0 1394 10339976 2022121615
0.00 0 0 0 1394 10339976 2022121615
0.00 0 0 0 1394 10339976 2022121615
0.00 0 0 0 1394 10339976 2022121615
0.00 0 0 0 1394 10339976 2022121615
0.00 0 0 0 1394 10339976 2022121615
0.00 0 0 0 1394 10339976 2022121615
0.00 0 0 0 1394 10339976 2022121615
0.00 0 0 0 1394 10339976 2022121615
0.00 0 0 0 1394 10339976 2022121615
0.00 0 0 0 1394 10339976 2022121615
0.00 0 0 0 1394 10339976 2022121615
0.00 0 0 0 1394 10339976 2022121615
0.00 0 0 0 1394 10339976 2022121615
0.00 0 0 0 1394 10339976 2022121615
0.00 0 0 0 1394 10339976 2022121615
0.00 0 0 0 1394 10339976 2022121615
0.00 0 0 0 1394 10339976 2022121615
0.00 0 0 0 1394 10339976 2022121615
0.00 0 0 0 1394 10339976 2022121615
0.00 0 0 0 1394 10339976 2022121615
0.00 0 0 0 1394 10339976 2022121615
0.00 0 0 0 1394 10339976 2022121615
0.00 0 0 0 1394 10339976 2022121615
0.00 0 0 0 1394 10339976 2022121615
0.00 0 0 0 1394 10339976 2022121615
0.00 0 0 0 1394 10339976 2022121615
0.00 0 0 0 1394 10339976 2022121615
0.00 0 0 0 1394 10339976 2022121615
0.00 0 0 0 1394 10339976 2022121615
0.00 0 0 0 1394 10339976 2022121615
0.00 0 0 0 1394 10339976 2022121615
0.00 0 0 0 1394 10339976 2022121615
0.00 0 0 0 1394 10339976 2022121615
0.00 0 0 0 1394 10339976 2022121615
0.00 0 0 0 1394 10339976 2022121615
0.00 0 0 0 1394 10339976 2022121615
0.00 0 0 0 1394 10339976 2022121615
0.00 0 0 0 1394 10339976 2022121615
0.00 0 0 0 1394 10339976 2022121615
0.00 0 0 0 1394 10339976 2022121615
0.00 0 0 0 1394 10339976 2022121615
0.00 0 0 0 1394 10339976 2022121615
0.00 0 0 0 1394 10339976 2022121615
0.00 0 0 0 1394 10339976 2022121615
0.00 0 0 0 1394 10339976 2022121615
0.00 0 0 0 1394 10339976 2022121615
0.00 0 0 0 1394 10339976 2022121615
0.00 0 0 0 1394 10339976 2022121615
0.00 0 0 0 1394 10339976 2022121615
0.00 0 0 0 1394 10339976 2022121615
0.00 0 0 0 1394 10339976 2022121615
0.00 0 0 0 1394 10339976 2022121615
0.00 0 0 0 1394 10339976 2022121615
0.00 0 0 0 1394 10339976 2022121615
0.00 0 0 0 1394 10339976 2022121615
0.00 0 0 0 1394 10339976 2022121615
0.00 0 0 0 1394 10339976 2022121615
0.00 0 0 0 1394 10339976 2022121615
0.00 0 0 0 1394 10339976 2022121615
0.00 0 0 0 1394 10339976 2022121615
0.00 0 0 0 1394 10339976 2022121615
0.00 0 0 0 1394 10339976 2022121615
0.00 0 0 0 1394 10339976 2022121615
0.00 0 0 0 1394 10339976 2022121615
0.00 0 0 0 1394 10339976 2022121615
0.00 0 0 0 1394 10339976 2022121615
0.00 0 0 0 1394 10339976 2022121615
0.00 0 0 0 1394 10339976 2022121615
0.00 0 0 0 1394 10339976 2022121615
119 12 0 0 1394 117269 2022121615
0.00 0 0 0 1394 117269 2022121615
0.00 0 0 0 1394 117269 2022121615
0.00 0 0 0 1394 117269 2022121615
161 16 0 0 1394 117311 2022121615
140 14 0 0 1394 117168 2022121615
0.00 0 0 0 1394 117168 2022121615
156 15 0 47 679 117525 2022121615
0.00 0 0 0 679 117525 2022121615
0.00 0 0 0 679 117525 2022121615
0.00 0 0 0 679 117525 2022121615
260 25 0 5 671 119106 2022121615
0.00 0 0 0 671 119106 2022121615
0.00 0 0 0 671 119106 2022121615
0.00 0 0 0 671 119106 2022121615
135 13 0 0 689 115011 2022121615
0.00 0 0 0 689 115011 2022121615
0.00 0 0 0 689 115011 2022121615
109 11 0 0 708 117830 2022121615
0.00 0 0 0 708 117830 2022121615
0.00 0 0 0 708 117830 2022121615
140 14 0 0 714 113425 2022121615
0.00 0 0 0 714 113425 2022121615
0.00 0 0 0 714 113425 2022121615
130 13 0 0 714 117778 2022121615
0.00 0 0 0 714 117778 2022121615
72.7 7 0 0 714 121619 2022121615
46.8 5 0 0 714 117429 2022121615
36.5 4 0 0 714 117343 2022121615
46.7 5 0 0 714 117374 2022121615
36.4 4 0 0 744 121426 2022121615
36.4 4 0 0 751 121313 2022121615
36.4 4 0 0 751 121383 2022121615
72.7 8 0 0 772 117302 2022121615
41.6 4 0 0 773 117306 2022121615
36.4 4 0 0 773 121469 2022121615
72.7 7 0 0 773 117389 2022121615
36.4 4 0 0 773 113599 2022121615
36.4 4 0 0 773 113401 2022121615
27.7 1672 1 211 773 113401 2022121615
