13.7 2 0 0 27 118741 2022121616
0.00 0 1 0 55 116133 2022121616
10.4 1 0 0 110 118860 2022121616
19.5 2 0 0 162 118858 2022121616
28.0 3 0 0 324 117405 2022121616
52.4 5 0 0 325 122358 2022121616
61.9 6 0 0 649 118877 2022121616
182 18 0 0 878 117267 2022121616
46.8 5 0 0 878 117569 2022121616
41.6 4 0 0 878 117319 2022121616
36.4 4 0 0 878 117451 2022121616
77.9 8 0 0 878 117049 2022121616
0.00 0 0 0 878 117049 2022121616
52.0 5 1 0 878 117323 2022121616
46.8 5 0 0 892 116982 2022121616
41.6 4 0 0 892 117172 2022121616
41.6 4 0 0 892 117390 2022121616
88.3 9 0 0 907 117073 2022121616
52.0 5 0 0 908 117048 2022121616
31.2 3 0 0 908 117086 2022121616
46.8 5 0 0 908 117332 2022121616
83.1 9 0 0 939 117206 2022121616
46.8 5 0 0 963 117104 2022121616
46.8 5 0 0 963 117195 2022121616
46.8 5 0 0 963 117394 2022121616
93.5 10 0 0 963 121086 2022121616
46.8 5 0 0 963 117438 2022121616
46.8 5 0 0 963 117187 2022121616
46.8 5 0 0 963 113013 2022121616
46.8 5 0 0 963 271304 2022121616
0.00 0 0 0 963 271304 2022121616
41.9 4 0 0 963 271304 2022121616
0.00 0 0 0 963 271304 2022121616
115 11 0 279 13 119069 2022121616
0.00 0 0 0 13 119069 2022121616
0.00 0 0 0 13 119069 2022121616
0.00 0 0 0 13 119069 2022121616
0.00 0 0 0 13 119069 2022121616
0.00 0 0 0 13 119069 2022121616
0.00 0 0 0 13 119069 2022121616
0.00 0 0 0 13 119069 2022121616
0.00 0 0 0 13 119069 2022121616
0.00 0 0 0 13 119069 2022121616
0.00 0 0 0 13 119069 2022121616
0.00 0 0 0 13 119069 2022121616
0.00 0 0 0 13 119069 2022121616
0.00 0 0 0 13 119069 2022121616
0.00 0 0 0 13 119069 2022121616
0.00 0 0 0 13 119069 2022121616
0.00 0 0 0 13 119069 2022121616
0.00 0 0 0 13 119069 2022121616
0.00 0 0 0 13 119069 2022121616
0.00 0 0 0 13 119069 2022121616
0.00 0 0 0 13 119069 2022121616
0.00 0 0 0 13 119069 2022121616
0.00 0 0 0 13 119069 2022121616
0.00 0 0 0 13 119069 2022121616
0.00 0 0 0 13 119069 2022121616
0.00 0 0 0 13 119069 2022121616
0.00 0 0 0 13 119069 2022121616
0.00 0 0 0 13 119069 2022121616
0.00 0 0 0 13 119069 2022121616
0.00 0 0 0 13 119069 2022121616
0.00 0 0 0 13 119069 2022121616
0.00 0 0 0 13 119069 2022121616
0.00 0 0 0 13 119069 2022121616
0.00 0 0 0 13 119069 2022121616
0.00 0 0 0 13 119069 2022121616
0.00 0 0 0 13 119069 2022121616
0.00 0 0 0 13 119069 2022121616
0.00 0 0 0 13 119069 2022121616
0.00 0 0 0 13 119069 2022121616
0.00 0 0 0 13 119069 2022121616
0.00 0 0 0 13 119069 2022121616
0.00 0 0 0 13 119069 2022121616
0.00 0 0 0 13 119069 2022121616
0.00 0 0 0 13 119069 2022121616
0.00 0 0 0 13 119069 2022121616
0.00 0 0 0 13 119069 2022121616
0.00 0 0 0 13 119069 2022121616
0.00 0 0 0 13 119069 2022121616
0.00 0 0 0 13 119069 2022121616
0.00 0 0 0 13 119069 2022121616
0.00 0 0 0 13 119069 2022121616
0.00 0 0 0 13 119069 2022121616
0.00 0 0 0 13 119069 2022121616
0.00 0 0 0 13 119069 2022121616
0.00 0 0 0 13 119069 2022121616
0.00 0 0 0 13 119069 2022121616
0.00 0 0 0 13 119069 2022121616
0.00 0 0 0 13 119069 2022121616
0.00 0 0 0 13 119069 2022121616
0.00 0 0 0 13 119069 2022121616
0.00 0 0 0 13 119069 2022121616
0.00 0 0 0 13 119069 2022121616
0.00 0 0 0 13 119069 2022121616
0.00 0 0 0 13 119069 2022121616
0.00 0 0 0 13 119069 2022121616
0.00 0 0 0 13 119069 2022121616
0.00 0 0 0 13 119069 2022121616
0.00 0 0 0 13 119069 2022121616
0.00 0 0 0 13 119069 2022121616
0.00 0 0 0 13 119069 2022121616
0.00 0 0 0 13 119069 2022121616
0.00 0 0 0 13 119069 2022121616
0.00 0 0 0 13 119069 2022121616
0.00 0 0 0 13 119069 2022121616
0.00 0 0 0 13 119069 2022121616
0.00 0 0 0 13 119069 2022121616
0.00 0 0 0 13 119069 2022121616
0.00 0 0 0 13 119069 2022121616
0.00 0 0 0 13 119069 2022121616
0.00 0 0 0 13 119069 2022121616
0.00 0 0 0 13 119069 2022121616
0.00 0 0 0 13 119069 2022121616
0.00 0 0 0 13 119069 2022121616
0.00 0 0 0 13 119069 2022121616
0.00 0 0 0 13 119069 2022121616
0.00 0 0 0 13 119069 2022121616
0.00 0 0 0 13 119069 2022121616
0.00 0 0 0 13 119069 2022121616
0.00 0 0 0 13 119069 2022121616
0.00 0 0 0 13 119069 2022121616
0.00 0 0 0 13 119069 2022121616
0.00 0 0 0 13 119069 2022121616
0.00 0 0 0 13 119069 2022121616
0.00 0 0 0 13 119069 2022121616
0.00 0 0 0 13 119069 2022121616
0.00 0 0 0 13 119069 2022121616
0.00 0 0 0 13 119069 2022121616
0.00 0 0 0 13 119069 2022121616
0.00 0 0 0 13 119069 2022121616
0.00 0 0 0 13 119069 2022121616
0.00 0 0 0 13 119069 2022121616
0.00 0 0 0 13 119069 2022121616
0.00 0 0 0 13 119069 2022121616
0.00 0 0 0 13 119069 2022121616
0.00 0 0 0 13 119069 2022121616
0.00 0 0 0 13 119069 2022121616
0.00 0 0 0 13 119069 2022121616
0.00 0 0 0 13 119069 2022121616
0.00 0 0 0 13 119069 2022121616
0.00 0 0 0 13 119069 2022121616
0.00 0 0 0 13 119069 2022121616
0.00 0 0 0 13 119069 2022121616
0.00 0 0 0 13 119069 2022121616
0.00 0 0 0 13 119069 2022121616
0.00 0 0 0 13 119069 2022121616
0.00 0 0 0 13 119069 2022121616
0.00 0 0 0 13 119069 2022121616
334 32 0 0 110 118771 2022121616
0.00 0 0 0 110 118771 2022121616
0.00 0 0 0 110 118771 2022121616
0.00 0 0 0 110 118771 2022121616
0.00 0 1 0 220 118082 2022121616
15.6 2 0 0 394 116977 2022121616
0.00 0 1 0 441 119208 2022121616
26.0 3 0 0 748 116875 2022121616
15.6 2 0 0 757 115778 2022121616
52.0 5 0 0 795 113280 2022121616
36.4 4 0 0 814 116961 2022121616
88.3 9 0 0 842 113712 2022121616
41.6 4 0 0 848 117976 2022121616
36.4 4 0 0 852 119371 2022121616
62.4 6 0 0 859 117916 2022121616
72.7 8 0 0 865 119366 2022121616
67.6 7 0 0 871 117628 2022121616
36.4 4 0 0 875 118100 2022121616
36.4 4 0 0 878 119499 2022121616
67.6 7 0 0 886 117727 2022121616
67.6 7 0 0 889 119063 2022121616
77.9 8 0 0 897 117056 2022121616
67.6 7 0 0 901 117005 2022121616
41.6 4 0 0 903 117147 2022121616
72.7 7 0 0 905 117278 2022121616
41.6 4 0 0 908 119037 2022121616
62.4 6 0 0 911 117378 2022121616
83.1 8 0 0 916 118341 2022121616
57.2 6 0 0 918 117455 2022121616
46.8 5 0 0 918 117132 2022121616
41.6 4 0 0 918 116913 2022121616
83.1 8 0 0 918 117124 2022121616
41.6 4 0 0 918 117357 2022121616
41.6 4 0 0 918 116927 2022121616
46.8 5 0 0 918 117207 2022121616
41.6 4 0 0 918 117265 2022121616
62.4 6 0 0 918 117189 2022121616
88.3 9 0 0 918 117288 2022121616
46.8 5 0 0 918 117133 2022121616
41.6 4 0 0 918 116979 2022121616
41.6 4 0 0 918 117059 2022121616
93.5 10 0 0 918 117173 2022121616
46.8 5 0 0 918 117106 2022121616
46.8 5 0 0 918 117522 2022121616
41.6 4 0 0 918 117442 2022121616
83.1 8 0 0 918 117130 2022121616
36.4 4 0 0 918 116974 2022121616
46.8 5 0 0 918 117060 2022121616
46.8 5 0 0 918 117376 2022121616
36.4 4 0 0 918 117430 2022121616
41.6 4 0 0 918 117280 2022121616
62.4 6 0 0 918 117289 2022121616
57.2 6 0 0 918 117126 2022121616
41.6 4 0 0 932 117358 2022121616
46.8 5 0 0 948 117335 2022121616
46.8 5 0 0 952 118739 2022121616
72.7 7 0 0 952 117049 2022121616
41.6 4 0 0 952 117269 2022121616
46.8 5 0 0 952 117469 2022121616
46.8 5 0 0 952 117044 2022121616
88.3 9 0 0 952 117355 2022121616
41.6 4 0 0 952 121105 2022121616
41.6 4 0 0 952 117345 2022121616
46.8 5 0 0 952 117382 2022121616
83.1 9 0 0 952 117571 2022121616
46.8 5 0 0 952 117570 2022121616
36.4 4 0 0 952 117351 2022121616
77.9 8 0 0 952 117019 2022121616
46.8 5 0 0 952 117245 2022121616
46.8 5 0 0 952 116919 2022121616
41.6 4 0 0 952 117237 2022121616
78.2 8 0 0 952 117045 2022121616
62.1 7 0 0 952 117523 2022121616
46.8 5 0 0 952 117121 2022121616
36.4 4 0 0 952 118404 2022121616
52.0 5 0 0 952 117554 2022121616
57.2 6 0 0 952 118868 2022121616
0.00 0 0 0 952 118868 2022121616
0.00 0 0 0 952 118868 2022121616
0.00 0 0 0 952 118868 2022121616
0.00 0 0 0 952 118868 2022121616
0.00 0 0 0 952 118868 2022121616
0.00 0 0 0 952 118868 2022121616
0.00 0 0 0 952 118868 2022121616
329 32 0 0 961 112906 2022121616
31.2 3 0 0 961 117049 2022121616
120 12 0 0 963 117174 2022121616
31.2 3 0 0 965 117406 2022121616
46.8 5 0 0 965 118152 2022121616
62.4 6 0 0 965 117082 2022121616
93.5 10 0 0 966 118871 2022121616
67.6 7 0 0 966 116905 2022121616
41.6 4 0 0 967 117068 2022121616
52.0 5 0 0 967 118303 2022121616
104 10 0 0 969 117850 2022121616
52.0 5 0 0 969 118316 2022121616
62.4 6 0 0 970 117431 2022121616
98.7 10 0 0 972 118243 2022121616
57.2 6 0 0 973 117943 2022121616
46.8 5 0 0 973 118797 2022121616
52.0 5 0 0 974 118772 2022121616
109 11 0 0 976 118494 2022121616
52.0 5 0 0 977 118738 2022121616
57.2 6 0 0 979 118167 2022121616
46.8 5 0 0 980 117959 2022121616
57.2 6 0 0 981 118796 2022121616
104 11 0 0 985 118527 2022121616
0.00 0 0 0 985 118527 2022121616
135 14 0 0 988 118109 2022121616
57.2 6 0 0 990 113545 2022121616
46.8 5 0 0 991 117940 2022121616
57.2 6 0 0 994 118143 2022121616
104 11 0 0 999 117488 2022121616
57.2 6 0 0 999 118449 2022121616
57.2 6 0 0 1002 117398 2022121616
104 10 0 0 1006 118324 2022121616
62.4 6 0 0 1009 117194 2022121616
46.8 5 0 0 1010 118027 2022121616
57.2 6 0 0 1013 118522 2022121616
109 11 0 0 1019 118020 2022121616
57.2 6 0 0 1023 114099 2022121616
57.2 6 0 0 1025 112988 2022121616
52.0 5 0 0 1028 118061 2022121616
120 12 0 0 1035 117572 2022121616
46.8 5 0 0 1041 118324 2022121616
83.1 8 0 0 1046 117267 2022121616
57.2 6 0 0 1049 117929 2022121616
67.6 7 0 0 1053 118446 2022121616
46.8 5 0 0 1057 117404 2022121616
120 12 0 0 1065 118701 2022121616
52.0 5 0 0 1074 119180 2022121616
0.00 0 0 0 1074 119180 2022121616
120 12 0 0 1089 12122651 2022121616
0.00 0 0 32 1059 9705170 2022121616
0.00 0 0 0 1271 9705170 2022121616
31.5 3 0 0 1271 9705170 2022121616
0.00 0 0 0 1271 9705170 2022121616
0.00 0 0 0 1271 9705170 2022121616
0.00 0 0 0 1271 9705170 2022121616
0.00 0 0 0 1271 9705170 2022121616
0.00 0 0 0 1271 9705170 2022121616
0.00 0 0 0 1271 9705170 2022121616
0.00 0 0 0 1271 9705170 2022121616
0.00 0 0 0 1271 9705170 2022121616
0.00 0 0 0 1271 9705170 2022121616
0.00 0 0 0 1271 9705170 2022121616
0.00 0 0 0 1271 9705170 2022121616
0.00 0 0 0 1271 9705170 2022121616
0.00 0 0 0 1271 9705170 2022121616
0.00 0 0 0 1271 9705170 2022121616
0.00 0 0 0 1271 9705170 2022121616
0.00 0 0 0 1271 9705170 2022121616
0.00 0 0 0 1271 9705170 2022121616
0.00 0 0 0 1271 9705170 2022121616
0.00 0 0 0 1271 9705170 2022121616
0.00 0 0 0 1271 9705170 2022121616
0.00 0 0 0 1271 9705170 2022121616
0.00 0 0 0 1271 9705170 2022121616
0.00 0 0 0 1271 9705170 2022121616
0.00 0 0 0 1271 9705170 2022121616
0.00 0 0 0 1271 9705170 2022121616
0.00 0 0 0 1271 9705170 2022121616
0.00 0 0 0 1271 9705170 2022121616
0.00 0 0 0 1271 9705170 2022121616
0.00 0 0 0 1271 9705170 2022121616
0.00 0 0 0 1271 9705170 2022121616
0.00 0 0 0 1271 9705170 2022121616
0.00 0 0 0 1271 9705170 2022121616
0.00 0 0 0 1271 9705170 2022121616
0.00 0 0 0 1271 9705170 2022121616
0.00 0 0 0 1271 9705170 2022121616
0.00 0 0 0 1271 9705170 2022121616
0.00 0 0 0 1271 9705170 2022121616
0.00 0 0 0 1271 9705170 2022121616
0.00 0 0 0 1271 9705170 2022121616
0.00 0 0 0 1271 9705170 2022121616
0.00 0 0 0 1271 9705170 2022121616
0.00 0 0 0 1271 9705170 2022121616
0.00 0 0 0 1271 9705170 2022121616
0.00 0 0 0 1271 9705170 2022121616
0.00 0 0 0 1271 9705170 2022121616
0.00 0 0 0 1271 9705170 2022121616
0.00 0 0 0 1271 9705170 2022121616
0.00 0 0 0 1271 9705170 2022121616
0.00 0 0 0 1271 9705170 2022121616
0.00 0 0 0 1271 9705170 2022121616
0.00 0 0 0 1271 9705170 2022121616
0.00 0 0 0 1271 9705170 2022121616
0.00 0 0 0 1271 9705170 2022121616
0.00 0 0 0 1271 9705170 2022121616
0.00 0 0 0 1271 9705170 2022121616
0.00 0 0 0 1271 9705170 2022121616
0.00 0 0 0 1271 9705170 2022121616
0.00 0 0 0 1271 9705170 2022121616
0.00 0 0 0 1271 9705170 2022121616
0.00 0 0 0 1271 9705170 2022121616
0.00 0 0 0 1271 9705170 2022121616
0.00 0 0 0 1271 9705170 2022121616
0.00 0 0 0 1271 9705170 2022121616
0.00 0 0 0 1271 9705170 2022121616
0.00 0 0 0 1271 9705170 2022121616
0.00 0 0 0 1271 9705170 2022121616
0.00 0 0 0 1271 9705170 2022121616
0.00 0 0 0 1271 9705170 2022121616
0.00 0 0 0 1271 9705170 2022121616
0.00 0 0 0 1271 9705170 2022121616
0.00 0 0 0 1271 9705170 2022121616
0.00 0 0 0 1271 9705170 2022121616
0.00 0 0 0 1271 9705170 2022121616
0.00 0 0 0 1271 9705170 2022121616
0.00 0 0 0 1271 9705170 2022121616
0.00 0 0 0 1271 9705170 2022121616
0.00 0 0 0 1271 9705170 2022121616
0.00 0 0 0 1271 9705170 2022121616
0.00 0 0 0 1271 9705170 2022121616
0.00 0 0 0 1271 9705170 2022121616
0.00 0 0 0 1271 9705170 2022121616
0.00 0 0 0 1271 9705170 2022121616
0.00 0 0 0 1271 9705170 2022121616
0.00 0 0 0 1271 9705170 2022121616
0.00 0 0 0 1271 9705170 2022121616
0.00 0 0 0 1271 9705170 2022121616
0.00 0 0 0 1271 9705170 2022121616
0.00 0 0 0 1271 9705170 2022121616
0.00 0 0 0 1271 9705170 2022121616
0.00 0 0 0 1271 9705170 2022121616
0.00 0 0 0 1271 9705170 2022121616
0.00 0 0 0 1271 9705170 2022121616
0.00 0 0 0 1271 9705170 2022121616
0.00 0 0 0 1271 9705170 2022121616
0.00 0 0 0 1271 9705170 2022121616
0.00 0 0 0 1271 9705170 2022121616
0.00 0 0 0 1271 9705170 2022121616
0.00 0 0 0 1271 9705170 2022121616
0.00 0 0 0 1271 9705170 2022121616
0.00 0 0 0 1271 9705170 2022121616
0.00 0 0 0 1271 9705170 2022121616
0.00 0 0 0 1271 9705170 2022121616
0.00 0 0 0 1271 9705170 2022121616
0.00 0 0 0 1271 9705170 2022121616
0.00 0 0 0 1271 9705170 2022121616
0.00 0 0 0 1271 9705170 2022121616
0.00 0 0 0 1271 9705170 2022121616
0.00 0 0 0 1271 9705170 2022121616
0.00 0 0 0 1271 9705170 2022121616
0.00 0 0 0 1271 9705170 2022121616
0.00 0 0 0 1271 9705170 2022121616
0.00 0 0 0 1271 9705170 2022121616
0.00 0 0 0 1271 9705170 2022121616
0.00 0 0 0 1271 9705170 2022121616
0.00 0 0 0 1271 9705170 2022121616
0.00 0 0 0 1271 9705170 2022121616
0.00 0 0 0 1271 9705170 2022121616
0.00 0 0 0 1271 9705170 2022121616
0.00 0 0 0 1271 9705170 2022121616
0.00 0 0 0 1271 9705170 2022121616
0.00 0 0 0 1271 9705170 2022121616
0.00 0 0 0 1271 9705170 2022121616
0.00 0 0 0 1271 9705170 2022121616
0.00 0 0 0 1271 9705170 2022121616
0.00 0 0 0 1271 9705170 2022121616
0.00 0 0 0 1271 9705170 2022121616
0.00 0 0 0 1271 9705170 2022121616
0.00 0 0 0 1271 9705170 2022121616
0.00 0 0 0 1271 9705170 2022121616
286 28 0 0 1271 9705170 2022121616
0.00 0 0 0 1271 9705170 2022121616
0.00 0 0 0 1271 9705170 2022121616
0.00 0 0 0 1271 9705170 2022121616
0.00 0 0 0 1271 9705170 2022121616
0.00 0 0 0 1271 9705170 2022121616
330 32 0 0 1271 9705170 2022121616
0.00 0 0 0 1271 9705170 2022121616
0.00 0 0 0 1271 9705170 2022121616
0.00 0 0 0 1271 9705170 2022121616
197 19 0 0 1271 9705170 2022121616
0.00 0 0 0 1271 9705170 2022121616
192 19 0 0 1271 9705170 2022121616
41.6 4 0 0 1271 9705170 2022121616
41.6 4 0 0 1271 9705170 2022121616
46.8 5 0 0 1271 9705170 2022121616
31.2 3 0 0 1271 9705170 2022121616
83.1 8 0 0 1271 9705170 2022121616
130 13 0 0 1271 9705170 2022121616
0.00 0 0 0 1271 9705170 2022121616
125 12 0 0 1271 9705170 2022121616
0.00 0 0 0 1271 9705170 2022121616
21.0 2 0 0 1271 9705170 2022121616
0.00 0 0 0 1271 9705170 2022121616
0.00 0 0 0 1271 9705170 2022121616
0.00 0 0 0 1271 9705170 2022121616
0.00 0 0 0 1271 9705170 2022121616
0.00 0 0 0 1271 9705170 2022121616
0.00 0 0 0 1271 9705170 2022121616
0.00 0 0 0 1271 9705170 2022121616
0.00 0 0 0 1271 9705170 2022121616
0.00 0 0 0 1271 9705170 2022121616
0.00 0 0 0 1271 9705170 2022121616
0.00 0 0 0 1271 9705170 2022121616
0.00 0 0 0 1271 9705170 2022121616
0.00 0 0 0 1271 9705170 2022121616
0.00 0 0 0 1271 9705170 2022121616
0.00 0 0 0 1271 9705170 2022121616
0.00 0 0 0 1271 9705170 2022121616
0.00 0 0 0 1271 9705170 2022121616
0.00 0 0 0 1271 9705170 2022121616
0.00 0 0 0 1271 9705170 2022121616
0.00 0 0 0 1271 9705170 2022121616
0.00 0 0 0 1271 9705170 2022121616
0.00 0 0 0 1271 9705170 2022121616
0.00 0 0 0 1271 9705170 2022121616
0.00 0 0 0 1271 9705170 2022121616
0.00 0 0 0 1271 9705170 2022121616
0.00 0 0 0 1271 9705170 2022121616
0.00 0 0 0 1271 9705170 2022121616
0.00 0 0 0 1271 9705170 2022121616
0.00 0 0 0 1271 9705170 2022121616
0.00 0 0 0 1271 9705170 2022121616
0.00 0 0 0 1271 9705170 2022121616
0.00 0 0 0 1271 9705170 2022121616
0.00 0 0 0 1271 9705170 2022121616
0.00 0 0 0 1271 9705170 2022121616
0.00 0 0 0 1271 9705170 2022121616
0.00 0 0 0 1271 9705170 2022121616
0.00 0 0 0 1271 9705170 2022121616
0.00 0 0 0 1271 9705170 2022121616
0.00 0 0 0 1271 9705170 2022121616
0.00 0 0 0 1271 9705170 2022121616
0.00 0 0 0 1271 9705170 2022121616
0.00 0 0 0 1271 9705170 2022121616
0.00 0 0 0 1271 9705170 2022121616
0.00 0 0 0 1271 9705170 2022121616
0.00 0 0 0 1271 9705170 2022121616
0.00 0 0 0 1271 9705170 2022121616
0.00 0 0 0 1271 9705170 2022121616
0.00 0 0 0 1271 9705170 2022121616
0.00 0 0 0 1271 9705170 2022121616
0.00 0 0 0 1271 9705170 2022121616
0.00 0 0 0 1271 9705170 2022121616
0.00 0 0 0 1271 9705170 2022121616
0.00 0 0 0 1271 9705170 2022121616
0.00 0 0 0 1271 9705170 2022121616
0.00 0 0 0 1271 9705170 2022121616
0.00 0 0 0 1271 9705170 2022121616
0.00 0 0 0 1271 9705170 2022121616
0.00 0 0 0 1271 9705170 2022121616
0.00 0 0 0 1271 9705170 2022121616
0.00 0 0 0 1271 9705170 2022121616
0.00 0 0 0 1271 9705170 2022121616
0.00 0 0 0 1271 9705170 2022121616
0.00 0 0 0 1271 9705170 2022121616
0.00 0 0 0 1271 9705170 2022121616
0.00 0 0 0 1271 9705170 2022121616
0.00 0 0 0 1271 9705170 2022121616
0.00 0 0 0 1271 9705170 2022121616
0.00 0 0 0 1271 9705170 2022121616
0.00 0 0 0 1271 9705170 2022121616
0.00 0 0 0 1271 9705170 2022121616
0.00 0 0 0 1271 9705170 2022121616
0.00 0 0 0 1271 9705170 2022121616
0.00 0 0 0 1271 9705170 2022121616
0.00 0 0 0 1271 9705170 2022121616
0.00 0 0 0 1271 9705170 2022121616
0.00 0 0 0 1271 9705170 2022121616
0.00 0 0 0 1271 9705170 2022121616
0.00 0 0 0 1271 9705170 2022121616
0.00 0 0 0 1271 9705170 2022121616
0.00 0 0 0 1271 9705170 2022121616
0.00 0 0 0 1271 9705170 2022121616
0.00 0 0 0 1271 9705170 2022121616
0.00 0 0 0 1271 9705170 2022121616
0.00 0 0 0 1271 9705170 2022121616
0.00 0 0 0 1271 9705170 2022121616
0.00 0 0 0 1271 9705170 2022121616
0.00 0 0 0 1271 9705170 2022121616
0.00 0 0 0 1271 9705170 2022121616
0.00 0 0 0 1271 9705170 2022121616
0.00 0 0 0 1271 9705170 2022121616
0.00 0 0 0 1271 9705170 2022121616
0.00 0 0 0 1271 9705170 2022121616
0.00 0 0 0 1271 9705170 2022121616
0.00 0 0 0 1271 9705170 2022121616
0.00 0 0 0 1271 9705170 2022121616
0.00 0 0 0 1271 9705170 2022121616
0.00 0 0 0 1271 9705170 2022121616
0.00 0 0 0 1271 9705170 2022121616
0.00 0 0 0 1271 9705170 2022121616
0.00 0 0 0 1271 9705170 2022121616
0.00 0 0 0 1271 9705170 2022121616
0.00 0 0 0 1271 9705170 2022121616
0.00 0 0 0 1271 9705170 2022121616
0.00 0 0 0 1271 9705170 2022121616
0.00 0 0 0 1271 9705170 2022121616
0.00 0 0 0 1271 9705170 2022121616
0.00 0 0 0 1271 9705170 2022121616
197 19 0 20 896 117274 2022121616
0.00 0 0 0 896 117274 2022121616
0.00 0 0 0 896 117274 2022121616
0.00 0 0 0 896 117274 2022121616
104 10 0 0 901 118942 2022121616
120 12 0 0 916 118105 2022121616
77.9 8 0 0 932 117636 2022121616
36.4 4 0 0 940 117442 2022121616
31.2 3 0 0 945 117266 2022121616
83.1 8 0 0 961 117447 2022121616
72.7 8 0 0 973 122093 2022121616
83.1 8 0 0 985 117657 2022121616
41.6 4 0 0 994 117230 2022121616
36.4 4 0 0 999 120106 2022121616
130 13 0 0 1034 136358 2022121616
0.00 0 0 0 1039 136358 2022121616
0.00 0 0 0 1039 136358 2022121616
73.4 7 0 0 1045 113108 2022121616
103 10 0 0 1052 113104 2022121616
41.6 4 0 0 1056 117377 2022121616
130 13 0 0 1072 117356 2022121616
41.6 4 0 0 1076 117454 2022121616
88.3 9 0 0 1085 117009 2022121616
41.6 4 0 0 1090 117252 2022121616
135 13 0 0 1105 117540 2022121616
41.6 4 0 0 1110 117591 2022121616
46.8 5 0 0 1114 121755 2022121616
93.5 9 0 0 1122 116944 2022121616
88.3 9 0 0 1130 118438 2022121616
88.3 9 0 0 1138 117281 2022121616
46.8 5 0 0 1143 117181 2022121616
46.8 5 0 0 1145 120675 2022121616
140 14 0 0 1156 117108 2022121616
46.8 5 0 0 1161 118695 2022121616
93.5 9 0 0 1166 117130 2022121616
46.8 5 0 0 1170 117466 2022121616
135 14 0 3 686 121825 2022121616
57.2 6 0 0 77 113531 2022121616
36.4 4 0 0 824 116836 2022121616
62.4 6 0 0 836 117113 2022121616
62.4 6 1 0 843 118922 2022121616
52.0 5 0 0 853 117040 2022121616
20.8 2 0 0 856 119073 2022121616
67.6 7 0 0 864 118761 2022121616
67.6 7 0 0 872 119420 2022121616
72.7 7 0 0 879 118314 2022121616
41.6 4 0 0 885 117629 2022121616
31.2 3 0 0 888 119031 2022121616
114 11 0 0 900 118247 2022121616
0.00 0 0 0 900 118247 2022121616
98.7 10 0 0 907 118336 2022121616
77.9 8 0 0 914 117799 2022121616
36.4 4 0 0 916 117797 2022121616
31.2 3 0 0 919 117554 2022121616
120 12 0 0 928 117785 2022121616
24.1 1459 5 334 928 117785 2022121616
 Transfer Bandwidth Write Err Rtry Cwnd RTT 2022121616
0.00 0 0 0 805 120266 2022121616
0.00 0 0 0 805 120266 2022121616
0.00 0 0 0 805 120266 2022121616
0.00 0 0 0 805 120266 2022121616
0.00 0 0 0 805 120266 2022121616
0.00 0 0 0 805 120266 2022121616
0.00 0 0 0 805 120266 2022121616
0.00 0 0 0 805 120266 2022121616
0.00 0 0 0 805 120266 2022121616
0.00 0 0 0 805 120266 2022121616
0.00 0 0 0 805 120266 2022121616
0.00 0 0 0 805 120266 2022121616
0.00 0 0 0 805 120266 2022121616
0.00 0 0 0 805 120266 2022121616
0.00 0 0 0 805 120266 2022121616
0.00 0 0 0 805 120266 2022121616
0.00 0 0 0 805 120266 2022121616
0.00 0 0 0 805 120266 2022121616
0.00 0 0 0 805 120266 2022121616
0.00 0 0 0 805 120266 2022121616
0.00 0 0 0 805 120266 2022121616
0.00 0 0 0 805 120266 2022121616
0.00 0 0 0 805 120266 2022121616
0.00 0 0 0 805 120266 2022121616
0.00 0 0 0 805 120266 2022121616
0.00 0 0 0 805 120266 2022121616
0.00 0 0 0 805 120266 2022121616
0.00 0 0 0 805 120266 2022121616
0.00 0 0 0 805 120266 2022121616
0.00 0 0 0 805 120266 2022121616
0.00 0 0 0 805 120266 2022121616
0.00 0 0 0 805 120266 2022121616
0.00 0 0 0 805 120266 2022121616
0.00 0 0 0 805 120266 2022121616
0.00 0 0 0 805 120266 2022121616
0.00 0 0 0 805 120266 2022121616
0.00 0 0 0 805 120266 2022121616
0.00 0 0 0 805 120266 2022121616
0.00 0 0 0 805 120266 2022121616
0.00 0 0 0 805 120266 2022121616
0.00 0 0 0 805 120266 2022121616
0.00 0 0 0 805 120266 2022121616
0.00 0 0 0 805 120266 2022121616
0.00 0 0 0 805 120266 2022121616
0.00 0 0 0 805 120266 2022121616
0.00 0 0 0 805 120266 2022121616
0.00 0 0 0 805 120266 2022121616
0.00 0 0 0 805 120266 2022121616
0.00 0 0 0 805 120266 2022121616
0.00 0 0 0 805 120266 2022121616
0.00 0 0 0 805 120266 2022121616
0.00 0 0 0 805 120266 2022121616
0.00 0 0 0 805 120266 2022121616
0.00 0 0 0 805 120266 2022121616
0.00 0 0 0 805 120266 2022121616
0.00 0 0 0 805 120266 2022121616
0.00 0 0 0 805 120266 2022121616
0.00 0 0 0 805 120266 2022121616
0.00 0 0 0 805 120266 2022121616
0.00 0 0 0 805 120266 2022121616
0.00 0 0 0 805 120266 2022121616
0.00 0 0 0 805 120266 2022121616
0.00 0 0 0 805 120266 2022121616
0.00 0 0 0 805 120266 2022121616
0.00 0 0 0 805 120266 2022121616
23.4 1586 4 320 805 120266 2022121616
