13.7 2 0 0 27 117515 2022121619
0.00 0 1 0 55 119358 2022121619
12.3 2 0 0 110 119344 2022121619
19.4 2 0 0 220 117586 2022121619
0.00 0 1 0 220 117586 2022121619
31.7 4 0 0 612 117316 2022121619
62.4 6 0 0 876 118823 2022121619
120 12 0 0 1260 117199 2022121619
130 13 0 0 1260 116884 2022121619
0.00 0 0 0 1260 116884 2022121619
0.00 0 0 0 1260 116884 2022121619
256 25 0 0 1260 11768668 2022121619
0.00 0 0 0 1260 11768668 2022121619
0.00 0 0 0 1260 11768668 2022121619
241 23 0 0 1260 11768668 2022121619
0.00 0 0 0 1260 11768668 2022121619
0.00 0 0 0 1260 11768668 2022121619
0.00 0 0 0 1260 11768668 2022121619
0.00 0 0 0 1260 11768668 2022121619
0.00 0 0 0 1260 11768668 2022121619
0.00 0 0 0 1260 11768668 2022121619
0.00 0 0 0 1260 11768668 2022121619
0.00 0 0 0 1260 11768668 2022121619
0.00 0 0 0 1260 11768668 2022121619
0.00 0 0 0 1260 11768668 2022121619
0.00 0 0 0 1260 11768668 2022121619
0.00 0 0 0 1260 11768668 2022121619
0.00 0 0 0 1260 11768668 2022121619
0.00 0 0 0 1260 11768668 2022121619
0.00 0 0 0 1260 11768668 2022121619
0.00 0 0 0 1260 11768668 2022121619
0.00 0 0 0 1260 11768668 2022121619
0.00 0 0 0 1260 11768668 2022121619
0.00 0 0 0 1260 11768668 2022121619
0.00 0 0 0 1260 11768668 2022121619
0.00 0 0 0 1260 11768668 2022121619
0.00 0 0 0 1260 11768668 2022121619
0.00 0 0 0 1260 11768668 2022121619
0.00 0 0 0 1260 11768668 2022121619
0.00 0 0 0 1260 11768668 2022121619
0.00 0 0 0 1260 11768668 2022121619
0.00 0 0 0 1260 11768668 2022121619
0.00 0 0 0 1260 11768668 2022121619
0.00 0 0 0 1260 11768668 2022121619
0.00 0 0 0 1260 11768668 2022121619
0.00 0 0 0 1260 11768668 2022121619
0.00 0 0 0 1260 11768668 2022121619
0.00 0 0 0 1260 11768668 2022121619
0.00 0 0 0 1260 11768668 2022121619
0.00 0 0 0 1260 11768668 2022121619
0.00 0 0 0 1260 11768668 2022121619
0.00 0 0 0 1260 11768668 2022121619
0.00 0 0 0 1260 11768668 2022121619
0.00 0 0 0 1260 11768668 2022121619
0.00 0 0 0 1260 11768668 2022121619
0.00 0 0 0 1260 11768668 2022121619
0.00 0 0 0 1260 11768668 2022121619
0.00 0 0 0 1260 11768668 2022121619
0.00 0 0 0 1260 11768668 2022121619
0.00 0 0 0 1260 11768668 2022121619
0.00 0 0 0 1260 11768668 2022121619
0.00 0 0 0 1260 11768668 2022121619
0.00 0 0 0 1260 11768668 2022121619
0.00 0 0 0 1260 11768668 2022121619
0.00 0 0 0 1260 11768668 2022121619
0.00 0 0 0 1260 11768668 2022121619
0.00 0 0 0 1260 11768668 2022121619
0.00 0 0 0 1260 11768668 2022121619
0.00 0 0 0 1260 11768668 2022121619
0.00 0 0 0 1260 11768668 2022121619
0.00 0 0 0 1260 11768668 2022121619
0.00 0 0 0 1260 11768668 2022121619
0.00 0 0 0 1260 11768668 2022121619
0.00 0 0 0 1260 11768668 2022121619
0.00 0 0 0 1260 11768668 2022121619
0.00 0 0 0 1260 11768668 2022121619
0.00 0 0 0 1260 11768668 2022121619
0.00 0 0 0 1260 11768668 2022121619
0.00 0 0 0 1260 11768668 2022121619
0.00 0 0 0 1260 11768668 2022121619
0.00 0 0 0 1260 11768668 2022121619
0.00 0 0 0 1260 11768668 2022121619
0.00 0 0 0 1260 11768668 2022121619
0.00 0 0 0 1260 11768668 2022121619
0.00 0 0 0 1260 11768668 2022121619
0.00 0 0 0 1260 11768668 2022121619
0.00 0 0 0 1260 11768668 2022121619
0.00 0 0 0 1260 11768668 2022121619
0.00 0 0 0 1260 11768668 2022121619
0.00 0 0 0 1260 11768668 2022121619
0.00 0 0 0 1260 11768668 2022121619
0.00 0 0 0 1260 11768668 2022121619
0.00 0 0 0 1260 11768668 2022121619
0.00 0 0 0 1260 11768668 2022121619
0.00 0 0 0 1260 11768668 2022121619
0.00 0 0 0 1260 11768668 2022121619
0.00 0 0 0 1260 11768668 2022121619
0.00 0 0 0 1260 11768668 2022121619
0.00 0 0 0 1260 11768668 2022121619
0.00 0 0 0 1260 11768668 2022121619
0.00 0 0 0 1260 11768668 2022121619
0.00 0 0 0 1260 11768668 2022121619
0.00 0 0 0 1260 11768668 2022121619
0.00 0 0 0 1260 11768668 2022121619
0.00 0 0 0 1260 11768668 2022121619
0.00 0 0 0 1260 11768668 2022121619
0.00 0 0 0 1260 11768668 2022121619
0.00 0 0 0 1260 11768668 2022121619
0.00 0 0 0 1260 11768668 2022121619
0.00 0 0 0 1260 11768668 2022121619
0.00 0 0 0 1260 11768668 2022121619
0.00 0 0 0 1260 11768668 2022121619
0.00 0 0 0 1260 11768668 2022121619
0.00 0 0 0 1260 11768668 2022121619
0.00 0 0 0 1260 11768668 2022121619
0.00 0 0 0 1260 11768668 2022121619
0.00 0 0 0 1260 11768668 2022121619
0.00 0 0 0 1260 11768668 2022121619
0.00 0 0 0 1260 11768668 2022121619
0.00 0 0 0 1260 11768668 2022121619
0.00 0 0 0 1260 11768668 2022121619
0.00 0 0 0 1260 11768668 2022121619
0.00 0 0 0 1260 11768668 2022121619
0.00 0 0 0 1260 11768668 2022121619
0.00 0 0 0 1260 11768668 2022121619
0.00 0 0 0 1260 11768668 2022121619
0.00 0 0 0 1260 11768668 2022121619
0.00 0 0 0 1260 11768668 2022121619
0.00 0 0 0 1260 11768668 2022121619
0.00 0 0 0 1260 11768668 2022121619
0.00 0 0 0 1260 11768668 2022121619
0.00 0 0 0 1260 11768668 2022121619
0.00 0 0 0 1260 11768668 2022121619
0.00 0 0 0 1260 11768668 2022121619
0.00 0 0 0 1260 11768668 2022121619
0.00 0 0 0 1260 11768668 2022121619
0.00 0 0 0 1260 11768668 2022121619
105 10 0 0 1494 113073 2022121619
0.00 0 0 0 1494 113073 2022121619
57.2 6 0 0 1709 117210 2022121619
67.6 7 0 0 1969 117209 2022121619
77.9 8 0 68 723 10042768 2022121619
31.5 3 0 44 1287 10042768 2022121619
0.00 0 0 0 1287 10042768 2022121619
0.00 0 0 0 1287 10042768 2022121619
0.00 0 0 0 1287 10042768 2022121619
0.00 0 0 0 1287 10042768 2022121619
0.00 0 0 0 1287 10042768 2022121619
0.00 0 0 1 1287 10042768 2022121619
0.00 0 0 0 1287 10042768 2022121619
0.00 0 0 0 1287 10042768 2022121619
0.00 0 0 0 1287 10042768 2022121619
0.00 0 0 0 1287 10042768 2022121619
0.00 0 0 1 1287 10042768 2022121619
0.00 0 0 0 1287 10042768 2022121619
0.00 0 0 0 1287 10042768 2022121619
0.00 0 0 0 1287 10042768 2022121619
0.00 0 0 0 1287 10042768 2022121619
0.00 0 0 0 1287 10042768 2022121619
0.00 0 0 1 1287 10042768 2022121619
0.00 0 0 0 1287 10042768 2022121619
0.00 0 0 0 1287 10042768 2022121619
0.00 0 0 0 1287 10042768 2022121619
0.00 0 0 0 1287 10042768 2022121619
0.00 0 0 0 1287 10042768 2022121619
0.00 0 0 0 1287 10042768 2022121619
0.00 0 0 0 1287 10042768 2022121619
0.00 0 0 1 1287 10042768 2022121619
0.00 0 0 0 1287 10042768 2022121619
0.00 0 0 0 1287 10042768 2022121619
0.00 0 0 0 1287 10042768 2022121619
0.00 0 0 0 1287 10042768 2022121619
0.00 0 0 0 1287 10042768 2022121619
0.00 0 0 0 1287 10042768 2022121619
0.00 0 0 0 1287 10042768 2022121619
0.00 0 0 0 1287 10042768 2022121619
0.00 0 0 0 1287 10042768 2022121619
0.00 0 0 0 1287 10042768 2022121619
0.00 0 0 0 1287 10042768 2022121619
0.00 0 0 0 1287 10042768 2022121619
0.00 0 0 0 1287 10042768 2022121619
0.00 0 0 0 1287 10042768 2022121619
0.00 0 0 0 1287 10042768 2022121619
0.00 0 0 0 1287 10042768 2022121619
0.00 0 0 0 1287 10042768 2022121619
0.00 0 0 0 1287 10042768 2022121619
0.00 0 0 0 1287 10042768 2022121619
0.00 0 0 0 1287 10042768 2022121619
0.00 0 0 0 1287 10042768 2022121619
0.00 0 0 0 1287 10042768 2022121619
0.00 0 0 0 1287 10042768 2022121619
0.00 0 0 0 1287 10042768 2022121619
0.00 0 0 0 1287 10042768 2022121619
0.00 0 0 0 1287 10042768 2022121619
0.00 0 0 0 1287 10042768 2022121619
0.00 0 0 0 1287 10042768 2022121619
0.00 0 0 0 1287 10042768 2022121619
0.00 0 0 0 1287 10042768 2022121619
0.00 0 0 0 1287 10042768 2022121619
0.00 0 0 0 1287 10042768 2022121619
0.00 0 0 0 1287 10042768 2022121619
0.00 0 0 0 1287 10042768 2022121619
0.00 0 0 0 1287 10042768 2022121619
0.00 0 0 0 1287 10042768 2022121619
0.00 0 0 0 1287 10042768 2022121619
0.00 0 0 0 1287 10042768 2022121619
0.00 0 0 0 1287 10042768 2022121619
0.00 0 0 0 1287 10042768 2022121619
0.00 0 0 0 1287 10042768 2022121619
0.00 0 0 0 1287 10042768 2022121619
0.00 0 0 0 1287 10042768 2022121619
0.00 0 0 0 1287 10042768 2022121619
0.00 0 0 0 1287 10042768 2022121619
0.00 0 0 0 1287 10042768 2022121619
0.00 0 0 0 1287 10042768 2022121619
0.00 0 0 0 1287 10042768 2022121619
0.00 0 0 0 1287 10042768 2022121619
0.00 0 0 0 1287 10042768 2022121619
0.00 0 0 0 1287 10042768 2022121619
0.00 0 0 0 1287 10042768 2022121619
0.00 0 0 0 1287 10042768 2022121619
0.00 0 0 0 1287 10042768 2022121619
0.00 0 0 0 1287 10042768 2022121619
0.00 0 0 0 1287 10042768 2022121619
0.00 0 0 0 1287 10042768 2022121619
0.00 0 0 0 1287 10042768 2022121619
0.00 0 0 0 1287 10042768 2022121619
0.00 0 0 0 1287 10042768 2022121619
0.00 0 0 0 1287 10042768 2022121619
0.00 0 0 0 1287 10042768 2022121619
0.00 0 0 0 1287 10042768 2022121619
0.00 0 0 0 1287 10042768 2022121619
0.00 0 0 0 1287 10042768 2022121619
0.00 0 0 0 1287 10042768 2022121619
0.00 0 0 0 1287 10042768 2022121619
0.00 0 0 0 1287 10042768 2022121619
0.00 0 0 0 1287 10042768 2022121619
0.00 0 0 0 1287 10042768 2022121619
0.00 0 0 0 1287 10042768 2022121619
0.00 0 0 0 1287 10042768 2022121619
0.00 0 0 0 1287 10042768 2022121619
0.00 0 0 0 1287 10042768 2022121619
0.00 0 0 0 1287 10042768 2022121619
0.00 0 0 0 1287 10042768 2022121619
161 16 0 75 115 8547410 2022121619
0.00 0 0 0 694 8547410 2022121619
0.00 0 0 0 694 8547410 2022121619
0.00 0 0 0 694 8547410 2022121619
115 11 0 116 694 8547410 2022121619
0.00 0 0 10 694 8547410 2022121619
0.00 0 0 0 694 8547410 2022121619
0.00 0 0 0 694 8547410 2022121619
0.00 0 0 0 694 8547410 2022121619
0.00 0 0 0 694 8547410 2022121619
0.00 0 0 0 694 8547410 2022121619
0.00 0 0 0 694 8547410 2022121619
0.00 0 0 0 694 8547410 2022121619
0.00 0 0 0 694 8547410 2022121619
0.00 0 0 0 694 8547410 2022121619
0.00 0 0 0 694 8547410 2022121619
0.00 0 0 0 694 8547410 2022121619
0.00 0 0 0 694 8547410 2022121619
0.00 0 0 0 694 8547410 2022121619
0.00 0 0 0 694 8547410 2022121619
0.00 0 0 0 694 8547410 2022121619
0.00 0 0 0 694 8547410 2022121619
0.00 0 0 0 694 8547410 2022121619
0.00 0 0 0 694 8547410 2022121619
0.00 0 0 0 694 8547410 2022121619
0.00 0 0 0 694 8547410 2022121619
0.00 0 0 0 694 8547410 2022121619
0.00 0 0 0 694 8547410 2022121619
0.00 0 0 0 694 8547410 2022121619
0.00 0 0 4 694 8547410 2022121619
0.00 0 0 0 694 8547410 2022121619
0.00 0 0 0 694 8547410 2022121619
0.00 0 0 0 694 8547410 2022121619
0.00 0 0 0 694 8547410 2022121619
0.00 0 0 0 694 8547410 2022121619
0.00 0 0 0 694 8547410 2022121619
0.00 0 0 0 694 8547410 2022121619
0.00 0 0 0 694 8547410 2022121619
0.00 0 0 0 694 8547410 2022121619
0.00 0 0 0 694 8547410 2022121619
0.00 0 0 0 694 8547410 2022121619
0.00 0 0 0 694 8547410 2022121619
0.00 0 0 6 694 8547410 2022121619
0.00 0 0 0 694 8547410 2022121619
0.00 0 0 0 694 8547410 2022121619
0.00 0 0 0 694 8547410 2022121619
0.00 0 0 0 694 8547410 2022121619
0.00 0 0 0 694 8547410 2022121619
0.00 0 0 0 694 8547410 2022121619
0.00 0 0 0 694 8547410 2022121619
0.00 0 0 0 694 8547410 2022121619
0.00 0 0 0 694 8547410 2022121619
0.00 0 0 0 694 8547410 2022121619
0.00 0 0 0 694 8547410 2022121619
0.00 0 0 0 694 8547410 2022121619
0.00 0 0 0 694 8547410 2022121619
0.00 0 0 0 694 8547410 2022121619
0.00 0 0 0 694 8547410 2022121619
0.00 0 0 0 694 8547410 2022121619
0.00 0 0 0 694 8547410 2022121619
0.00 0 0 0 694 8547410 2022121619
0.00 0 0 0 694 8547410 2022121619
0.00 0 0 0 694 8547410 2022121619
0.00 0 0 0 694 8547410 2022121619
0.00 0 0 0 694 8547410 2022121619
0.00 0 0 0 694 8547410 2022121619
0.00 0 0 0 694 8547410 2022121619
0.00 0 0 0 694 8547410 2022121619
0.00 0 0 0 694 8547410 2022121619
0.00 0 0 0 694 8547410 2022121619
0.00 0 0 0 694 8547410 2022121619
0.00 0 0 0 694 8547410 2022121619
0.00 0 0 0 694 8547410 2022121619
0.00 0 0 0 694 8547410 2022121619
0.00 0 0 9 694 8547410 2022121619
0.00 0 0 0 694 8547410 2022121619
0.00 0 0 0 694 8547410 2022121619
0.00 0 0 0 694 8547410 2022121619
0.00 0 0 0 694 8547410 2022121619
0.00 0 0 0 694 8547410 2022121619
0.00 0 0 0 694 8547410 2022121619
0.00 0 0 0 694 8547410 2022121619
0.00 0 0 0 694 8547410 2022121619
0.00 0 0 0 694 8547410 2022121619
0.00 0 0 0 694 8547410 2022121619
0.00 0 0 0 694 8547410 2022121619
0.00 0 0 0 694 8547410 2022121619
0.00 0 0 0 694 8547410 2022121619
0.00 0 0 0 694 8547410 2022121619
0.00 0 0 0 694 8547410 2022121619
0.00 0 0 0 694 8547410 2022121619
0.00 0 0 0 694 8547410 2022121619
0.00 0 0 0 694 8547410 2022121619
0.00 0 0 0 694 8547410 2022121619
0.00 0 0 0 694 8547410 2022121619
0.00 0 0 0 694 8547410 2022121619
0.00 0 0 0 694 8547410 2022121619
0.00 0 0 0 694 8547410 2022121619
0.00 0 0 0 694 8547410 2022121619
0.00 0 0 0 694 8547410 2022121619
0.00 0 0 0 694 8547410 2022121619
0.00 0 0 0 694 8547410 2022121619
0.00 0 0 0 694 8547410 2022121619
0.00 0 0 0 694 8547410 2022121619
0.00 0 0 0 694 8547410 2022121619
0.00 0 0 0 694 8547410 2022121619
0.00 0 0 0 694 8547410 2022121619
0.00 0 0 0 694 8547410 2022121619
0.00 0 0 0 694 8547410 2022121619
0.00 0 0 0 694 8547410 2022121619
0.00 0 0 4 694 8547410 2022121619
0.00 0 0 0 694 8547410 2022121619
0.00 0 0 0 694 8547410 2022121619
0.00 0 0 0 694 8547410 2022121619
0.00 0 0 0 694 8547410 2022121619
0.00 0 0 0 694 8547410 2022121619
0.00 0 0 0 694 8547410 2022121619
0.00 0 0 0 694 8547410 2022121619
0.00 0 0 0 694 8547410 2022121619
30.1 3 0 148 694 118336 2022121619
0.00 0 1 0 976 117013 2022121619
130 13 0 0 991 119111 2022121619
62.4 6 0 0 999 117087 2022121619
36.4 4 0 0 1003 119398 2022121619
62.4 6 0 0 1010 119395 2022121619
93.8 9 0 0 1020 119264 2022121619
56.9 6 0 0 1030 119082 2022121619
0.00 0 0 0 1030 119082 2022121619
140 14 0 0 1042 117964 2022121619
41.6 4 0 0 1046 119041 2022121619
83.1 8 0 0 1054 117133 2022121619
41.6 4 0 0 1059 117762 2022121619
125 13 0 0 1068 116775 2022121619
46.8 5 0 0 1072 113230 2022121619
46.8 5 0 0 1075 119137 2022121619
77.9 8 0 0 1082 117438 2022121619
98.7 10 0 0 1092 117587 2022121619
77.9 8 0 0 1096 119464 2022121619
52.0 5 0 0 1100 117525 2022121619
125 13 0 0 1105 119192 2022121619
52.0 5 0 1 635 117917 2022121619
52.0 5 0 7 67 117972 2022121619
72.7 7 0 0 656 118859 2022121619
57.2 6 0 0 787 118235 2022121619
36.4 4 0 0 794 117381 2022121619
26.0 3 0 0 797 118872 2022121619
62.4 6 0 0 805 118041 2022121619
41.6 4 0 0 809 117028 2022121619
88.3 9 0 0 820 113032 2022121619
31.2 3 0 0 824 113086 2022121619
36.4 4 0 0 827 120286 2022121619
67.6 7 0 0 832 113069 2022121619
67.6 7 0 0 843 114105 2022121619
62.4 6 0 6 399 119377 2022121619
41.6 4 0 0 477 119050 2022121619
36.4 4 0 0 598 117086 2022121619
31.2 3 0 0 598 119204 2022121619
46.8 5 0 0 605 117058 2022121619
20.8 2 0 0 608 118052 2022121619
72.7 7 0 0 617 117243 2022121619
26.0 3 0 0 621 117773 2022121619
31.2 3 0 0 624 119065 2022121619
46.8 5 0 0 628 117518 2022121619
52.0 6 0 0 635 119437 2022121619
46.8 5 0 0 641 117695 2022121619
26.0 3 0 0 642 119634 2022121619
31.2 3 0 0 646 119676 2022121619
72.7 7 0 0 654 118460 2022121619
31.2 3 0 0 657 119440 2022121619
52.0 5 0 0 660 117682 2022121619
26.0 3 0 0 663 118375 2022121619
83.1 8 0 0 668 117653 2022121619
26.0 3 0 0 671 118405 2022121619
31.2 3 0 0 674 119465 2022121619
46.8 5 0 0 677 117712 2022121619
52.1 5 0 0 678 114625 2022121619
62.2 6 0 0 682 118377 2022121619
26.0 3 0 0 685 117761 2022121619
36.4 4 0 0 688 117267 2022121619
15.6 2 0 0 689 120706 2022121619
62.4 6 1 0 693 117542 2022121619
52.0 5 0 0 694 118199 2022121619
36.4 4 0 0 696 117453 2022121619
77.9 8 0 0 699 118502 2022121619
36.4 4 0 0 700 117646 2022121619
20.8 2 0 0 701 119216 2022121619
57.2 6 0 0 703 118362 2022121619
57.2 6 0 0 706 118374 2022121619
57.2 6 0 0 707 118535 2022121619
41.6 4 0 0 708 117362 2022121619
15.6 2 0 0 708 118654 2022121619
57.2 6 0 0 710 118501 2022121619
57.2 6 0 0 711 116487 2022121619
62.4 6 0 0 712 118257 2022121619
36.4 4 0 0 712 117124 2022121619
20.8 2 0 0 714 122371 2022121619
93.5 10 0 0 715 117196 2022121619
20.8 2 0 0 715 118893 2022121619
62.4 6 0 0 715 118429 2022121619
36.4 4 0 0 717 117312 2022121619
0.00 0 0 0 717 117312 2022121619
77.9 8 0 0 717 113457 2022121619
57.2 6 0 0 718 121248 2022121619
0.00 0 0 0 718 121248 2022121619
114 11 0 0 718 121826 2022121619
36.4 4 0 0 718 121826 2022121619
62.4 6 0 0 718 113454 2022121619
26.0 3 0 0 718 117995 2022121619
88.3 9 0 0 718 121622 2022121619
31.2 3 0 0 718 118171 2022121619
26.0 3 0 0 718 114815 2022121619
62.4 6 0 0 718 117439 2022121619
57.2 6 0 0 718 117655 2022121619
62.4 6 0 0 718 117417 2022121619
26.0 3 0 0 718 113497 2022121619
26.0 3 0 0 718 120511 2022121619
88.3 9 0 0 718 117230 2022121619
31.2 3 0 0 718 117716 2022121619
57.2 6 0 0 718 117990 2022121619
31.2 3 0 0 718 117470 2022121619
83.1 8 0 0 718 117848 2022121619
36.4 4 0 0 718 117529 2022121619
20.8 2 0 0 718 117925 2022121619
62.4 6 0 0 718 117722 2022121619
57.2 6 0 0 718 117888 2022121619
62.4 6 0 0 718 117899 2022121619
31.2 3 0 0 718 117256 2022121619
20.8 2 0 0 718 117227 2022121619
93.5 9 0 0 718 117581 2022121619
26.0 3 0 0 718 118297 2022121619
62.4 6 0 0 719 117286 2022121619
31.2 3 0 0 719 117522 2022121619
83.1 8 0 0 719 117694 2022121619
31.2 3 0 0 721 117880 2022121619
26.0 3 0 0 721 117818 2022121619
62.4 6 0 0 721 113235 2022121619
57.2 6 0 0 722 117765 2022121619
0.00 0 0 0 722 117765 2022121619
120 12 0 0 723 118692 2022121619
26.0 3 0 0 725 118005 2022121619
31.2 3 0 0 726 117925 2022121619
57.2 6 0 0 726 119075 2022121619
57.2 6 0 0 729 118067 2022121619
62.4 6 0 0 729 121577 2022121619
31.2 3 0 0 730 117856 2022121619
26.0 3 0 0 730 118888 2022121619
93.5 9 0 0 733 117996 2022121619
26.0 3 0 0 733 119153 2022121619
62.4 6 0 0 734 117844 2022121619
31.2 3 0 0 737 117216 2022121619
57.2 6 0 0 740 121457 2022121619
26.0 3 0 0 740 117119 2022121619
98.7 10 0 0 744 117488 2022121619
20.8 2 0 0 744 122387 2022121619
67.6 7 0 0 747 122533 2022121619
62.4 6 0 0 751 117595 2022121619
20.8 2 0 0 754 117190 2022121619
36.4 4 0 0 755 117623 2022121619
88.3 9 0 0 761 116947 2022121619
31.2 3 0 0 762 118120 2022121619
57.2 6 0 0 765 119331 2022121619
36.4 4 0 0 768 117758 2022121619
88.3 9 0 0 773 119392 2022121619
36.4 4 0 0 776 117069 2022121619
36.4 4 0 0 779 117656 2022121619
52.0 5 0 0 781 119129 2022121619
72.7 8 0 0 785 119387 2022121619
52.0 5 0 0 790 118214 2022121619
41.6 4 0 0 794 118055 2022121619
31.2 3 0 0 797 119386 2022121619
93.5 10 0 0 805 114103 2022121619
36.4 4 0 0 808 119468 2022121619
57.2 6 0 0 813 117839 2022121619
41.6 4 0 0 817 117769 2022121619
93.5 9 0 0 825 117994 2022121619
36.4 4 0 0 830 117604 2022121619
36.4 4 0 0 834 119518 2022121619
57.2 6 0 0 839 117901 2022121619
77.9 8 0 0 849 119540 2022121619
62.4 6 0 0 854 118344 2022121619
41.6 4 0 0 860 114197 2022121619
36.4 4 0 0 863 115709 2022121619
104 10 0 0 881 118465 2022121619
0.00 0 0 0 881 118465 2022121619
93.5 9 0 0 890 123155 2022121619
77.9 8 0 0 899 114026 2022121619
41.6 4 0 0 904 117159 2022121619
26.0 3 0 0 908 118242 2022121619
125 13 0 0 925 117089 2022121619
26.0 3 0 0 939 117167 2022121619
67.6 7 0 0 940 120369 2022121619
77.9 8 0 0 962 119699 2022121619
0.00 0 0 0 962 119699 2022121619
77.9 8 0 0 974 119561 2022121619
83.1 8 0 0 985 119204 2022121619
77.9 8 0 0 999 118960 2022121619
77.9 8 0 0 1010 121849 2022121619
0.00 0 0 0 1010 121849 2022121619
151 15 0 0 1025 115508 2022121619
0.00 0 0 0 1025 115508 2022121619
88.3 9 0 0 1078 118610 2022121619
0.00 0 0 0 1078 118610 2022121619
0.00 0 0 0 1078 118610 2022121619
0.00 0 0 0 1078 118610 2022121619
304 29 0 0 1137 119661 2022121619
0.00 0 0 0 1137 119661 2022121619
0.00 0 0 0 1137 119661 2022121619
0.00 0 0 0 1137 119661 2022121619
0.00 0 0 0 1137 119661 2022121619
0.00 0 0 0 1137 119661 2022121619
0.00 0 0 0 1137 119661 2022121619
105 10 0 18 417 16001201 2022121619
41.9 4 0 18 495 16001201 2022121619
0.00 0 0 0 495 16001201 2022121619
0.00 0 0 0 495 16001201 2022121619
0.00 0 0 0 495 16001201 2022121619
0.00 0 0 0 495 16001201 2022121619
0.00 0 0 0 495 16001201 2022121619
0.00 0 0 0 495 16001201 2022121619
0.00 0 0 0 495 16001201 2022121619
0.00 0 0 0 495 16001201 2022121619
0.00 0 0 0 495 16001201 2022121619
0.00 0 0 0 495 16001201 2022121619
0.00 0 0 0 495 16001201 2022121619
0.00 0 0 0 495 16001201 2022121619
0.00 0 0 0 495 16001201 2022121619
0.00 0 0 0 495 16001201 2022121619
0.00 0 0 0 495 16001201 2022121619
0.00 0 0 0 495 16001201 2022121619
0.00 0 0 0 495 16001201 2022121619
0.00 0 0 0 495 16001201 2022121619
0.00 0 0 0 495 16001201 2022121619
0.00 0 0 0 495 16001201 2022121619
0.00 0 0 0 495 16001201 2022121619
0.00 0 0 0 495 16001201 2022121619
0.00 0 0 0 495 16001201 2022121619
0.00 0 0 0 495 16001201 2022121619
0.00 0 0 0 495 16001201 2022121619
0.00 0 0 0 495 16001201 2022121619
0.00 0 0 0 495 16001201 2022121619
0.00 0 0 0 495 16001201 2022121619
0.00 0 0 0 495 16001201 2022121619
0.00 0 0 0 495 16001201 2022121619
0.00 0 0 0 495 16001201 2022121619
0.00 0 0 0 495 16001201 2022121619
0.00 0 0 0 495 16001201 2022121619
0.00 0 0 0 495 16001201 2022121619
0.00 0 0 0 495 16001201 2022121619
0.00 0 0 0 495 16001201 2022121619
0.00 0 0 0 495 16001201 2022121619
0.00 0 0 0 495 16001201 2022121619
0.00 0 0 0 495 16001201 2022121619
0.00 0 0 0 495 16001201 2022121619
0.00 0 0 0 495 16001201 2022121619
0.00 0 0 0 495 16001201 2022121619
0.00 0 0 0 495 16001201 2022121619
0.00 0 0 0 495 16001201 2022121619
0.00 0 0 0 495 16001201 2022121619
0.00 0 0 0 495 16001201 2022121619
0.00 0 0 0 495 16001201 2022121619
0.00 0 0 0 495 16001201 2022121619
0.00 0 0 0 495 16001201 2022121619
0.00 0 0 0 495 16001201 2022121619
0.00 0 0 0 495 16001201 2022121619
0.00 0 0 0 495 16001201 2022121619
0.00 0 0 0 495 16001201 2022121619
0.00 0 0 0 495 16001201 2022121619
0.00 0 0 0 495 16001201 2022121619
0.00 0 0 0 495 16001201 2022121619
0.00 0 0 0 495 16001201 2022121619
0.00 0 0 0 495 16001201 2022121619
0.00 0 0 0 495 16001201 2022121619
0.00 0 0 0 495 16001201 2022121619
0.00 0 0 0 495 16001201 2022121619
0.00 0 0 0 495 16001201 2022121619
0.00 0 0 0 495 16001201 2022121619
0.00 0 0 0 495 16001201 2022121619
0.00 0 0 0 495 16001201 2022121619
0.00 0 0 0 495 16001201 2022121619
0.00 0 0 0 495 16001201 2022121619
0.00 0 0 0 495 16001201 2022121619
0.00 0 0 0 495 16001201 2022121619
0.00 0 0 0 495 16001201 2022121619
0.00 0 0 0 495 16001201 2022121619
0.00 0 0 0 495 16001201 2022121619
0.00 0 0 0 495 16001201 2022121619
0.00 0 0 0 495 16001201 2022121619
0.00 0 0 0 495 16001201 2022121619
0.00 0 0 0 495 16001201 2022121619
0.00 0 0 0 495 16001201 2022121619
0.00 0 0 0 495 16001201 2022121619
0.00 0 0 0 495 16001201 2022121619
0.00 0 0 0 495 16001201 2022121619
0.00 0 0 0 495 16001201 2022121619
0.00 0 0 0 495 16001201 2022121619
0.00 0 0 0 495 16001201 2022121619
0.00 0 0 0 495 16001201 2022121619
0.00 0 0 0 495 16001201 2022121619
0.00 0 0 0 495 16001201 2022121619
0.00 0 0 0 495 16001201 2022121619
0.00 0 0 0 495 16001201 2022121619
0.00 0 0 0 495 16001201 2022121619
0.00 0 0 0 495 16001201 2022121619
0.00 0 0 0 495 16001201 2022121619
0.00 0 0 0 495 16001201 2022121619
0.00 0 0 0 495 16001201 2022121619
0.00 0 0 0 495 16001201 2022121619
0.00 0 0 0 495 16001201 2022121619
0.00 0 0 0 495 16001201 2022121619
0.00 0 0 0 495 16001201 2022121619
0.00 0 0 0 495 16001201 2022121619
0.00 0 0 0 495 16001201 2022121619
0.00 0 0 0 495 16001201 2022121619
0.00 0 0 0 495 16001201 2022121619
0.00 0 0 0 495 16001201 2022121619
0.00 0 0 0 495 16001201 2022121619
0.00 0 0 0 495 16001201 2022121619
0.00 0 0 0 495 16001201 2022121619
0.00 0 0 0 495 16001201 2022121619
0.00 0 0 0 495 16001201 2022121619
0.00 0 0 0 495 16001201 2022121619
0.00 0 0 0 495 16001201 2022121619
0.00 0 0 0 495 16001201 2022121619
0.00 0 0 0 495 16001201 2022121619
0.00 0 0 0 495 16001201 2022121619
0.00 0 0 0 495 16001201 2022121619
0.00 0 0 0 495 16001201 2022121619
0.00 0 0 0 495 16001201 2022121619
0.00 0 0 0 495 16001201 2022121619
0.00 0 0 0 495 16001201 2022121619
0.00 0 0 0 495 16001201 2022121619
0.00 0 0 0 495 16001201 2022121619
0.00 0 0 0 495 16001201 2022121619
0.00 0 0 0 495 16001201 2022121619
0.00 0 0 0 495 16001201 2022121619
0.00 0 0 0 495 16001201 2022121619
0.00 0 0 0 495 16001201 2022121619
0.00 0 0 0 495 16001201 2022121619
0.00 0 0 0 495 16001201 2022121619
0.00 0 0 0 495 16001201 2022121619
0.00 0 0 0 495 16001201 2022121619
0.00 0 0 0 495 16001201 2022121619
0.00 0 0 0 495 16001201 2022121619
0.00 0 0 0 495 16001201 2022121619
0.00 0 0 0 495 16001201 2022121619
0.00 0 0 0 495 16001201 2022121619
0.00 0 0 0 495 16001201 2022121619
0.00 0 0 0 495 16001201 2022121619
0.00 0 0 0 495 16001201 2022121619
0.00 0 0 0 495 16001201 2022121619
0.00 0 0 0 495 16001201 2022121619
0.00 0 0 0 495 16001201 2022121619
0.00 0 0 0 495 16001201 2022121619
0.00 0 0 0 495 16001201 2022121619
0.00 0 0 0 495 16001201 2022121619
0.00 0 0 0 495 16001201 2022121619
0.00 0 0 0 495 16001201 2022121619
0.00 0 0 0 495 16001201 2022121619
0.00 0 0 0 495 16001201 2022121619
0.00 0 0 0 495 16001201 2022121619
0.00 0 0 0 495 16001201 2022121619
0.00 0 0 0 495 16001201 2022121619
0.00 0 0 0 495 16001201 2022121619
0.00 0 0 0 495 16001201 2022121619
0.00 0 0 0 495 16001201 2022121619
0.00 0 0 0 495 16001201 2022121619
0.00 0 0 0 495 16001201 2022121619
0.00 0 0 0 495 16001201 2022121619
0.00 0 0 0 495 16001201 2022121619
0.00 0 0 0 495 16001201 2022121619
0.00 0 0 0 495 16001201 2022121619
0.00 0 0 0 495 16001201 2022121619
16.0 1161 4 538 495 16001201 2022121619
