13.7 2 0 0 27 118667 2022121604
0.00 0 1 0 55 119577 2022121604
10.4 1 0 0 110 119679 2022121604
18.2 2 0 0 220 113376 2022121604
36.4 4 0 0 228 17402631 2022121604
10.5 1 0 0 456 17402631 2022121604
0.00 0 0 0 456 17402631 2022121604
0.00 0 0 0 456 17402631 2022121604
0.00 0 0 0 456 17402631 2022121604
0.00 0 0 0 456 17402631 2022121604
0.00 0 0 0 456 17402631 2022121604
0.00 0 0 0 456 17402631 2022121604
0.00 0 0 0 456 17402631 2022121604
0.00 0 0 0 456 17402631 2022121604
0.00 0 0 0 456 17402631 2022121604
0.00 0 0 0 456 17402631 2022121604
0.00 0 0 0 456 17402631 2022121604
0.00 0 0 0 456 17402631 2022121604
0.00 0 0 0 456 17402631 2022121604
0.00 0 0 0 456 17402631 2022121604
0.00 0 0 0 456 17402631 2022121604
0.00 0 0 0 456 17402631 2022121604
0.00 0 0 0 456 17402631 2022121604
0.00 0 0 0 456 17402631 2022121604
0.00 0 0 0 456 17402631 2022121604
0.00 0 0 0 456 17402631 2022121604
0.00 0 0 0 456 17402631 2022121604
0.00 0 0 0 456 17402631 2022121604
0.00 0 0 0 456 17402631 2022121604
0.00 0 0 0 456 17402631 2022121604
0.00 0 0 0 456 17402631 2022121604
0.00 0 0 0 456 17402631 2022121604
0.00 0 0 0 456 17402631 2022121604
0.00 0 0 0 456 17402631 2022121604
0.00 0 0 0 456 17402631 2022121604
0.00 0 0 0 456 17402631 2022121604
0.00 0 0 0 456 17402631 2022121604
0.00 0 0 0 456 17402631 2022121604
0.00 0 0 0 456 17402631 2022121604
0.00 0 0 0 456 17402631 2022121604
0.00 0 0 0 456 17402631 2022121604
0.00 0 0 0 456 17402631 2022121604
0.00 0 0 0 456 17402631 2022121604
0.00 0 0 0 456 17402631 2022121604
0.00 0 0 0 456 17402631 2022121604
0.00 0 0 0 456 17402631 2022121604
0.00 0 0 0 456 17402631 2022121604
0.00 0 0 0 456 17402631 2022121604
0.00 0 0 0 456 17402631 2022121604
0.00 0 0 0 456 17402631 2022121604
0.00 0 0 0 456 17402631 2022121604
0.00 0 0 0 456 17402631 2022121604
0.00 0 0 0 456 17402631 2022121604
0.00 0 0 0 456 17402631 2022121604
0.00 0 0 0 456 17402631 2022121604
0.00 0 0 0 456 17402631 2022121604
0.00 0 0 0 456 17402631 2022121604
0.00 0 0 0 456 17402631 2022121604
0.00 0 0 0 456 17402631 2022121604
0.00 0 0 0 456 17402631 2022121604
0.00 0 0 0 456 17402631 2022121604
0.00 0 0 0 456 17402631 2022121604
0.00 0 0 0 456 17402631 2022121604
0.00 0 0 0 456 17402631 2022121604
0.00 0 0 0 456 17402631 2022121604
0.00 0 0 0 456 17402631 2022121604
0.00 0 0 0 456 17402631 2022121604
0.00 0 0 0 456 17402631 2022121604
0.00 0 0 0 456 17402631 2022121604
0.00 0 0 0 456 17402631 2022121604
0.00 0 0 0 456 17402631 2022121604
0.00 0 0 0 456 17402631 2022121604
0.00 0 0 0 456 17402631 2022121604
0.00 0 0 0 456 17402631 2022121604
0.00 0 0 0 456 17402631 2022121604
0.00 0 0 0 456 17402631 2022121604
0.00 0 0 0 456 17402631 2022121604
0.00 0 0 0 456 17402631 2022121604
0.00 0 0 0 456 17402631 2022121604
0.00 0 0 0 456 17402631 2022121604
0.00 0 0 0 456 17402631 2022121604
0.00 0 0 0 456 17402631 2022121604
0.00 0 0 0 456 17402631 2022121604
0.00 0 0 0 456 17402631 2022121604
0.00 0 0 0 456 17402631 2022121604
0.00 0 0 0 456 17402631 2022121604
0.00 0 0 0 456 17402631 2022121604
0.00 0 0 0 456 17402631 2022121604
0.00 0 0 0 456 17402631 2022121604
0.00 0 0 0 456 17402631 2022121604
0.00 0 0 0 456 17402631 2022121604
0.00 0 0 0 456 17402631 2022121604
0.00 0 0 0 456 17402631 2022121604
0.00 0 0 0 456 17402631 2022121604
0.00 0 0 0 456 17402631 2022121604
0.00 0 0 0 456 17402631 2022121604
0.00 0 0 0 456 17402631 2022121604
0.00 0 0 0 456 17402631 2022121604
0.00 0 0 0 456 17402631 2022121604
0.00 0 0 0 456 17402631 2022121604
0.00 0 0 0 456 17402631 2022121604
0.00 0 0 0 456 17402631 2022121604
0.00 0 0 0 456 17402631 2022121604
0.00 0 0 0 456 17402631 2022121604
0.00 0 0 0 456 17402631 2022121604
0.00 0 0 0 456 17402631 2022121604
0.00 0 0 0 456 17402631 2022121604
0.00 0 0 0 456 17402631 2022121604
0.00 0 0 0 456 17402631 2022121604
0.00 0 0 0 456 17402631 2022121604
0.00 0 0 0 456 17402631 2022121604
0.00 0 0 0 456 17402631 2022121604
0.00 0 0 0 456 17402631 2022121604
0.00 0 0 0 456 17402631 2022121604
0.00 0 0 0 456 17402631 2022121604
0.00 0 0 0 456 17402631 2022121604
0.00 0 0 0 456 17402631 2022121604
0.00 0 0 0 456 17402631 2022121604
0.00 0 0 0 456 17402631 2022121604
0.00 0 0 0 456 17402631 2022121604
0.00 0 0 0 456 17402631 2022121604
0.00 0 0 0 456 17402631 2022121604
0.00 0 0 0 456 17402631 2022121604
0.00 0 0 0 456 17402631 2022121604
0.00 0 0 0 456 17402631 2022121604
0.00 0 0 0 456 17402631 2022121604
0.00 0 0 0 456 17402631 2022121604
0.00 0 0 0 456 17402631 2022121604
0.00 0 0 0 456 17402631 2022121604
0.00 0 0 0 456 17402631 2022121604
0.00 0 0 0 456 17402631 2022121604
0.00 0 0 0 456 17402631 2022121604
0.00 0 0 0 456 17402631 2022121604
0.00 0 0 0 456 17402631 2022121604
0.00 0 0 0 456 17402631 2022121604
0.00 0 0 0 456 17402631 2022121604
0.00 0 0 0 456 17402631 2022121604
0.00 0 0 0 456 17402631 2022121604
0.00 0 0 0 456 17402631 2022121604
0.00 0 0 0 456 17402631 2022121604
0.00 0 0 0 456 17402631 2022121604
0.00 0 0 0 456 17402631 2022121604
0.00 0 0 0 456 17402631 2022121604
0.00 0 0 0 456 17402631 2022121604
0.00 0 0 0 456 17402631 2022121604
0.00 0 0 0 456 17402631 2022121604
0.00 0 0 0 456 17402631 2022121604
0.00 0 0 0 456 17402631 2022121604
0.00 0 0 0 456 17402631 2022121604
0.00 0 0 0 456 17402631 2022121604
0.00 0 0 0 456 17402631 2022121604
0.00 0 0 0 456 17402631 2022121604
0.00 0 0 0 456 17402631 2022121604
0.00 0 0 0 456 17402631 2022121604
0.00 0 0 0 456 17402631 2022121604
0.00 0 0 0 456 17402631 2022121604
0.00 0 0 0 456 17402631 2022121604
0.00 0 0 0 456 17402631 2022121604
0.00 0 0 0 456 17402631 2022121604
0.00 0 0 0 456 17402631 2022121604
0.00 0 0 0 456 17402631 2022121604
0.00 0 0 0 456 17402631 2022121604
0.00 0 0 0 456 17402631 2022121604
0.00 0 0 0 456 17402631 2022121604
0.00 0 0 0 456 17402631 2022121604
0.00 0 0 0 456 17402631 2022121604
0.00 0 0 0 456 17402631 2022121604
0.00 0 0 0 456 17402631 2022121604
0.00 0 0 0 456 17402631 2022121604
0.00 0 0 0 456 17402631 2022121604
0.00 0 0 0 456 17402631 2022121604
0.00 0 0 0 456 17402631 2022121604
0.00 0 0 0 456 17402631 2022121604
0.00 0 0 0 456 17402631 2022121604
0.00 0 0 0 456 17402631 2022121604
0.00 0 0 0 456 17402631 2022121604
0.00 0 0 0 456 17402631 2022121604
0.00 0 0 0 456 17402631 2022121604
0.00 0 0 0 456 17402631 2022121604
0.00 0 0 0 456 17402631 2022121604
0.00 0 0 0 456 17402631 2022121604
0.00 0 0 0 456 17402631 2022121604
0.00 0 0 0 456 17402631 2022121604
0.00 0 0 0 456 17402631 2022121604
0.00 0 0 0 456 17402631 2022121604
0.00 0 0 0 456 17402631 2022121604
0.00 0 0 0 456 17402631 2022121604
0.00 0 0 0 456 17402631 2022121604
0.00 0 0 0 456 17402631 2022121604
0.00 0 0 0 456 17402631 2022121604
0.00 0 0 0 456 17402631 2022121604
0.00 0 0 0 456 17402631 2022121604
0.00 0 0 0 456 17402631 2022121604
0.00 0 0 0 456 17402631 2022121604
0.00 0 0 0 456 17402631 2022121604
0.00 0 0 0 456 17402631 2022121604
0.00 0 0 0 456 17402631 2022121604
0.00 0 0 0 456 17402631 2022121604
0.00 0 0 0 456 17402631 2022121604
0.00 0 0 0 456 17402631 2022121604
0.00 0 0 0 456 17402631 2022121604
0.00 0 0 0 456 17402631 2022121604
0.00 0 0 0 456 17402631 2022121604
0.00 0 0 0 456 17402631 2022121604
0.00 0 0 0 456 17402631 2022121604
62.3 6 0 0 456 117801 2022121604
114 11 0 0 456 117556 2022121604
0.00 0 0 0 456 117556 2022121604
0.00 0 0 0 456 117556 2022121604
52.0 5 0 0 456 117506 2022121604
36.4 4 0 0 456 117392 2022121604
20.8 2 0 0 456 117105 2022121604
15.6 2 0 0 456 117561 2022121604
20.8 2 0 0 456 117629 2022121604
41.6 4 0 0 456 117559 2022121604
20.8 2 0 0 456 117574 2022121604
20.8 2 0 0 456 117617 2022121604
20.8 2 0 0 456 113801 2022121604
20.8 2 0 0 456 113749 2022121604
15.6 2 0 0 456 113824 2022121604
31.2 4 0 0 456 117414 2022121604
15.6 2 0 0 456 117463 2022121604
20.8 2 0 0 456 117630 2022121604
15.6 2 0 0 456 117536 2022121604
36.4 4 0 0 456 117388 2022121604
20.8 2 0 0 456 117533 2022121604
20.8 2 0 0 456 117468 2022121604
10.4 1 0 0 456 117817 2022121604
41.6 4 0 0 456 117432 2022121604
20.8 2 0 0 456 117390 2022121604
20.8 2 0 0 456 117088 2022121604
10.4 1 0 0 456 117645 2022121604
36.4 4 0 0 456 113845 2022121604
15.6 2 0 0 456 120833 2022121604
15.6 2 0 0 456 117184 2022121604
20.8 2 0 0 456 117339 2022121604
41.6 4 0 0 456 117331 2022121604
20.8 2 0 0 456 117931 2022121604
15.6 2 0 0 456 117245 2022121604
20.8 2 0 0 456 117692 2022121604
31.2 4 0 0 483 118788 2022121604
41.6 4 0 0 490 118154 2022121604
31.2 3 0 0 490 117377 2022121604
5.20 1 0 0 490 117051 2022121604
46.8 5 0 0 490 117656 2022121604
20.8 2 0 0 490 117623 2022121604
20.8 2 0 0 490 117365 2022121604
20.8 2 0 0 490 117457 2022121604
41.6 4 0 0 490 117472 2022121604
20.8 2 0 0 490 117362 2022121604
31.2 3 0 0 490 117435 2022121604
10.4 1 0 0 490 117474 2022121604
15.6 2 0 0 490 113449 2022121604
20.8 2 0 0 490 117341 2022121604
41.6 4 0 0 490 120750 2022121604
20.8 2 0 0 490 114612 2022121604
20.8 2 0 0 490 117223 2022121604
10.4 1 0 0 490 117326 2022121604
41.6 4 0 0 490 117415 2022121604
20.8 2 0 0 490 117255 2022121604
20.8 2 0 0 490 117251 2022121604
20.8 2 0 0 490 117375 2022121604
41.6 4 0 0 490 117345 2022121604
20.8 2 0 0 490 117509 2022121604
20.8 2 0 0 490 117357 2022121604
15.6 2 0 0 490 117459 2022121604
41.6 4 0 0 490 117413 2022121604
15.6 2 0 0 490 117287 2022121604
20.8 2 0 0 490 117468 2022121604
20.8 2 0 0 490 117387 2022121604
41.6 4 0 0 490 120959 2022121604
15.6 2 0 0 490 117347 2022121604
20.8 2 0 0 490 121205 2022121604
20.8 2 0 0 490 117302 2022121604
41.6 4 0 0 490 117430 2022121604
20.8 2 0 0 490 117589 2022121604
15.6 2 0 0 490 117335 2022121604
20.8 2 0 0 490 117227 2022121604
41.6 4 0 0 490 117385 2022121604
26.0 3 0 0 490 117516 2022121604
20.8 2 0 0 490 117224 2022121604
20.8 2 0 0 490 117229 2022121604
41.6 5 0 0 490 117415 2022121604
20.8 2 0 0 490 117400 2022121604
20.8 2 0 0 490 117215 2022121604
20.8 2 0 0 490 117205 2022121604
41.6 4 0 0 490 117286 2022121604
20.8 2 0 0 490 117306 2022121604
20.8 2 0 0 490 117494 2022121604
20.8 2 0 0 490 113409 2022121604
36.4 4 0 0 490 117123 2022121604
20.8 2 0 0 490 117409 2022121604
26.0 3 0 0 490 117316 2022121604
15.6 2 0 0 490 117435 2022121604
41.6 4 0 0 490 117593 2022121604
20.8 2 0 0 490 117587 2022121604
20.8 2 0 0 490 117648 2022121604
20.8 2 0 0 490 117748 2022121604
41.6 4 0 0 490 117233 2022121604
20.8 2 0 0 490 117174 2022121604
20.8 2 0 0 490 117244 2022121604
20.8 2 0 0 490 117798 2022121604
41.6 4 0 0 490 120540 2022121604
20.8 2 0 0 490 113406 2022121604
15.6 2 0 0 490 120735 2022121604
20.8 2 0 0 490 113508 2022121604
46.8 5 0 0 490 117663 2022121604
20.8 2 0 0 490 113523 2022121604
20.8 2 0 0 490 121243 2022121604
20.8 2 0 0 490 117366 2022121604
41.6 4 0 0 490 117584 2022121604
15.6 2 0 0 490 116831 2022121604
20.8 2 0 0 490 113627 2022121604
26.0 3 0 0 490 117270 2022121604
41.6 4 0 0 490 117426 2022121604
20.8 2 0 0 490 117449 2022121604
20.8 2 0 0 490 117555 2022121604
20.8 2 0 0 490 117392 2022121604
41.6 4 0 0 490 117399 2022121604
20.8 2 0 0 490 117503 2022121604
20.8 2 0 0 490 117487 2022121604
20.8 2 0 0 490 117463 2022121604
41.6 4 0 0 490 117761 2022121604
20.8 2 0 0 490 117841 2022121604
20.8 2 0 0 490 117450 2022121604
15.6 2 0 0 490 117961 2022121604
26.0 3 0 0 490 117758 2022121604
10.4 1 0 0 490 117564 2022121604
10.4 1 0 0 490 117744 2022121604
15.6 2 0 0 490 117507 2022121604
36.4 4 0 0 490 117607 2022121604
0.00 0 0 0 490 117607 2022121604
41.6 4 0 0 490 117480 2022121604
15.6 2 0 0 490 117292 2022121604
26.0 3 0 0 490 117512 2022121604
10.4 1 0 0 490 117516 2022121604
41.6 4 0 0 490 117362 2022121604
26.0 3 0 0 490 117253 2022121604
20.8 2 0 0 490 117534 2022121604
20.8 2 0 0 490 117526 2022121604
36.4 4 0 0 490 117517 2022121604
26.0 3 0 0 490 117367 2022121604
26.0 3 0 0 490 117354 2022121604
20.8 2 0 0 490 117457 2022121604
36.4 4 0 0 490 117598 2022121604
20.8 2 0 0 490 117736 2022121604
15.6 2 0 0 490 117972 2022121604
15.6 2 0 0 490 117441 2022121604
36.4 4 0 0 490 117697 2022121604
20.8 2 0 0 490 117764 2022121604
10.4 1 0 0 490 117665 2022121604
15.6 2 0 0 490 117359 2022121604
41.6 4 0 0 490 117548 2022121604
20.8 2 0 0 490 117885 2022121604
20.8 2 0 0 490 117539 2022121604
20.8 2 0 0 490 117526 2022121604
41.6 4 0 0 490 117360 2022121604
20.8 2 0 0 490 117383 2022121604
20.8 2 0 0 490 117494 2022121604
20.8 2 0 0 490 117416 2022121604
36.4 4 0 0 490 117477 2022121604
20.8 2 0 0 490 117529 2022121604
20.8 2 0 0 490 117627 2022121604
20.8 2 0 0 736 117873 2022121604
20.8 2 0 0 939 118204 2022121604
0.00 0 0 0 939 118204 2022121604
0.00 0 0 0 939 118204 2022121604
0.00 0 0 0 939 118204 2022121604
0.00 0 0 0 939 118204 2022121604
140 14 0 0 1212 119013 2022121604
166 17 0 0 1613 117213 2022121604
72.7 7 0 14 675 118518 2022121604
77.9 8 0 9 103 119220 2022121604
41.6 4 0 0 1046 120609 2022121604
88.3 9 0 0 1129 117538 2022121604
10.4 1 0 0 1129 117538 2022121604
41.6 4 0 0 1129 117178 2022121604
77.9 8 0 0 1129 117231 2022121604
20.8 2 0 0 1129 117236 2022121604
52.0 5 0 0 1133 117154 2022121604
57.2 6 0 0 1144 121157 2022121604
120 12 0 0 1148 116960 2022121604
52.0 5 0 [ ID] Interval Transfer Bandwidth Write Err Rtry Cwnd RTT 2022121604
0.00 0 0 0 1180 9282105 2022121604
88.3 9 0 0 1770 9282105 2022121604
77.9 8 0 0 1770 9282105 2022121604
114 12 0 0 1770 9282105 2022121604
46.8 5 0 0 1770 9282105 2022121604
52.0 5 0 0 1770 9282105 2022121604
98.7 10 0 0 1770 9282105 2022121604
57.2 6 0 0 1770 9282105 2022121604
57.2 6 0 0 1770 9282105 2022121604
62.4 6 0 0 1770 9282105 2022121604
57.2 6 0 0 1770 9282105 2022121604
114 12 0 0 1770 9282105 2022121604
278 27 0 0 1148 1322203 2022121604
0.00 0 0 0 1148 1322203 2022121604
0.00 0 0 0 1148 1322203 2022121604
0.00 0 0 0 1148 1322203 2022121604
0.00 0 0 0 1148 1322203 2022121604
0.00 0 0 0 1148 1322203 2022121604
105 10 0 6 1148 6513218 2022121604
0.00 0 0 0 15 6513218 2022121604
0.00 0 0 0 15 6513218 2022121604
0.00 0 0 0 15 6513218 2022121604
0.00 0 0 0 15 6513218 2022121604
0.00 0 0 0 15 6513218 2022121604
0.00 0 0 0 15 6513218 2022121604
0.00 0 0 0 15 6513218 2022121604
0.00 0 0 0 15 6513218 2022121604
0.00 0 0 0 15 6513218 2022121604
0.00 0 0 0 15 6513218 2022121604
0.00 0 0 0 15 6513218 2022121604
0.00 0 0 0 15 6513218 2022121604
0.00 0 0 0 15 6513218 2022121604
0.00 0 0 0 15 6513218 2022121604
0.00 0 0 0 15 6513218 2022121604
0.00 0 0 1 15 6513218 2022121604
0.00 0 0 0 15 6513218 2022121604
0.00 0 0 0 15 6513218 2022121604
0.00 0 0 0 15 6513218 2022121604
0.00 0 0 0 15 6513218 2022121604
0.00 0 0 0 15 6513218 2022121604
0.00 0 0 0 15 6513218 2022121604
0.00 0 0 0 15 6513218 2022121604
0.00 0 0 0 15 6513218 2022121604
0.00 0 0 0 15 6513218 2022121604
0.00 0 0 0 15 6513218 2022121604
0.00 0 0 0 15 6513218 2022121604
0.00 0 0 0 15 6513218 2022121604
0.00 0 0 0 15 6513218 2022121604
0.00 0 0 0 15 6513218 2022121604
0.00 0 0 0 15 6513218 2022121604
0.00 0 0 0 15 6513218 2022121604
0.00 0 0 0 15 6513218 2022121604
0.00 0 0 0 15 6513218 2022121604
0.00 0 0 0 15 6513218 2022121604
0.00 0 0 0 15 6513218 2022121604
0.00 0 0 0 15 6513218 2022121604
0.00 0 0 0 15 6513218 2022121604
0.00 0 0 0 15 6513218 2022121604
0.00 0 0 0 15 6513218 2022121604
0.00 0 0 0 15 6513218 2022121604
0.00 0 0 0 15 6513218 2022121604
0.00 0 0 0 15 6513218 2022121604
0.00 0 0 0 15 6513218 2022121604
0.00 0 0 0 15 6513218 2022121604
0.00 0 0 0 15 6513218 2022121604
0.00 0 0 0 15 6513218 2022121604
0.00 0 0 0 15 6513218 2022121604
0.00 0 0 0 15 6513218 2022121604
0.00 0 0 0 15 6513218 2022121604
0.00 0 0 0 15 6513218 2022121604
0.00 0 0 0 15 6513218 2022121604
0.00 0 0 0 15 6513218 2022121604
0.00 0 0 0 15 6513218 2022121604
0.00 0 0 0 15 6513218 2022121604
0.00 0 0 0 15 6513218 2022121604
0.00 0 0 0 15 6513218 2022121604
0.00 0 0 0 15 6513218 2022121604
0.00 0 0 0 15 6513218 2022121604
0.00 0 0 0 15 6513218 2022121604
0.00 0 0 0 15 6513218 2022121604
0.00 0 0 0 15 6513218 2022121604
0.00 0 0 0 15 6513218 2022121604
0.00 0 0 0 15 6513218 2022121604
0.00 0 0 0 15 6513218 2022121604
0.00 0 0 0 15 6513218 2022121604
0.00 0 0 0 15 6513218 2022121604
0.00 0 0 0 15 6513218 2022121604
0.00 0 0 0 15 6513218 2022121604
0.00 0 0 0 15 6513218 2022121604
0.00 0 0 0 15 6513218 2022121604
0.00 0 0 0 15 6513218 2022121604
0.00 0 0 0 15 6513218 2022121604
0.00 0 0 0 15 6513218 2022121604
0.00 0 0 0 15 6513218 2022121604
0.00 0 0 0 15 6513218 2022121604
0.00 0 0 0 15 6513218 2022121604
0.00 0 0 0 15 6513218 2022121604
0.00 0 0 0 15 6513218 2022121604
0.00 0 0 0 15 6513218 2022121604
0.00 0 0 0 15 6513218 2022121604
0.00 0 0 0 15 6513218 2022121604
0.00 0 0 0 15 6513218 2022121604
0.00 0 0 0 15 6513218 2022121604
0.00 0 0 0 15 6513218 2022121604
0.00 0 0 0 15 6513218 2022121604
0.00 0 0 0 15 6513218 2022121604
0.00 0 0 0 15 6513218 2022121604
0.00 0 0 0 15 6513218 2022121604
0.00 0 0 0 15 6513218 2022121604
0.00 0 0 0 15 6513218 2022121604
0.00 0 0 0 15 6513218 2022121604
0.00 0 0 0 15 6513218 2022121604
0.00 0 0 0 15 6513218 2022121604
0.00 0 0 0 15 6513218 2022121604
0.00 0 0 0 15 6513218 2022121604
105 10 0 0 15 6513218 2022121604
0.00 0 0 0 15 6513218 2022121604
0.00 0 0 0 15 6513218 2022121604
0.00 0 0 0 15 6513218 2022121604
0.00 0 0 0 15 6513218 2022121604
0.00 0 0 0 15 6513218 2022121604
0.00 0 0 0 15 6513218 2022121604
0.00 0 0 0 15 6513218 2022121604
0.00 0 0 0 15 6513218 2022121604
0.00 0 0 0 15 6513218 2022121604
0.00 0 0 0 15 6513218 2022121604
0.00 0 0 0 15 6513218 2022121604
0.00 0 0 0 15 6513218 2022121604
0.00 0 0 0 15 6513218 2022121604
0.00 0 0 0 15 6513218 2022121604
0.00 0 0 0 15 6513218 2022121604
0.00 0 0 0 15 6513218 2022121604
0.00 0 0 0 15 6513218 2022121604
0.00 0 0 0 15 6513218 2022121604
0.00 0 0 0 15 6513218 2022121604
0.00 0 0 0 15 6513218 2022121604
0.00 0 0 0 15 6513218 2022121604
0.00 0 0 0 15 6513218 2022121604
0.00 0 0 0 15 6513218 2022121604
0.00 0 0 0 15 6513218 2022121604
0.00 0 0 0 15 6513218 2022121604
0.00 0 0 0 15 6513218 2022121604
0.00 0 0 0 15 6513218 2022121604
0.00 0 0 0 15 6513218 2022121604
0.00 0 0 0 15 6513218 2022121604
0.00 0 0 0 15 6513218 2022121604
0.00 0 0 0 15 6513218 2022121604
0.00 0 0 0 15 6513218 2022121604
0.00 0 0 0 15 6513218 2022121604
0.00 0 0 0 15 6513218 2022121604
0.00 0 0 0 15 6513218 2022121604
0.00 0 0 0 15 6513218 2022121604
0.00 0 0 0 15 6513218 2022121604
0.00 0 0 0 15 6513218 2022121604
0.00 0 0 0 15 6513218 2022121604
0.00 0 0 0 15 6513218 2022121604
0.00 0 0 0 15 6513218 2022121604
0.00 0 0 0 15 6513218 2022121604
0.00 0 0 0 15 6513218 2022121604
0.00 0 0 0 15 6513218 2022121604
0.00 0 0 0 15 6513218 2022121604
0.00 0 0 0 15 6513218 2022121604
0.00 0 0 0 15 6513218 2022121604
0.00 0 0 0 15 6513218 2022121604
0.00 0 0 0 15 6513218 2022121604
0.00 0 0 0 15 6513218 2022121604
0.00 0 0 0 15 6513218 2022121604
0.00 0 0 0 15 6513218 2022121604
0.00 0 0 0 15 6513218 2022121604
0.00 0 0 0 15 6513218 2022121604
0.00 0 0 0 15 6513218 2022121604
0.00 0 0 0 15 6513218 2022121604
0.00 0 0 0 15 6513218 2022121604
0.00 0 0 0 15 6513218 2022121604
0.00 0 0 0 15 6513218 2022121604
0.00 0 0 0 15 6513218 2022121604
0.00 0 0 0 15 6513218 2022121604
0.00 0 0 0 15 6513218 2022121604
0.00 0 0 0 15 6513218 2022121604
0.00 0 0 0 15 6513218 2022121604
0.00 0 0 0 15 6513218 2022121604
0.00 0 0 0 15 6513218 2022121604
0.00 0 0 0 15 6513218 2022121604
0.00 0 0 0 15 6513218 2022121604
0.00 0 0 0 15 6513218 2022121604
0.00 0 0 0 15 6513218 2022121604
0.00 0 0 0 15 6513218 2022121604
0.00 0 0 0 15 6513218 2022121604
0.00 0 0 0 15 6513218 2022121604
0.00 0 0 0 15 6513218 2022121604
0.00 0 0 0 15 6513218 2022121604
0.00 0 0 0 15 6513218 2022121604
0.00 0 0 0 15 6513218 2022121604
0.00 0 0 0 15 6513218 2022121604
0.00 0 0 0 15 6513218 2022121604
0.00 0 0 0 15 6513218 2022121604
0.00 0 0 0 15 6513218 2022121604
0.00 0 0 0 15 6513218 2022121604
0.00 0 0 0 15 6513218 2022121604
0.00 0 0 0 15 6513218 2022121604
0.00 0 0 0 15 6513218 2022121604
0.00 0 0 0 15 6513218 2022121604
0.00 0 0 0 15 6513218 2022121604
0.00 0 0 0 15 6513218 2022121604
0.00 0 0 0 15 6513218 2022121604
0.00 0 0 0 15 6513218 2022121604
0.00 0 0 0 15 6513218 2022121604
0.00 0 0 0 15 6513218 2022121604
0.00 0 0 0 15 6513218 2022121604
0.00 0 0 0 15 6513218 2022121604
0.00 0 0 0 15 6513218 2022121604
0.00 0 0 0 15 6513218 2022121604
0.00 0 0 0 15 6513218 2022121604
0.00 0 0 0 15 6513218 2022121604
120 12 0 33 841 118345 2022121604
0.00 0 0 0 841 118345 2022121604
0.00 0 0 0 841 118345 2022121604
0.00 0 0 0 841 118345 2022121604
0.00 0 0 0 841 118345 2022121604
0.00 0 0 0 841 118345 2022121604
0.00 0 0 0 841 118345 2022121604
0.00 0 0 0 841 118345 2022121604
0.00 0 0 0 841 118345 2022121604
10.2 627 1 63 841 118345 2022121604
ID] Interval Transfer Bandwidth Write Err Rtry Cwnd RTT 2022121604
0.00 0 0 0 1770 118580 2022121604
0.00 0 0 0 1770 118580 2022121604
0.00 0 0 0 1770 118580 2022121604
0.00 0 0 0 1770 118580 2022121604
0.00 0 0 0 1770 118580 2022121604
0.00 0 0 0 1770 118580 2022121604
0.00 0 0 0 1770 118580 2022121604
0.00 0 0 0 1770 118580 2022121604
0.00 0 0 0 1770 118580 2022121604
0.00 0 0 0 1770 118580 2022121604
0.00 0 0 0 1770 118580 2022121604
0.00 0 0 0 1770 118580 2022121604
0.00 0 0 0 1770 118580 2022121604
0.00 0 0 0 1770 118580 2022121604
0.00 0 0 0 1770 118580 2022121604
0.00 0 0 0 1770 118580 2022121604
0.00 0 0 0 1770 118580 2022121604
0.00 0 0 0 1770 118580 2022121604
0.00 0 0 0 1770 118580 2022121604
0.00 0 0 0 1770 118580 2022121604
0.00 0 0 0 1770 118580 2022121604
0.00 0 0 0 1770 118580 2022121604
0.00 0 0 0 1770 118580 2022121604
0.00 0 0 0 1770 118580 2022121604
0.00 0 0 0 1770 118580 2022121604
0.00 0 0 0 1770 118580 2022121604
0.00 0 0 0 1770 118580 2022121604
0.00 0 0 0 1770 118580 2022121604
0.00 0 0 0 1770 118580 2022121604
0.00 0 0 0 1770 118580 2022121604
0.00 0 0 0 1770 118580 2022121604
0.00 0 0 0 1770 118580 2022121604
0.00 0 0 0 1770 118580 2022121604
0.00 0 0 0 1770 118580 2022121604
0.00 0 0 0 1770 118580 2022121604
0.00 0 0 0 1770 118580 2022121604
0.00 0 0 0 1770 118580 2022121604
0.00 0 0 0 1770 118580 2022121604
0.00 0 0 0 1770 118580 2022121604
0.00 0 0 0 1770 118580 2022121604
0.00 0 0 0 1770 118580 2022121604
0.00 0 0 0 1770 118580 2022121604
0.00 0 0 0 1770 118580 2022121604
0.00 0 0 0 1770 118580 2022121604
0.00 0 0 0 1770 118580 2022121604
0.00 0 0 0 1770 118580 2022121604
0.00 0 0 0 1770 118580 2022121604
0.00 0 0 0 1770 118580 2022121604
0.00 0 0 0 1770 118580 2022121604
0.00 0 0 0 1770 118580 2022121604
0.00 0 0 0 1770 118580 2022121604
0.00 0 0 0 1770 118580 2022121604
0.00 0 0 0 1770 118580 2022121604
0.00 0 0 0 1770 118580 2022121604
0.00 0 0 0 1770 118580 2022121604
0.00 0 0 0 1770 118580 2022121604
0.00 0 0 0 1770 118580 2022121604
0.00 0 0 0 1770 118580 2022121604
31.7 2126 1 60 1770 118580 2022121604
 Write Err Rtry Cwnd RTT 2022121604
13.9 940 1 131 1412 9609976 2022121604
