13.7 2 0 0 27 116631 2022121705
0.00 0 1 0 55 119261 2022121705
8.58 1 0 0 110 119403 2022121705
17.1 2 0 0 219 118105 2022121705
41.9 4 0 0 220 123028 2022121705
109 11 0 0 637 116971 2022121705
62.9 6 0 0 798 117065 2022121705
140 14 0 0 836 118393 2022121705
67.6 7 0 0 871 116943 2022121705
31.2 3 0 0 915 117610 2022121705
67.6 7 0 0 939 116953 2022121705
26.0 3 0 0 961 118552 2022121705
72.7 7 0 0 1006 117274 2022121705
83.1 9 0 0 1059 118759 2022121705
67.6 7 0 0 1100 116973 2022121705
46.8 5 0 0 1130 117647 2022121705
52.0 5 0 0 1166 114866 2022121705
125 13 0 0 1246 117634 2022121705
62.4 6 0 7 490 118885 2022121705
77.9 8 0 0 751 115406 2022121705
5.20 1 0 0 889 120123 2022121705
93.5 10 0 0 911 117109 2022121705
36.4 4 0 0 916 119111 2022121705
72.7 7 0 0 932 117117 2022121705
36.4 4 0 0 940 117677 2022121705
114 12 0 0 959 116958 2022121705
41.6 4 0 0 967 117156 2022121705
36.4 4 0 0 974 119290 2022121705
67.6 7 0 0 985 117663 2022121705
93.5 10 0 0 999 119127 2022121705
67.6 7 0 0 1010 117575 2022121705
46.8 5 0 0 1017 117295 2022121705
46.8 5 0 0 1024 115371 2022121705
120 12 0 0 1039 117889 2022121705
46.8 5 0 0 1046 119559 2022121705
72.7 7 0 0 1056 113643 2022121705
46.8 5 0 0 1061 117626 2022121705
125 13 0 0 1076 117798 2022121705
46.8 5 0 0 1082 117150 2022121705
41.6 4 0 0 1087 119166 2022121705
83.1 8 0 0 1096 117282 2022121705
93.5 9 0 0 1105 119456 2022121705
88.3 9 0 0 1114 117232 2022121705
46.8 5 0 0 1140 119198 2022121705
0.00 0 0 0 1140 119198 2022121705
0.00 0 0 0 1140 119198 2022121705
0.00 0 0 0 1140 119198 2022121705
231 22 0 0 1140 119198 2022121705
94.2 9 1 2 397 119439 2022121705
77.9 8 0 0 803 119490 2022121705
5.20 1 0 0 803 122937 2022121705
77.9 8 0 0 821 116929 2022121705
26.0 3 0 0 827 121807 2022121705
67.6 7 0 0 836 117150 2022121705
36.4 4 0 0 841 117564 2022121705
104 10 0 0 852 117945 2022121705
36.4 4 0 0 857 117389 2022121705
31.2 3 0 0 863 117010 2022121705
72.7 7 0 0 867 118285 2022121705
67.6 7 0 0 876 117265 2022121705
67.6 7 0 0 879 118783 2022121705
36.4 4 0 0 885 117642 2022121705
36.4 4 0 0 889 117648 2022121705
104 11 0 0 896 117478 2022121705
41.6 4 0 0 899 117586 2022121705
67.6 7 0 0 901 119098 2022121705
41.6 4 0 0 907 117341 2022121705
109 11 0 0 912 119220 2022121705
36.4 4 0 0 916 117314 2022121705
36.4 4 0 0 919 117025 2022121705
72.7 7 0 0 922 119323 2022121705
77.9 8 0 0 928 117586 2022121705
67.6 7 0 0 929 119338 2022121705
41.6 4 0 0 932 117567 2022121705
41.6 4 0 0 933 116039 2022121705
109 11 0 0 939 113555 2022121705
41.6 4 0 0 940 119452 2022121705
72.7 7 0 0 943 117341 2022121705
41.6 4 0 0 944 113593 2022121705
83.5 8 0 0 945 119341 2022121705
72.4 8 0 0 951 121459 2022121705
41.6 4 0 0 952 122354 2022121705
52.0 5 0 0 954 114986 2022121705
57.2 6 0 0 955 119269 2022121705
77.9 8 0 0 956 117632 2022121705
98.7 10 0 0 959 118987 2022121705
57.2 6 0 0 962 118449 2022121705
77.9 8 0 0 963 117655 2022121705
0.00 0 0 0 963 117655 2022121705
98.7 10 0 0 967 118644 2022121705
0.00 0 0 0 967 118644 2022121705
0.00 0 0 0 967 118644 2022121705
218 21 0 0 972 430491 2022121705
0.00 0 0 0 973 430491 2022121705
0.00 0 0 0 973 430491 2022121705
0.00 0 0 0 973 430491 2022121705
0.00 0 0 0 973 430491 2022121705
315 30 0 0 973 430491 2022121705
0.00 0 0 0 973 430491 2022121705
0.00 0 0 0 973 430491 2022121705
0.00 0 0 0 973 430491 2022121705
0.00 0 0 0 973 430491 2022121705
0.00 0 0 0 973 430491 2022121705
0.00 0 0 0 973 430491 2022121705
30.7 3 0 0 973 118518 2022121705
26.0 3 1 0 974 118822 2022121705
72.7 7 0 0 976 117027 2022121705
36.4 4 0 0 976 118991 2022121705
57.2 6 0 0 976 118701 2022121705
98.7 10 0 0 976 117150 2022121705
62.4 6 0 0 976 118918 2022121705
62.4 6 0 0 976 114060 2022121705
77.9 8 0 0 976 117598 2022121705
0.00 0 0 0 976 117598 2022121705
98.7 10 0 0 976 118889 2022121705
62.4 6 0 0 976 117524 2022121705
0.00 0 0 0 976 117524 2022121705
0.00 0 0 0 976 117524 2022121705
197 19 0 18 697 132514 2022121705
0.00 0 0 0 697 132514 2022121705
0.00 0 0 0 697 132514 2022121705
0.00 0 0 0 697 132514 2022121705
0.00 0 0 0 697 132514 2022121705
0.00 0 0 0 697 132514 2022121705
0.00 0 0 0 697 132514 2022121705
0.00 0 0 0 697 132514 2022121705
0.00 0 0 0 697 132514 2022121705
73.4 7 0 0 697 132514 2022121705
0.00 0 0 0 697 132514 2022121705
261 25 0 0 729 117447 2022121705
0.00 0 0 0 729 117447 2022121705
0.00 0 0 0 729 117447 2022121705
109 11 0 0 744 117362 2022121705
0.00 0 0 0 744 117362 2022121705
0.00 0 0 0 744 117362 2022121705
0.00 0 0 0 744 117362 2022121705
151 15 0 0 780 141714 2022121705
67.6 7 0 0 780 117798 2022121705
0.00 0 1 0 780 117608 2022121705
31.2 3 0 0 780 117710 2022121705
67.6 7 0 0 780 117671 2022121705
31.2 3 0 0 780 117863 2022121705
36.4 4 0 0 780 117661 2022121705
26.0 3 0 0 780 117707 2022121705
67.6 7 0 2 49 118438 2022121705
20.8 2 0 0 569 119481 2022121705
5.20 1 0 0 569 122316 2022121705
46.8 5 0 0 580 117109 2022121705
46.8 5 0 0 588 117806 2022121705
31.2 3 0 0 594 117604 2022121705
31.2 3 0 0 598 117905 2022121705
31.2 3 0 0 602 118035 2022121705
62.4 7 0 0 610 113803 2022121705
36.4 4 0 0 613 113653 2022121705
31.2 3 0 0 617 117590 2022121705
31.2 3 0 0 619 117493 2022121705
62.4 6 0 0 619 117509 2022121705
36.4 4 0 0 619 117306 2022121705
15.6 2 0 0 619 117601 2022121705
31.2 3 0 0 619 117575 2022121705
62.4 6 0 0 632 117584 2022121705
26.0 3 0 0 639 117521 2022121705
36.4 4 0 0 641 117846 2022121705
31.2 3 0 0 641 117507 2022121705
67.6 7 0 0 641 117542 2022121705
31.2 3 0 0 641 117580 2022121705
31.2 3 0 0 641 117620 2022121705
31.2 3 0 0 641 117646 2022121705
67.6 7 0 0 641 117611 2022121705
31.2 3 0 0 641 117610 2022121705
31.2 3 0 0 641 117572 2022121705
36.4 4 0 0 641 113727 2022121705
52.0 6 0 0 641 113119 2022121705
26.0 3 0 0 641 117365 2022121705
36.4 4 0 0 641 113516 2022121705
36.4 4 0 0 641 117404 2022121705
62.4 6 0 0 641 117293 2022121705
31.2 3 0 0 641 117544 2022121705
36.4 4 0 0 641 117389 2022121705
10.4 1 0 0 641 117527 2022121705
46.8 5 0 0 641 117558 2022121705
31.2 3 0 0 641 117702 2022121705
31.2 3 0 0 641 117486 2022121705
31.2 3 0 0 641 117389 2022121705
67.6 7 0 0 641 117505 2022121705
31.2 3 0 0 641 117392 2022121705
31.2 3 0 0 641 117213 2022121705
31.2 3 0 0 641 118944 2022121705
52.0 5 0 0 679 117237 2022121705
36.4 4 0 0 679 117387 2022121705
31.2 3 0 0 679 113660 2022121705
26.0 3 0 0 679 117376 2022121705
67.6 7 0 0 679 117504 2022121705
15.6 2 0 0 679 117602 2022121705
20.8 2 0 0 679 117380 2022121705
36.4 4 0 0 679 117696 2022121705
62.4 6 0 0 679 117826 2022121705
31.2 3 0 0 679 113301 2022121705
31.2 3 0 0 682 117546 2022121705
36.4 4 0 0 686 117405 2022121705
67.6 7 0 0 688 117612 2022121705
31.2 3 0 0 688 117776 2022121705
26.0 3 0 0 688 117410 2022121705
36.4 4 0 0 688 117550 2022121705
67.6 7 0 0 688 117880 2022121705
36.4 4 0 0 688 113764 2022121705
36.4 4 0 0 688 117340 2022121705
62.4 7 0 0 688 117367 2022121705
36.4 4 0 0 688 117446 2022121705
26.0 3 0 0 688 117509 2022121705
31.2 3 0 0 688 117425 2022121705
62.4 7 0 0 688 117411 2022121705
36.4 4 0 0 688 117416 2022121705
10.4 1 0 0 688 117577 2022121705
31.2 3 0 0 688 117543 2022121705
0.00 0 0 0 688 117543 2022121705
77.9 8 0 0 688 117697 2022121705
20.8 2 0 0 688 117050 2022121705
26.0 3 0 0 689 117054 2022121705
31.2 3 0 0 690 117330 2022121705
77.9 8 0 0 692 117221 2022121705
31.2 3 0 0 692 117633 2022121705
36.4 4 0 0 693 118716 2022121705
46.8 5 0 0 693 117045 2022121705
67.6 7 0 0 694 118721 2022121705
46.8 5 0 0 694 117743 2022121705
31.2 3 0 0 696 117821 2022121705
36.4 4 0 0 696 118597 2022121705
77.9 8 0 0 697 118053 2022121705
36.4 4 0 0 699 118550 2022121705
57.2 6 0 0 700 118317 2022121705
41.6 4 0 0 701 119063 2022121705
36.4 4 0 0 701 118345 2022121705
36.4 4 0 0 701 118345 2022121705
41.6 4 0 0 704 116013 2022121705
62.4 6 0 0 706 117063 2022121705
0.00 0 1 0 706 117892 2022121705
52.0 5 0 0 711 117171 2022121705
62.4 6 0 0 711 117322 2022121705
31.2 3 0 0 712 116945 2022121705
20.8 2 0 0 712 117352 2022121705
62.4 6 0 0 715 117493 2022121705
57.2 6 0 0 718 119093 2022121705
52.0 5 0 0 721 117312 2022121705
20.8 2 0 0 722 119298 2022121705
46.8 5 0 0 723 118554 2022121705
72.7 7 0 0 728 119049 2022121705
46.8 5 0 0 730 114533 2022121705
41.6 4 0 0 733 117257 2022121705
72.7 8 0 0 737 118380 2022121705
46.8 5 0 0 740 118021 2022121705
26.0 3 0 0 743 119344 2022121705
52.0 5 0 0 745 118574 2022121705
72.7 7 0 0 752 119261 2022121705
46.8 5 0 0 754 118054 2022121705
41.6 4 0 0 759 117686 2022121705
31.2 3 0 0 761 119100 2022121705
46.8 5 0 0 766 118688 2022121705
77.9 8 0 0 772 119199 2022121705
46.8 5 0 0 777 118795 2022121705
46.8 5 0 0 780 117844 2022121705
83.1 8 0 0 787 113533 2022121705
46.8 5 0 0 792 117338 2022121705
31.2 3 0 0 797 119072 2022121705
46.8 5 0 0 802 118570 2022121705
83.1 9 0 0 810 119058 2022121705
52.0 5 0 0 817 118116 2022121705
41.6 4 0 0 821 117847 2022121705
36.4 4 0 0 825 118750 2022121705
93.5 9 0 0 836 117906 2022121705
41.6 4 0 0 842 118797 2022121705
52.0 5 0 0 849 118257 2022121705
46.8 5 0 0 854 118348 2022121705
41.6 4 0 0 860 119169 2022121705
93.5 9 0 13 668 118427 2022121705
46.8 5 0 0 668 118427 2022121705
52.0 5 0 0 668 118427 2022121705
88.3 9 0 0 668 118427 2022121705
57.2 6 0 0 668 118427 2022121705
41.6 4 0 0 668 118427 2022121705
46.8 5 0 0 668 118427 2022121705
104 11 0 0 668 118427 2022121705
46.8 5 0 0 668 118427 2022121705
57.2 6 0 0 668 118427 2022121705
46.8 5 0 0 668 118427 2022121705
109 11 0 0 668 118427 2022121705
46.8 5 0 0 668 118427 2022121705
46.8 5 0 0 668 118427 2022121705
62.4 6 0 0 668 118427 2022121705
98.7 10 0 0 668 118427 2022121705
62.4 6 0 0 668 118427 2022121705
52.0 5 0 0 668 118427 2022121705
52.0 5 0 0 668 118427 2022121705
120 12 0 0 668 118427 2022121705
52.0 5 0 0 668 118427 2022121705
67.6 7 0 0 668 118427 2022121705
52.0 5 0 0 668 118427 2022121705
125 12 0 0 668 118427 2022121705
52.0 5 0 0 668 118427 2022121705
57.2 6 0 0 668 118427 2022121705
72.7 7 0 0 668 118427 2022121705
114 12 0 0 668 118427 2022121705
72.7 7 0 0 668 118427 2022121705
62.4 6 0 0 668 118427 2022121705
57.2 6 0 0 668 118427 2022121705
135 13 0 0 668 118427 2022121705
62.4 6 0 0 668 118427 2022121705
77.9 8 0 0 668 118427 2022121705
62.4 6 0 0 668 118427 2022121705
5.20 1 0 0 668 118427 2022121705
93.5 9 0 0 668 118427 2022121705
41.6 4 0 0 668 118427 2022121705
41.6 4 0 0 668 118427 2022121705
46.8 5 0 0 668 118427 2022121705
83.1 8 0 0 668 118427 2022121705
41.6 4 0 0 668 118427 2022121705
46.8 5 0 0 668 118427 2022121705
77.9 8 0 0 668 118427 2022121705
46.8 5 0 0 668 118427 2022121705
41.6 4 0 0 668 118427 2022121705
0.00 0 0 0 668 118427 2022121705
31.2 3 1 0 668 118427 2022121705
46.8 5 0 0 668 118427 2022121705
31.2 3 0 0 668 118427 2022121705
31.2 3 0 0 668 118427 2022121705
31.2 3 0 0 668 118427 2022121705
72.7 8 0 0 668 118427 2022121705
31.2 3 0 0 668 118427 2022121705
15.6 2 0 0 668 118427 2022121705
67.6 7 0 0 668 118427 2022121705
41.6 4 0 0 668 118427 2022121705
36.4 4 0 0 668 118427 2022121705
31.2 3 0 0 668 118427 2022121705
62.4 6 0 0 668 9285399 2022121705
31.2 3 0 0 668 9285399 2022121705
26.0 3 0 0 668 9285399 2022121705
36.4 4 0 0 668 9285399 2022121705
21.0 2 0 0 668 9285399 2022121705
0.00 0 0 0 668 9285399 2022121705
0.00 0 0 0 668 9285399 2022121705
0.00 0 0 0 668 9285399 2022121705
0.00 0 0 0 668 9285399 2022121705
0.00 0 0 0 668 9285399 2022121705
0.00 0 0 0 668 9285399 2022121705
0.00 0 0 0 668 9285399 2022121705
0.00 0 0 0 668 9285399 2022121705
0.00 0 0 0 668 9285399 2022121705
0.00 0 0 0 668 9285399 2022121705
0.00 0 0 0 668 9285399 2022121705
0.00 0 0 0 668 9285399 2022121705
0.00 0 0 0 668 9285399 2022121705
0.00 0 0 0 668 9285399 2022121705
0.00 0 0 0 668 9285399 2022121705
0.00 0 0 0 668 9285399 2022121705
0.00 0 0 0 668 9285399 2022121705
0.00 0 0 0 668 9285399 2022121705
0.00 0 0 0 668 9285399 2022121705
0.00 0 0 0 668 9285399 2022121705
0.00 0 0 0 668 9285399 2022121705
0.00 0 0 0 668 9285399 2022121705
0.00 0 0 0 668 9285399 2022121705
0.00 0 0 0 668 9285399 2022121705
0.00 0 0 0 668 9285399 2022121705
0.00 0 0 0 668 9285399 2022121705
0.00 0 0 0 668 9285399 2022121705
0.00 0 0 0 668 9285399 2022121705
0.00 0 0 0 668 9285399 2022121705
0.00 0 0 0 668 9285399 2022121705
0.00 0 0 0 668 9285399 2022121705
0.00 0 0 0 668 9285399 2022121705
0.00 0 0 0 668 9285399 2022121705
0.00 0 0 0 668 9285399 2022121705
0.00 0 0 0 668 9285399 2022121705
0.00 0 0 0 668 9285399 2022121705
0.00 0 0 0 668 9285399 2022121705
0.00 0 0 0 668 9285399 2022121705
0.00 0 0 0 668 9285399 2022121705
0.00 0 0 0 668 9285399 2022121705
0.00 0 0 0 668 9285399 2022121705
0.00 0 0 0 668 9285399 2022121705
0.00 0 0 0 668 9285399 2022121705
0.00 0 0 0 668 9285399 2022121705
0.00 0 0 0 668 9285399 2022121705
0.00 0 0 0 668 9285399 2022121705
0.00 0 0 0 668 9285399 2022121705
0.00 0 0 0 668 9285399 2022121705
0.00 0 0 0 668 9285399 2022121705
0.00 0 0 0 668 9285399 2022121705
0.00 0 0 0 668 9285399 2022121705
0.00 0 0 0 668 9285399 2022121705
0.00 0 0 0 668 9285399 2022121705
0.00 0 0 0 668 9285399 2022121705
0.00 0 0 0 668 9285399 2022121705
0.00 0 0 0 668 9285399 2022121705
0.00 0 0 0 668 9285399 2022121705
0.00 0 0 0 668 9285399 2022121705
0.00 0 0 0 668 9285399 2022121705
0.00 0 0 0 668 9285399 2022121705
0.00 0 0 0 668 9285399 2022121705
0.00 0 0 0 668 9285399 2022121705
0.00 0 0 0 668 9285399 2022121705
0.00 0 0 0 668 9285399 2022121705
0.00 0 0 0 668 9285399 2022121705
0.00 0 0 0 668 9285399 2022121705
0.00 0 0 0 668 9285399 2022121705
0.00 0 0 0 668 9285399 2022121705
0.00 0 0 0 668 9285399 2022121705
0.00 0 0 0 668 9285399 2022121705
0.00 0 0 0 668 9285399 2022121705
0.00 0 0 0 668 9285399 2022121705
0.00 0 0 0 668 9285399 2022121705
0.00 0 0 0 668 9285399 2022121705
0.00 0 0 0 668 9285399 2022121705
0.00 0 0 0 668 9285399 2022121705
0.00 0 0 0 668 9285399 2022121705
0.00 0 0 0 668 9285399 2022121705
0.00 0 0 0 668 9285399 2022121705
0.00 0 0 0 668 9285399 2022121705
0.00 0 0 0 668 9285399 2022121705
0.00 0 0 0 668 9285399 2022121705
0.00 0 0 0 668 9285399 2022121705
0.00 0 0 0 668 9285399 2022121705
0.00 0 0 0 668 9285399 2022121705
0.00 0 0 0 668 9285399 2022121705
0.00 0 0 0 668 9285399 2022121705
0.00 0 0 0 668 9285399 2022121705
0.00 0 0 0 668 9285399 2022121705
0.00 0 0 0 668 9285399 2022121705
0.00 0 0 0 668 9285399 2022121705
0.00 0 0 0 668 9285399 2022121705
0.00 0 0 0 668 9285399 2022121705
0.00 0 0 0 668 9285399 2022121705
0.00 0 0 0 668 9285399 2022121705
46.6 5 0 0 668 160665 2022121705
0.00 0 1 0 712 117011 2022121705
46.8 5 0 0 809 118242 2022121705
41.6 4 0 0 825 118310 2022121705
46.8 5 0 0 835 117746 2022121705
41.6 4 0 0 842 118420 2022121705
93.5 10 0 0 852 118174 2022121705
46.8 5 0 0 856 118262 2022121705
41.6 4 0 0 860 118766 2022121705
52.0 5 0 0 864 118509 2022121705
88.3 9 0 0 874 118883 2022121705
52.0 5 0 0 878 117983 2022121705
46.8 5 0 0 882 117967 2022121705
41.6 4 0 0 888 118816 2022121705
98.7 10 0 0 897 118171 2022121705
46.8 5 0 0 903 118567 2022121705
52.0 5 0 0 908 118281 2022121705
46.8 5 0 0 914 117950 2022121705
98.7 10 0 0 926 118122 2022121705
52.0 5 0 0 932 117111 2022121705
46.8 5 0 0 939 118710 2022121705
52.0 5 0 0 944 118687 2022121705
98.7 10 0 0 958 118878 2022121705
57.2 6 0 0 965 118196 2022121705
46.8 5 0 0 972 118531 2022121705
52.0 5 0 0 979 118649 2022121705
109 11 0 0 992 118918 2022121705
52.0 5 0 0 1001 118984 2022121705
57.2 6 0 0 1007 118737 2022121705
52.0 5 0 0 1016 114608 2022121705
109 11 0 0 1032 118417 2022121705
57.2 6 0 0 1041 118365 2022121705
52.0 5 0 0 1049 118794 2022121705
57.2 6 0 0 1057 118301 2022121705
114 12 0 0 1075 118401 2022121705
57.2 6 0 0 1085 118177 2022121705
62.4 6 0 0 1094 117839 2022121705
52.0 5 0 0 1103 118415 2022121705
125 12 0 0 1123 118152 2022121705
57.2 6 0 0 1133 114541 2022121705
62.4 6 0 0 1144 118098 2022121705
62.4 6 0 0 1154 117699 2022121705
125 13 0 0 1176 118269 2022121705
62.4 6 0 0 1187 118099 2022121705
62.4 6 0 0 1198 122378 2022121705
67.6 7 0 0 1210 118293 2022121705
130 13 0 0 1231 116856 2022121705
31.2 3 0 15 555 118975 2022121705
93.5 9 0 0 641 118801 2022121705
5.20 1 0 0 867 119777 2022121705
83.1 9 0 0 892 117569 2022121705
36.4 4 0 0 900 118472 2022121705
72.7 7 0 0 914 117334 2022121705
36.4 4 0 0 922 117219 2022121705
114 12 0 0 941 117148 2022121705
36.4 4 0 0 948 117414 2022121705
36.4 4 0 0 954 121574 2022121705
77.9 8 0 0 966 117129 2022121705
77.9 8 0 0 979 118187 2022121705
77.9 8 0 0 991 117367 2022121705
41.6 4 0 0 998 117444 2022121705
36.4 4 0 0 1002 117883 2022121705
125 12 0 0 1020 117095 2022121705
36.4 4 0 0 1024 119321 2022121705
83.1 8 0 0 1034 117058 2022121705
41.6 4 0 0 1035 119258 2022121705
120 12 0 0 1054 117661 2022121705
46.8 5 0 0 1060 117617 2022121705
46.8 5 0 0 1064 115871 2022121705
77.9 8 0 0 1072 113590 2022121705
98.7 10 0 0 1082 115838 2022121705
77.9 8 0 0 1090 117845 2022121705
46.8 5 0 0 1096 117631 2022121705
46.8 5 0 0 1098 119457 2022121705
135 13 0 0 1110 116915 2022121705
46.8 5 0 0 1114 118844 2022121705
72.7 7 0 0 1121 117851 2022121705
52.0 5 0 1 666 118213 2022121705
46.8 5 0 0 785 119744 2022121705
98.7 10 0 0 799 117659 2022121705
36.4 4 0 0 799 117127 2022121705
26.0 3 0 0 799 119068 2022121705
93.5 9 0 0 819 117725 2022121705
36.4 4 0 0 824 119402 2022121705
62.4 6 0 0 831 117545 2022121705
36.4 4 0 0 835 117686 2022121705
98.7 10 0 0 845 117539 2022121705
36.4 4 0 0 849 118195 2022121705
41.6 4 0 0 852 119273 2022121705
62.4 6 0 0 857 117791 2022121705
36.4 4 0 0 864 117839 2022121705
67.6 7 0 0 870 122892 2022121705
31.2 3 0 0 879 117324 2022121705
0.00 0 0 0 879 117324 2022121705
145 14 0 0 883 117465 2022121705
67.6 7 0 0 886 118086 2022121705
72.7 7 0 0 890 117928 2022121705
41.6 4 0 0 893 117049 2022121705
98.7 10 0 0 899 113052 2022121705
41.6 4 0 0 900 122525 2022121705
36.4 4 0 0 904 120253 2022121705
67.6 7 0 0 907 117780 2022121705
77.9 8 0 0 911 115366 2022121705
67.6 7 0 0 915 117622 2022121705
41.6 4 0 0 916 117654 2022121705
41.6 4 0 0 921 117888 2022121705
72.7 7 0 0 922 117867 2022121705
67.6 7 0 0 923 119317 2022121705
83.1 8 0 0 928 117281 2022121705
67.6 7 0 0 929 117504 2022121705
41.6 4 0 0 934 118102 2022121705
0.00 0 0 0 934 118102 2022121705
114 11 1 0 936 116948 2022121705
72.7 7 0 0 937 122170 2022121705
41.6 4 0 0 937 116839 2022121705
31.2 3 0 0 939 117002 2022121705
120 12 0 0 940 116996 2022121705
36.4 4 0 0 941 119388 2022121705
72.7 7 0 0 943 117340 2022121705
41.6 4 0 0 943 117276 2022121705
114 12 0 0 945 117098 2022121705
36.4 4 0 0 945 117837 2022121705
41.6 4 0 0 947 119446 2022121705
72.7 7 0 0 948 117503 2022121705
83.1 8 0 0 950 119392 2022121705
72.7 7 0 0 950 117487 2022121705
41.6 4 0 0 950 117193 2022121705
41.6 4 0 0 951 117841 2022121705
77.9 8 0 0 951 119277 2022121705
38.0 2539 8 58 952 118732 2022121705
