13.7 2 0 0 27 118367 2022121706
0.00 0 1 0 55 119470 2022121706
8.58 1 0 0 110 119173 2022121706
17.1 2 0 0 219 117412 2022121706
41.9 4 0 0 220 122298 2022121706
98.4 10 0 0 619 116892 2022121706
73.4 7 0 0 763 117234 2022121706
140 14 0 0 878 116871 2022121706
41.6 4 0 0 905 117405 2022121706
46.8 5 0 0 905 112922 2022121706
46.8 5 0 0 905 118652 2022121706
72.7 7 0 0 905 118032 2022121706
0.00 0 0 0 905 118032 2022121706
120 12 0 0 905 120998 2022121706
26.0 3 0 0 905 116995 2022121706
46.8 5 0 0 918 116880 2022121706
20.8 2 0 0 951 119166 2022121706
98.7 10 0 0 965 117482 2022121706
46.8 5 0 0 965 117322 2022121706
46.8 5 0 0 965 117159 2022121706
46.8 5 0 0 965 117480 2022121706
98.7 10 0 0 965 113327 2022121706
52.0 5 0 0 996 113799 2022121706
46.8 5 0 0 1012 117883 2022121706
57.2 6 0 0 1030 117531 2022121706
104 10 0 0 1097 113186 2022121706
57.2 6 0 0 1097 117147 2022121706
57.2 6 0 2 707 116978 2022121706
62.4 6 0 0 70 112951 2022121706
88.3 9 1 0 743 117025 2022121706
0.00 0 1 0 748 118962 2022121706
57.2 6 0 0 763 117918 2022121706
36.4 4 0 0 770 117453 2022121706
67.6 7 0 0 790 117670 2022121706
41.6 4 0 0 798 117531 2022121706
41.6 4 0 0 808 117527 2022121706
41.6 4 0 0 808 113432 2022121706
83.1 8 0 0 830 118476 2022121706
46.8 5 0 0 835 113462 2022121706
36.4 4 0 0 841 113240 2022121706
46.8 5 0 0 854 117781 2022121706
93.5 10 0 0 871 117597 2022121706
46.8 5 0 0 878 117631 2022121706
46.8 5 0 0 885 117713 2022121706
46.8 5 0 0 892 117397 2022121706
93.5 10 0 0 905 117438 2022121706
52.0 5 0 0 912 117502 2022121706
46.8 5 0 0 918 117562 2022121706
52.0 5 0 0 925 117252 2022121706
98.7 10 0 0 937 117310 2022121706
46.8 5 0 0 943 117375 2022121706
52.0 5 0 0 944 117641 2022121706
46.8 5 0 0 952 113299 2022121706
98.7 10 0 0 963 117211 2022121706
52.0 5 0 0 966 113784 2022121706
52.0 5 0 0 973 117290 2022121706
46.8 5 0 0 979 117755 2022121706
109 11 0 0 988 117232 2022121706
52.0 5 0 0 992 117415 2022121706
52.0 5 0 0 996 117774 2022121706
57.2 6 0 0 1001 117260 2022121706
104 10 0 0 1009 120415 2022121706
57.2 6 0 0 1013 116928 2022121706
52.0 5 0 0 1017 117558 2022121706
57.2 6 0 0 1020 117051 2022121706
109 11 0 0 1027 117192 2022121706
57.2 6 0 0 1031 117173 2022121706
52.0 5 0 0 1032 117305 2022121706
57.2 6 0 0 1032 113212 2022121706
98.7 10 0 34 106 117554 2022121706
31.2 3 0 22 62 120783 2022121706
5.20 1 0 21 608 120206 2022121706
26.0 3 0 0 732 117768 2022121706
41.6 4 0 0 732 120628 2022121706
31.2 3 0 0 732 117385 2022121706
72.7 8 0 0 755 117079 2022121706
0.00 0 0 0 755 117079 2022121706
104 10 0 0 758 117268 2022121706
36.4 4 0 0 766 117249 2022121706
36.4 4 0 0 772 117357 2022121706
46.8 5 0 0 772 117433 2022121706
62.4 7 0 0 772 117365 2022121706
41.6 4 0 0 772 117204 2022121706
36.4 4 0 0 772 117138 2022121706
36.4 4 0 0 772 117297 2022121706
62.4 7 0 0 772 117178 2022121706
36.4 4 0 0 772 117315 2022121706
36.4 4 0 0 772 117231 2022121706
41.6 4 0 0 772 118739 2022121706
62.4 7 0 0 813 117058 2022121706
41.6 4 0 0 813 117119 2022121706
41.6 4 0 0 813 117205 2022121706
41.6 4 0 0 813 117200 2022121706
52.0 6 0 0 813 117415 2022121706
41.6 4 0 0 813 117494 2022121706
41.6 4 0 0 813 117425 2022121706
36.4 4 0 0 813 117377 2022121706
77.9 8 0 0 813 117267 2022121706
36.4 4 0 0 813 117213 2022121706
36.4 4 0 0 813 117352 2022121706
41.6 4 0 0 813 117234 2022121706
77.9 8 0 0 813 117358 2022121706
36.4 4 0 0 813 120493 2022121706
36.4 4 0 0 813 117219 2022121706
41.6 4 0 0 813 116804 2022121706
88.3 9 0 0 842 117090 2022121706
41.6 4 0 0 854 113581 2022121706
41.6 4 0 0 863 121626 2022121706
46.8 5 0 0 865 117251 2022121706
93.5 10 0 0 870 117086 2022121706
46.8 5 0 0 871 117722 2022121706
46.8 5 0 0 13 118318 2022121706
0.00 0 0 0 13 118318 2022121706
0.00 0 0 0 13 118318 2022121706
0.00 0 0 0 13 118318 2022121706
0.00 0 0 0 13 118318 2022121706
0.00 0 0 0 13 118318 2022121706
0.00 0 0 0 13 118318 2022121706
0.00 0 0 0 13 118318 2022121706
0.00 0 0 0 13 118318 2022121706
0.00 0 0 0 13 118318 2022121706
0.00 0 0 0 13 118318 2022121706
0.00 0 0 0 13 118318 2022121706
0.00 0 0 0 13 118318 2022121706
0.00 0 0 0 13 118318 2022121706
0.00 0 0 0 13 118318 2022121706
0.00 0 0 0 13 118318 2022121706
0.00 0 0 0 13 118318 2022121706
0.00 0 0 0 13 118318 2022121706
0.00 0 0 0 13 118318 2022121706
0.00 0 0 0 13 118318 2022121706
0.00 0 0 0 13 118318 2022121706
0.00 0 0 0 13 118318 2022121706
0.00 0 0 0 13 118318 2022121706
0.00 0 0 0 13 118318 2022121706
0.00 0 0 0 13 118318 2022121706
0.00 0 0 0 13 118318 2022121706
0.00 0 0 0 13 118318 2022121706
0.00 0 0 0 13 118318 2022121706
0.00 0 0 0 13 118318 2022121706
0.00 0 0 0 13 118318 2022121706
0.00 0 0 0 13 118318 2022121706
0.00 0 0 0 13 118318 2022121706
0.00 0 0 0 13 118318 2022121706
0.00 0 0 0 13 118318 2022121706
0.00 0 0 0 13 118318 2022121706
0.00 0 0 0 13 118318 2022121706
0.00 0 0 0 13 118318 2022121706
0.00 0 0 0 13 118318 2022121706
0.00 0 0 0 13 118318 2022121706
0.00 0 0 0 13 118318 2022121706
0.00 0 0 0 13 118318 2022121706
0.00 0 0 0 13 118318 2022121706
0.00 0 0 0 13 118318 2022121706
0.00 0 0 0 13 118318 2022121706
0.00 0 0 0 13 118318 2022121706
0.00 0 0 0 13 118318 2022121706
0.00 0 0 0 13 118318 2022121706
0.00 0 0 0 13 118318 2022121706
0.00 0 0 0 13 118318 2022121706
0.00 0 0 0 13 118318 2022121706
0.00 0 0 0 13 118318 2022121706
0.00 0 0 0 13 118318 2022121706
0.00 0 0 0 13 118318 2022121706
0.00 0 0 0 13 118318 2022121706
0.00 0 0 0 13 118318 2022121706
0.00 0 0 0 13 118318 2022121706
0.00 0 0 0 13 118318 2022121706
0.00 0 0 0 13 118318 2022121706
0.00 0 0 0 13 118318 2022121706
0.00 0 0 0 13 118318 2022121706
0.00 0 0 0 13 118318 2022121706
0.00 0 0 0 13 118318 2022121706
0.00 0 0 0 13 118318 2022121706
0.00 0 0 0 13 118318 2022121706
0.00 0 0 0 13 118318 2022121706
0.00 0 0 0 13 118318 2022121706
0.00 0 0 0 13 118318 2022121706
0.00 0 0 0 13 118318 2022121706
0.00 0 0 0 13 118318 2022121706
0.00 0 0 0 13 118318 2022121706
0.00 0 0 0 13 118318 2022121706
0.00 0 0 0 13 118318 2022121706
0.00 0 0 0 13 118318 2022121706
0.00 0 0 0 13 118318 2022121706
0.00 0 0 0 13 118318 2022121706
0.00 0 0 0 13 118318 2022121706
0.00 0 0 0 13 118318 2022121706
0.00 0 0 0 13 118318 2022121706
0.00 0 0 0 13 118318 2022121706
0.00 0 0 0 13 118318 2022121706
0.00 0 0 0 13 118318 2022121706
0.00 0 0 0 13 118318 2022121706
0.00 0 0 0 13 118318 2022121706
0.00 0 0 0 13 118318 2022121706
0.00 0 0 0 13 118318 2022121706
0.00 0 0 0 13 118318 2022121706
0.00 0 0 0 13 118318 2022121706
0.00 0 0 0 13 118318 2022121706
0.00 0 0 0 13 118318 2022121706
0.00 0 0 0 13 118318 2022121706
0.00 0 0 0 13 118318 2022121706
0.00 0 0 0 13 118318 2022121706
0.00 0 0 0 13 118318 2022121706
0.00 0 0 0 13 118318 2022121706
334 32 0 0 728 117155 2022121706
0.00 0 0 0 728 117155 2022121706
0.00 0 0 0 728 117155 2022121706
0.00 0 0 0 728 117155 2022121706
0.00 0 0 0 728 117155 2022121706
0.00 0 0 0 728 117155 2022121706
0.00 0 0 0 728 117155 2022121706
0.00 0 0 0 728 117155 2022121706
67.6 7 0 0 728 128084 2022121706
41.6 4 0 0 728 117404 2022121706
0.00 0 1 0 783 117247 2022121706
31.2 3 0 0 783 117286 2022121706
77.9 8 0 0 783 117435 2022121706
41.6 4 0 0 783 117343 2022121706
41.6 4 0 0 783 117444 2022121706
31.2 3 0 0 783 117181 2022121706
83.1 8 0 0 783 117318 2022121706
41.6 4 0 0 783 117277 2022121706
57.2 6 0 0 783 117352 2022121706
41.6 4 0 0 783 117352 2022121706
36.4 4 0 0 821 117273 2022121706
36.4 4 0 0 841 117205 2022121706
88.3 9 0 0 874 117616 2022121706
46.8 5 0 0 878 117718 2022121706
46.8 5 0 0 879 117787 2022121706
52.0 5 0 0 881 117535 2022121706
93.5 10 0 0 882 113681 2022121706
52.0 5 0 0 882 113185 2022121706
20.8 2 0 0 882 117629 2022121706
46.8 5 0 0 882 117611 2022121706
88.3 9 0 0 882 117265 2022121706
41.6 4 0 0 882 117201 2022121706
41.6 4 0 0 882 117282 2022121706
46.8 5 0 0 882 117495 2022121706
72.7 7 0 0 882 117384 2022121706
41.6 4 0 0 882 117428 2022121706
46.8 5 0 0 882 117347 2022121706
36.4 4 0 0 882 117287 2022121706
88.3 9 0 0 882 117185 2022121706
41.6 4 0 0 882 117324 2022121706
46.8 5 0 0 882 117340 2022121706
36.4 4 0 0 882 113355 2022121706
88.3 9 0 0 882 117276 2022121706
46.8 5 0 0 882 117282 2022121706
41.6 4 0 0 882 113374 2022121706
41.6 4 0 0 882 117125 2022121706
88.3 9 0 0 882 117309 2022121706
41.6 4 0 0 882 117277 2022121706
41.6 4 0 0 882 117298 2022121706
41.6 4 0 0 882 117554 2022121706
88.3 9 0 0 882 117453 2022121706
41.6 4 0 0 882 117626 2022121706
46.8 5 0 0 882 117894 2022121706
41.6 4 0 0 882 117566 2022121706
77.9 8 0 0 882 117334 2022121706
41.6 4 0 0 882 117116 2022121706
41.6 4 0 0 882 117290 2022121706
41.6 4 0 0 882 117540 2022121706
88.3 9 0 0 882 113318 2022121706
41.6 4 0 0 882 113414 2022121706
41.6 4 0 0 882 113209 2022121706
41.6 4 0 0 882 117230 2022121706
88.3 9 0 0 882 117145 2022121706
41.6 4 0 0 882 117303 2022121706
46.8 5 0 0 882 117377 2022121706
41.6 4 0 0 882 117410 2022121706
83.1 8 0 0 882 117345 2022121706
41.6 4 0 0 882 117575 2022121706
46.8 5 0 0 882 117412 2022121706
41.6 4 0 0 882 117437 2022121706
83.1 8 0 0 882 117808 2022121706
41.6 4 0 0 882 117338 2022121706
41.6 4 0 0 882 117497 2022121706
62.4 6 0 0 882 117396 2022121706
41.6 4 0 0 882 117339 2022121706
41.6 4 0 0 882 119076 2022121706
77.9 8 0 0 882 121372 2022121706
41.6 4 0 0 882 120578 2022121706
41.6 4 0 0 882 113616 2022121706
26.0 3 0 0 882 113295 2022121706
88.3 9 0 0 882 117474 2022121706
41.6 4 0 0 882 117361 2022121706
41.6 4 0 0 882 117028 2022121706
41.6 4 0 0 882 117156 2022121706
88.3 9 0 0 882 117169 2022121706
46.8 5 0 0 882 117469 2022121706
41.6 4 0 0 882 117394 2022121706
41.6 4 0 0 882 117356 2022121706
83.1 8 0 0 882 117148 2022121706
36.4 4 0 0 985 117372 2022121706
46.8 5 0 0 985 117020 2022121706
46.8 5 0 0 1034 118094 2022121706
104 10 0 0 1034 117250 2022121706
57.2 6 0 0 1064 117318 2022121706
52.0 5 0 0 1082 117854 2022121706
57.2 6 0 0 1087 117220 2022121706
104 10 0 0 1087 117214 2022121706
52.0 5 0 0 1087 117265 2022121706
52.0 5 0 0 1087 117191 2022121706
52.0 5 0 0 1087 117144 2022121706
104 11 0 0 1087 117465 2022121706
26.0 3 0 0 1087 116988 2022121706
52.0 5 0 0 1087 117359 2022121706
57.2 6 0 0 1087 113101 2022121706
93.5 10 0 0 1087 117393 2022121706
46.8 5 0 0 1087 117337 2022121706
52.0 5 0 0 1087 117219 2022121706
52.0 5 0 0 1087 117430 2022121706
98.7 10 0 0 1087 117439 2022121706
41.6 4 0 0 1087 117278 2022121706
46.8 5 0 0 1087 117228 2022121706
52.0 5 0 0 1087 117260 2022121706
104 10 0 0 1087 117235 2022121706
57.2 6 0 0 1087 117280 2022121706
41.6 4 0 0 1087 116988 2022121706
52.0 5 0 0 1087 117303 2022121706
104 11 0 0 1087 117075 2022121706
46.8 5 0 0 1087 117049 2022121706
57.2 6 0 0 1087 117121 2022121706
57.2 6 0 0 1087 117124 2022121706
104 10 0 0 1087 117225 2022121706
57.2 6 0 0 1087 117431 2022121706
52.0 5 0 0 1087 117152 2022121706
57.2 6 0 0 1087 117013 2022121706
104 10 0 0 1087 117132 2022121706
52.0 5 0 0 1261 117159 2022121706
52.0 5 0 0 1400 117071 2022121706
57.2 6 0 0 1400 117372 2022121706
125 13 0 0 1400 117195 2022121706
67.6 7 0 0 1400 117249 2022121706
67.6 7 0 0 1400 117136 2022121706
72.7 7 0 0 1400 116837 2022121706
145 14 0 0 1400 117259 2022121706
67.6 7 0 0 1400 117138 2022121706
62.4 6 0 0 1400 116984 2022121706
72.7 7 0 0 1518 117046 2022121706
77.9 8 0 0 1518 117160 2022121706
114 11 0 379 569 128591 2022121706
5.20 1 0 0 569 128591 2022121706
0.00 0 0 0 569 128591 2022121706
0.00 0 0 0 569 128591 2022121706
0.00 0 0 0 569 128591 2022121706
0.00 0 0 0 569 128591 2022121706
0.00 0 0 0 569 128591 2022121706
161 16 0 0 744 119174 2022121706
93.5 9 0 0 751 117614 2022121706
20.8 2 0 0 751 117071 2022121706
72.7 8 0 0 751 117407 2022121706
26.0 3 0 0 751 116881 2022121706
31.2 3 0 0 759 117089 2022121706
31.2 3 0 0 776 117471 2022121706
77.9 8 0 0 787 117267 2022121706
36.4 4 0 0 787 116921 2022121706
57.2 6 0 0 787 119033 2022121706
0.00 0 0 0 787 119033 2022121706
72.7 8 0 0 787 120796 2022121706
31.2 3 0 0 787 117733 2022121706
41.6 4 0 0 787 113446 2022121706
31.2 3 0 0 787 120644 2022121706
62.4 7 0 0 787 117236 2022121706
31.2 3 0 0 787 117569 2022121706
31.2 3 0 0 787 117479 2022121706
31.2 3 0 0 787 117338 2022121706
67.6 7 0 0 787 121469 2022121706
41.6 4 0 0 787 117276 2022121706
31.2 3 0 0 787 117098 2022121706
36.4 4 0 0 787 117072 2022121706
72.7 8 0 0 787 116975 2022121706
31.2 3 0 0 787 117167 2022121706
36.4 4 0 0 787 120311 2022121706
36.4 4 0 0 787 117421 2022121706
67.6 7 0 0 787 116941 2022121706
31.2 3 0 0 787 117523 2022121706
36.4 4 0 0 787 117020 2022121706
31.2 3 0 0 787 117132 2022121706
72.7 8 0 0 787 117268 2022121706
41.6 4 0 0 787 117470 2022121706
36.4 4 0 0 787 117263 2022121706
31.2 3 0 0 787 117614 2022121706
67.6 7 0 0 787 117135 2022121706
31.2 3 0 0 787 118337 2022121706
36.4 4 0 0 787 117553 2022121706
31.2 3 0 0 787 117532 2022121706
62.4 6 0 0 787 117009 2022121706
31.2 3 0 0 787 120800 2022121706
31.2 3 0 0 787 117198 2022121706
36.4 4 0 0 787 117639 2022121706
52.0 6 0 0 787 117472 2022121706
26.0 3 0 0 787 117780 2022121706
20.8 2 0 0 787 117610 2022121706
31.2 3 0 0 787 117626 2022121706
52.0 5 0 0 787 116822 2022121706
31.2 3 0 0 787 116796 2022121706
36.4 4 0 0 787 117214 2022121706
31.2 3 0 0 787 117474 2022121706
62.4 6 0 0 787 117483 2022121706
26.0 3 0 0 787 117685 2022121706
26.0 3 0 0 787 117476 2022121706
26.0 3 0 0 787 117516 2022121706
57.2 6 0 0 787 117656 2022121706
26.0 3 0 0 787 117754 2022121706
26.0 3 0 0 787 117379 2022121706
26.0 3 0 0 787 117493 2022121706
41.6 4 0 0 787 117634 2022121706
31.2 3 0 0 787 117028 2022121706
26.0 3 0 0 787 117828 2022121706
36.4 4 0 0 787 117334 2022121706
52.0 6 0 0 787 113889 2022121706
31.2 3 0 0 787 113386 2022121706
10.4 1 0 0 787 116845 2022121706
31.2 3 0 0 787 117178 2022121706
57.2 6 0 0 787 113794 2022121706
26.0 3 0 0 787 117509 2022121706
0.00 0 0 0 787 117509 2022121706
67.6 7 0 0 787 117671 2022121706
36.4 4 0 0 787 116981 2022121706
31.2 3 0 0 787 117009 2022121706
67.6 7 0 0 787 117640 2022121706
31.2 3 0 0 787 113653 2022121706
26.0 3 0 0 787 113172 2022121706
62.4 6 0 0 787 117312 2022121706
31.2 3 0 0 787 117531 2022121706
31.2 3 0 0 787 117444 2022121706
31.2 3 0 0 787 117576 2022121706
36.4 4 0 0 787 117635 2022121706
52.0 5 0 0 787 117574 2022121706
31.2 3 0 0 787 117522 2022121706
31.2 3 0 0 787 117161 2022121706
31.2 3 0 0 787 117531 2022121706
57.2 6 0 0 787 117637 2022121706
31.2 3 0 0 787 117476 2022121706
31.2 3 0 0 787 117476 2022121706
15.6 2 0 0 787 117588 2022121706
57.2 6 0 0 787 117534 2022121706
26.0 3 0 0 787 117329 2022121706
31.2 3 0 0 787 117389 2022121706
36.4 4 0 0 787 117510 2022121706
57.2 6 0 0 787 117339 2022121706
31.2 3 0 0 787 117485 2022121706
31.2 3 0 0 787 117491 2022121706
36.4 4 0 0 787 117333 2022121706
62.4 6 0 0 787 117405 2022121706
31.2 3 0 0 787 117737 2022121706
36.4 4 0 0 787 117528 2022121706
26.0 3 0 0 787 117238 2022121706
62.4 7 0 0 787 116804 2022121706
31.2 3 0 0 787 117287 2022121706
36.4 4 0 0 787 116998 2022121706
36.4 4 0 0 787 117178 2022121706
67.6 7 0 0 787 112894 2022121706
26.0 3 0 0 787 116866 2022121706
57.2 6 0 0 787 113124 2022121706
10.4 1 0 0 787 117348 2022121706
31.2 3 0 0 787 116992 2022121706
31.2 3 0 0 787 117562 2022121706
67.6 7 0 0 787 117497 2022121706
31.2 3 0 0 787 117733 2022121706
36.4 4 0 0 787 117460 2022121706
31.2 3 0 0 787 117548 2022121706
67.6 7 0 0 787 117218 2022121706
31.2 3 0 0 787 117629 2022121706
41.6 4 0 0 787 117156 2022121706
31.2 3 0 0 787 117471 2022121706
67.6 7 0 0 787 117604 2022121706
20.8 2 0 0 787 117609 2022121706
31.2 3 0 0 787 117442 2022121706
36.4 4 0 0 787 116970 2022121706
62.4 7 0 0 787 117576 2022121706
41.6 4 0 0 787 116929 2022121706
10.4 1 0 0 787 117096 2022121706
36.4 4 0 0 787 117011 2022121706
72.7 8 0 0 787 116857 2022121706
26.0 3 0 0 787 118125 2022121706
36.4 4 0 0 787 117490 2022121706
31.2 3 0 0 787 116992 2022121706
67.6 7 0 0 787 117526 2022121706
36.4 4 0 0 787 117389 2022121706
31.2 3 0 0 787 116847 2022121706
26.0 3 0 0 787 116955 2022121706
67.6 7 0 0 1034 118037 2022121706
52.0 5 0 0 1060 117000 2022121706
41.6 4 0 0 1083 113494 2022121706
62.4 6 0 0 1083 112915 2022121706
109 11 0 0 1111 120180 2022121706
57.2 6 0 0 1111 113226 2022121706
57.2 6 0 0 1121 116870 2022121706
57.2 6 0 0 1137 116805 2022121706
125 13 0 0 1158 116968 2022121706
57.2 6 0 0 1167 116953 2022121706
62.4 6 0 9 464 117583 2022121706
62.4 6 0 0 813 118764 2022121706
72.7 8 0 0 828 117262 2022121706
26.0 3 0 0 835 117301 2022121706
41.6 4 0 0 846 117145 2022121706
41.6 4 0 0 854 117314 2022121706
88.3 9 0 0 874 117229 2022121706
46.8 5 0 0 883 117135 2022121706
46.8 5 0 0 892 117338 2022121706
46.8 5 0 0 894 113318 2022121706
88.3 9 0 0 894 113309 2022121706
46.8 5 0 0 894 113481 2022121706
46.8 5 0 0 894 117198 2022121706
41.6 4 0 0 894 120785 2022121706
88.3 9 0 0 894 113329 2022121706
36.4 4 0 0 934 120927 2022121706
46.8 5 0 0 945 120987 2022121706
46.8 5 0 0 945 117032 2022121706
93.5 10 0 0 945 117419 2022121706
46.8 5 0 0 945 117341 2022121706
41.6 4 0 0 945 113306 2022121706
41.6 4 0 0 945 117128 2022121706
88.3 9 0 0 945 117202 2022121706
46.8 5 0 0 945 117521 2022121706
41.6 4 0 0 945 117170 2022121706
46.8 5 0 0 945 118930 2022121706
93.5 10 0 0 945 112929 2022121706
46.8 5 0 0 945 113024 2022121706
41.6 4 0 4 843 118585 2022121706
20.8 2 0 127 175 115259 2022121706
20.8 2 1 66 663 120853 2022121706
41.6 4 0 0 667 114336 2022121706
57.2 6 0 0 667 113615 2022121706
20.8 2 0 0 667 121596 2022121706
52.0 5 0 17 33 116322 2022121706
20.8 2 0 0 466 118998 2022121706
31.2 3 0 0 466 117396 2022121706
0.00 0 1 0 466 117594 2022121706
41.6 5 0 0 466 117627 2022121706
20.8 2 0 0 466 117438 2022121706
20.8 2 0 0 466 117539 2022121706
26.0 3 0 0 466 117344 2022121706
20.8 2 0 0 466 117445 2022121706
36.4 4 0 0 466 117602 2022121706
41.6 4 0 0 466 117020 2022121706
20.8 2 0 0 466 117300 2022121706
26.0 3 0 0 466 117290 2022121706
20.8 2 0 0 466 117502 2022121706
41.6 5 0 0 466 117503 2022121706
26.0 3 0 0 466 117293 2022121706
20.8 2 0 0 466 117473 2022121706
20.8 2 0 0 466 117027 2022121706
52.0 6 0 0 466 117045 2022121706
20.8 2 0 0 466 121130 2022121706
26.0 3 0 0 466 113416 2022121706
20.8 2 0 0 466 113181 2022121706
36.4 4 0 0 466 117112 2022121706
20.8 2 0 0 466 117575 2022121706
26.0 3 0 0 466 117415 2022121706
26.0 3 0 0 466 117491 2022121706
20.8 2 0 0 466 117025 2022121706
26.0 3 0 0 466 117681 2022121706
46.8 5 0 0 466 117410 2022121706
26.0 3 0 0 466 117741 2022121706
20.8 2 0 0 466 117446 2022121706
20.8 2 0 0 466 113288 2022121706
46.8 5 0 0 466 113170 2022121706
20.8 2 0 0 466 117830 2022121706
26.0 3 0 23 74 117023 2022121706
15.6 2 0 17 325 114042 2022121706
26.0 3 0 0 325 117814 2022121706
10.4 1 0 0 328 117060 2022121706
0.00 0 1 0 328 117060 2022121706
31.2 3 0 0 333 118938 2022121706
26.0 3 0 0 340 117179 2022121706
31.2 3 0 0 343 117253 2022121706
5.20 1 0 0 343 117075 2022121706
20.8 2 0 0 343 117343 2022121706
31.2 3 0 0 343 118624 2022121706
26.0 3 0 0 343 117379 2022121706
0.00 0 1 0 343 117273 2022121706
15.6 2 0 0 343 117446 2022121706
31.2 4 0 0 343 113478 2022121706
20.8 2 0 0 351 117285 2022121706
10.4 1 0 0 361 113298 2022121706
20.8 2 0 0 361 116780 2022121706
36.4 4 0 0 361 113440 2022121706
15.6 2 0 0 361 116729 2022121706
20.8 2 0 0 361 117277 2022121706
10.4 1 0 0 361 117603 2022121706
26.0 3 0 0 361 117277 2022121706
20.8 2 0 0 361 117324 2022121706
5.20 1 0 0 361 117234 2022121706
26.0 3 0 0 361 117223 2022121706
10.4 1 0 0 361 117372 2022121706
15.6 2 0 0 361 117396 2022121706
26.0 3 0 0 361 117113 2022121706
15.6 2 0 0 361 116928 2022121706
15.6 2 0 0 361 117491 2022121706
20.8 2 0 0 361 117271 2022121706
31.2 4 0 0 361 117438 2022121706
10.4 1 0 0 361 117349 2022121706
10.4 1 0 0 361 117199 2022121706
15.6 2 0 0 361 117387 2022121706
31.2 4 0 0 361 117508 2022121706
10.4 1 0 0 370 117440 2022121706
39.0 2398 8 721 370 117440 2022121706
