8.47 1 1 0 53 119774 2022121703
5.20 1 0 0 55 124783 2022121703
10.4 1 0 0 110 120157 2022121703
15.6 2 1 0 139 119864 2022121703
28.6 3 0 0 267 117914 2022121703
10.5 1 0 0 277 118646 2022121703
83.4 8 0 0 514 119014 2022121703
72.4 7 0 0 526 117057 2022121703
114 12 0 0 566 117403 2022121703
31.2 3 0 0 580 117903 2022121703
26.0 3 0 0 594 118246 2022121703
62.4 6 0 0 624 117667 2022121703
62.4 6 0 0 654 118047 2022121703
67.6 7 0 0 688 117862 2022121703
31.2 3 0 0 722 118264 2022121703
20.8 2 0 0 757 117697 2022121703
62.4 6 0 0 776 117411 2022121703
57.2 6 0 0 777 118343 2022121703
62.4 7 0 0 856 117360 2022121703
0.00 0 0 0 856 117360 2022121703
130 13 0 0 899 115162 2022121703
36.4 4 0 0 943 117074 2022121703
31.2 3 0 0 944 117832 2022121703
77.9 8 0 0 990 117489 2022121703
72.7 7 0 0 1041 121970 2022121703
83.1 8 0 0 1090 117384 2022121703
46.8 5 0 0 1118 117029 2022121703
36.4 4 0 0 1145 118491 2022121703
140 14 0 16 74 119788 2022121703
5.20 1 0 0 820 119929 2022121703
41.6 4 0 0 827 117131 2022121703
5.20 1 0 0 849 118215 2022121703
109 11 0 0 857 117141 2022121703
0.00 0 1 0 861 118273 2022121703
62.4 6 0 0 875 117761 2022121703
41.6 4 0 0 882 117016 2022121703
104 11 0 0 900 117821 2022121703
36.4 4 0 0 907 117282 2022121703
31.2 3 0 0 912 118056 2022121703
77.9 8 0 0 925 117626 2022121703
72.7 7 0 0 936 117708 2022121703
77.9 8 0 0 947 117350 2022121703
41.6 4 0 0 952 117348 2022121703
31.2 3 0 0 958 117501 2022121703
114 11 0 0 973 117657 2022121703
41.6 4 0 0 979 115035 2022121703
83.1 8 0 0 988 117493 2022121703
36.4 4 0 0 994 118166 2022121703
120 12 0 0 1006 117255 2022121703
41.6 4 0 0 1012 118348 2022121703
41.6 4 0 0 1016 119033 2022121703
83.1 8 0 0 1024 117473 2022121703
83.1 9 0 0 1034 118837 2022121703
83.1 8 0 0 1039 117246 2022121703
36.4 4 0 0 1043 117777 2022121703
46.8 5 0 0 1047 118848 2022121703
125 12 0 0 1057 126788 2022121703
52.0 5 0 0 1063 117040 2022121703
0.00 0 1 0 1067 117093 2022121703
88.3 9 0 0 1072 116938 2022121703
83.1 8 0 0 1079 118303 2022121703
88.3 9 0 0 1085 117125 2022121703
46.8 5 0 0 1089 117443 2022121703
41.6 4 0 0 1092 115581 2022121703
135 14 0 6 104 117311 2022121703
41.6 4 0 0 766 117810 2022121703
5.20 1 0 0 772 113105 2022121703
46.8 5 0 0 776 118594 2022121703
93.5 9 0 0 788 117407 2022121703
31.2 3 0 0 792 118674 2022121703
62.4 6 0 0 801 117558 2022121703
36.4 4 0 0 805 117311 2022121703
93.5 9 0 0 816 117731 2022121703
36.4 4 0 0 819 117232 2022121703
31.2 3 0 0 823 118608 2022121703
67.6 7 0 0 830 117894 2022121703
67.6 7 0 0 835 119265 2022121703
67.6 7 0 0 841 118141 2022121703
36.4 4 0 0 845 117710 2022121703
31.2 3 0 0 848 119137 2022121703
109 11 0 0 854 118100 2022121703
31.2 3 0 0 857 117182 2022121703
67.6 7 0 0 865 121386 2022121703
72.7 7 0 0 868 113181 2022121703
0.00 0 1 0 870 114460 2022121703
72.7 7 0 0 874 118361 2022121703
67.6 7 0 0 879 118250 2022121703
72.7 7 0 0 882 117644 2022121703
41.6 4 0 0 883 117047 2022121703
26.0 3 0 0 886 117895 2022121703
114 12 0 0 890 117188 2022121703
31.2 3 0 0 893 117944 2022121703
77.9 8 0 0 896 117434 2022121703
36.4 4 0 0 899 117708 2022121703
109 11 0 0 903 117370 2022121703
36.4 4 0 0 904 117697 2022121703
36.4 4 0 0 905 117825 2022121703
72.7 7 0 0 908 117017 2022121703
36.4 4 0 0 910 117512 2022121703
77.9 8 0 0 911 121751 2022121703
109 11 0 0 914 113345 2022121703
36.4 4 0 0 915 117433 2022121703
36.4 4 0 0 916 122243 2022121703
77.9 8 0 0 916 117088 2022121703
72.7 8 0 0 919 117461 2022121703
77.9 8 0 0 921 117815 2022121703
36.4 4 0 0 921 117311 2022121703
31.2 3 0 0 922 117171 2022121703
120 12 0 0 923 117061 2022121703
36.4 4 0 0 925 117061 2022121703
72.7 7 0 0 926 119089 2022121703
36.4 4 0 0 926 117581 2022121703
114 12 0 0 928 117845 2022121703
36.4 4 0 0 928 117804 2022121703
41.6 4 0 0 928 119105 2022121703
72.7 7 0 0 929 117541 2022121703
77.9 8 0 0 929 119290 2022121703
72.7 7 0 0 929 117711 2022121703
41.6 4 0 0 930 117738 2022121703
36.4 4 0 0 930 114983 2022121703
104 11 0 0 930 114723 2022121703
52.0 5 0 0 930 122820 2022121703
62.4 6 0 0 930 117189 2022121703
36.4 4 0 0 930 119255 2022121703
72.7 7 0 0 930 117502 2022121703
52.0 5 0 0 930 118821 2022121703
104 11 0 0 930 117998 2022121703
52.0 5 0 0 930 118564 2022121703
52.0 5 0 0 930 118768 2022121703
46.8 5 0 0 930 117835 2022121703
109 11 0 0 930 116956 2022121703
0.00 0 0 0 930 116956 2022121703
83.1 9 0 0 930 117169 2022121703
67.6 7 0 0 930 119626 2022121703
57.2 6 0 0 930 118041 2022121703
31.2 3 0 0 930 117936 2022121703
109 11 0 0 930 114200 2022121703
41.6 4 0 0 930 118197 2022121703
72.7 7 0 0 930 114104 2022121703
67.6 7 0 0 930 119627 2022121703
41.6 4 0 0 930 118108 2022121703
46.8 5 0 0 930 119536 2022121703
109 11 0 0 930 117809 2022121703
41.6 4 0 0 930 119412 2022121703
67.6 7 0 0 930 117568 2022121703
41.6 4 0 0 932 117821 2022121703
109 11 0 0 932 117899 2022121703
41.6 4 0 0 932 118105 2022121703
41.6 4 0 0 932 119549 2022121703
67.6 7 0 0 933 118014 2022121703
88.3 9 0 0 933 118649 2022121703
31.5 3 0 0 934 118065 2022121703
46.5 5 0 0 934 120692 2022121703
72.7 7 0 0 936 113515 2022121703
36.4 4 0 0 937 119399 2022121703
77.9 8 0 0 937 118053 2022121703
77.9 8 0 0 939 117831 2022121703
72.7 7 0 0 940 119552 2022121703
77.9 8 0 0 941 117535 2022121703
72.7 7 0 0 943 119528 2022121703
46.8 5 0 0 943 118415 2022121703
36.4 4 0 0 944 116192 2022121703
67.6 7 0 0 945 118177 2022121703
88.3 9 0 0 950 117259 2022121703
0.00 0 0 10 1070 117593 2022121703
0.00 0 0 0 1070 117593 2022121703
151 15 0 0 1070 117593 2022121703
120 12 0 0 1070 117593 2022121703
0.00 0 0 0 1070 117593 2022121703
109 11 0 0 1070 117593 2022121703
83.1 8 0 0 1070 117593 2022121703
72.7 7 0 0 1070 117593 2022121703
46.8 5 0 0 1070 117593 2022121703
36.4 4 0 0 1070 117593 2022121703
120 12 0 0 1070 117593 2022121703
41.6 4 0 0 1070 117593 2022121703
72.7 7 0 0 1070 117593 2022121703
46.8 5 0 0 1070 117593 2022121703
109 11 0 0 1070 117593 2022121703
46.8 5 0 0 1070 117593 2022121703
41.6 4 0 0 1070 117593 2022121703
72.7 7 0 0 1070 117593 2022121703
88.3 9 0 0 1070 117593 2022121703
72.7 7 0 0 1070 117593 2022121703
52.0 5 0 0 1070 117593 2022121703
26.0 3 0 0 1070 117593 2022121703
130 13 0 0 1070 117593 2022121703
36.4 4 0 0 1070 117593 2022121703
88.3 9 0 0 1070 117593 2022121703
41.6 4 0 0 1070 117593 2022121703
125 13 0 0 1070 117593 2022121703
41.6 4 0 0 1070 117593 2022121703
41.6 4 0 0 1070 117593 2022121703
88.3 9 0 0 1070 117593 2022121703
83.1 8 0 0 1070 117593 2022121703
88.3 9 0 0 1070 117593 2022121703
41.6 4 0 0 1070 117593 2022121703
41.6 4 0 0 1070 117593 2022121703
88.3 9 1 0 1070 117593 2022121703
93.5 9 0 0 1070 117593 2022121703
52.0 5 0 0 1070 117593 2022121703
125 13 0 0 1070 117593 2022121703
52.0 5 0 0 1070 117593 2022121703
41.6 4 0 0 1070 117593 2022121703
52.0 5 0 0 1070 117593 2022121703
88.3 9 1 0 1070 117593 2022121703
5.20 1 0 0 1070 117593 2022121703
41.6 4 0 0 1070 117593 2022121703
15.6 2 0 0 1070 117593 2022121703
93.5 10 0 0 1070 117593 2022121703
36.4 4 0 0 1070 117593 2022121703
41.6 4 0 0 1070 117593 2022121703
46.8 5 0 0 1070 117593 2022121703
77.9 8 0 0 1070 117593 2022121703
36.4 4 0 0 1070 117593 2022121703
57.2 6 0 0 1070 117593 2022121703
41.6 4 0 0 1070 117593 2022121703
98.7 10 0 0 1070 117593 2022121703
41.6 4 0 0 1070 117593 2022121703
41.6 4 0 0 1070 117593 2022121703
57.2 6 0 0 1070 117593 2022121703
88.3 9 0 0 1070 117593 2022121703
57.2 6 0 0 1070 117593 2022121703
46.8 5 0 0 1070 117593 2022121703
46.8 5 0 0 1070 117593 2022121703
104 11 0 0 1070 117593 2022121703
46.8 5 0 0 1070 117593 2022121703
57.2 6 0 0 1070 117593 2022121703
46.8 5 0 0 1070 117593 2022121703
109 11 0 0 1070 117593 2022121703
46.8 5 0 0 1070 117593 2022121703
52.0 5 0 0 1070 117593 2022121703
62.4 6 0 0 1070 117593 2022121703
98.7 10 0 0 1070 117593 2022121703
62.4 6 0 0 1070 117593 2022121703
52.0 5 0 0 1070 117593 2022121703
46.8 5 0 0 1070 117593 2022121703
88.3 9 0 0 1070 117593 2022121703
26.0 3 0 0 1070 117593 2022121703
125 13 0 0 1070 117593 2022121703
41.6 4 0 0 1070 117593 2022121703
77.9 8 0 0 1070 117593 2022121703
41.6 4 0 0 1070 117593 2022121703
125 12 0 0 1070 117593 2022121703
46.8 5 0 0 1070 117593 2022121703
52.0 5 0 0 1070 117593 2022121703
72.7 7 0 0 1070 117593 2022121703
98.7 10 0 0 1070 117593 2022121703
72.7 7 0 0 1070 117593 2022121703
52.0 5 0 0 1072 117142 2022121703
46.8 5 0 0 1075 117879 2022121703
130 13 0 0 1079 119230 2022121703
46.8 5 0 0 1082 117827 2022121703
72.7 7 0 0 1085 117738 2022121703
52.0 5 0 0 1086 119060 2022121703
125 12 0 0 1090 117533 2022121703
57.2 6 0 0 1092 119107 2022121703
46.8 5 0 0 1093 117671 2022121703
72.7 7 0 0 1103 5421515 2022121703
0.00 0 0 0 660 5421515 2022121703
0.00 0 0 0 660 5421515 2022121703
0.00 0 0 0 660 5421515 2022121703
325 31 0 0 660 5421515 2022121703
0.00 0 0 0 660 5421515 2022121703
0.00 0 0 0 660 5421515 2022121703
0.00 0 0 0 660 5421515 2022121703
0.00 0 0 0 660 5421515 2022121703
0.00 0 0 0 660 5421515 2022121703
0.00 0 0 0 660 5421515 2022121703
0.00 0 0 0 660 5421515 2022121703
0.00 0 0 0 660 5421515 2022121703
0.00 0 0 0 660 5421515 2022121703
0.00 0 0 0 660 5421515 2022121703
0.00 0 0 0 660 5421515 2022121703
0.00 0 0 0 660 5421515 2022121703
0.00 0 0 0 660 5421515 2022121703
0.00 0 0 0 660 5421515 2022121703
0.00 0 0 0 660 5421515 2022121703
0.00 0 0 0 660 5421515 2022121703
0.00 0 0 0 660 5421515 2022121703
0.00 0 0 0 660 5421515 2022121703
0.00 0 0 0 660 5421515 2022121703
0.00 0 0 0 660 5421515 2022121703
0.00 0 0 0 660 5421515 2022121703
0.00 0 0 0 660 5421515 2022121703
0.00 0 0 0 660 5421515 2022121703
0.00 0 0 0 660 5421515 2022121703
0.00 0 0 0 660 5421515 2022121703
0.00 0 0 0 660 5421515 2022121703
0.00 0 0 0 660 5421515 2022121703
0.00 0 0 0 660 5421515 2022121703
0.00 0 0 0 660 5421515 2022121703
0.00 0 0 0 660 5421515 2022121703
0.00 0 0 0 660 5421515 2022121703
0.00 0 0 0 660 5421515 2022121703
0.00 0 0 0 660 5421515 2022121703
0.00 0 0 0 660 5421515 2022121703
0.00 0 0 0 660 5421515 2022121703
0.00 0 0 0 660 5421515 2022121703
0.00 0 0 0 660 5421515 2022121703
0.00 0 0 0 660 5421515 2022121703
0.00 0 0 0 660 5421515 2022121703
0.00 0 0 0 660 5421515 2022121703
0.00 0 0 0 660 5421515 2022121703
0.00 0 0 0 660 5421515 2022121703
0.00 0 0 0 660 5421515 2022121703
0.00 0 0 0 660 5421515 2022121703
0.00 0 0 0 660 5421515 2022121703
0.00 0 0 0 660 5421515 2022121703
0.00 0 0 0 660 5421515 2022121703
0.00 0 0 0 660 5421515 2022121703
0.00 0 0 0 660 5421515 2022121703
0.00 0 0 0 660 5421515 2022121703
0.00 0 0 0 660 5421515 2022121703
0.00 0 0 0 660 5421515 2022121703
0.00 0 0 0 660 5421515 2022121703
0.00 0 0 0 660 5421515 2022121703
0.00 0 0 0 660 5421515 2022121703
0.00 0 0 0 660 5421515 2022121703
0.00 0 0 0 660 5421515 2022121703
0.00 0 0 0 660 5421515 2022121703
0.00 0 0 0 660 5421515 2022121703
0.00 0 0 0 660 5421515 2022121703
0.00 0 0 0 660 5421515 2022121703
0.00 0 0 0 660 5421515 2022121703
0.00 0 0 0 660 5421515 2022121703
0.00 0 0 0 660 5421515 2022121703
0.00 0 0 0 660 5421515 2022121703
0.00 0 0 0 660 5421515 2022121703
0.00 0 0 0 660 5421515 2022121703
0.00 0 0 0 660 5421515 2022121703
0.00 0 0 0 660 5421515 2022121703
0.00 0 0 0 660 5421515 2022121703
0.00 0 0 0 660 5421515 2022121703
0.00 0 0 0 660 5421515 2022121703
0.00 0 0 0 660 5421515 2022121703
0.00 0 0 0 660 5421515 2022121703
0.00 0 0 0 660 5421515 2022121703
0.00 0 0 0 660 5421515 2022121703
0.00 0 0 0 660 5421515 2022121703
0.00 0 0 0 660 5421515 2022121703
0.00 0 0 0 660 5421515 2022121703
0.00 0 0 0 660 5421515 2022121703
0.00 0 0 0 660 5421515 2022121703
0.00 0 0 0 660 5421515 2022121703
0.00 0 0 0 660 5421515 2022121703
0.00 0 0 0 660 5421515 2022121703
0.00 0 0 0 660 5421515 2022121703
0.00 0 0 0 660 5421515 2022121703
0.00 0 0 0 660 5421515 2022121703
0.00 0 0 0 660 5421515 2022121703
0.00 0 0 0 660 5421515 2022121703
0.00 0 0 0 660 5421515 2022121703
0.00 0 0 0 660 5421515 2022121703
0.00 0 0 0 660 5421515 2022121703
0.00 0 0 0 660 5421515 2022121703
0.00 0 0 0 660 5421515 2022121703
0.00 0 0 0 660 5421515 2022121703
0.00 0 0 0 660 5421515 2022121703
0.00 0 0 0 660 5421515 2022121703
0.00 0 0 0 660 5421515 2022121703
0.00 0 0 0 660 5421515 2022121703
0.00 0 0 0 660 5421515 2022121703
0.00 0 0 0 660 5421515 2022121703
0.00 0 0 0 660 5421515 2022121703
0.00 0 0 0 660 5421515 2022121703
0.00 0 0 0 660 5421515 2022121703
0.00 0 0 0 660 5421515 2022121703
0.00 0 0 0 660 5421515 2022121703
0.00 0 0 0 660 5421515 2022121703
0.00 0 0 0 660 5421515 2022121703
0.00 0 0 0 660 5421515 2022121703
20.6 2 0 0 979 117269 2022121703
5.20 1 0 0 1220 117789 2022121703
41.6 4 0 3 794 117500 2022121703
88.3 9 0 17 121 118799 2022121703
46.8 5 0 0 919 119946 2022121703
5.20 1 0 0 930 116994 2022121703
62.4 6 0 0 934 119157 2022121703
125 12 0 0 959 117113 2022121703
26.0 3 0 0 966 119285 2022121703
77.9 8 0 0 980 117970 2022121703
46.8 5 0 0 990 117568 2022121703
109 11 0 0 1007 118240 2022121703
52.0 5 0 0 1016 117161 2022121703
31.2 3 0 0 1020 118874 2022121703
83.1 8 0 0 1041 117200 2022121703
83.1 8 0 0 1046 119346 2022121703
83.1 8 0 0 1059 117298 2022121703
46.8 5 0 0 1065 117519 2022121703
41.6 4 0 0 1071 119056 2022121703
130 13 0 0 1089 117576 2022121703
41.6 4 0 0 1093 118976 2022121703
88.3 9 0 0 1103 117430 2022121703
46.8 5 0 0 1108 117468 2022121703
130 13 0 3 125 117911 2022121703
52.0 5 0 2 79 119848 2022121703
0.00 0 1 0 783 120135 2022121703
46.8 5 0 0 785 117144 2022121703
67.6 7 1 0 798 117153 2022121703
31.2 3 0 0 802 117852 2022121703
31.2 3 0 0 806 119094 2022121703
67.6 7 0 0 813 117044 2022121703
67.6 7 0 0 823 119444 2022121703
62.4 6 0 0 828 117572 2022121703
36.4 4 0 0 832 117674 2022121703
31.2 3 0 0 836 119459 2022121703
104 11 0 0 846 118145 2022121703
36.4 4 0 0 849 119629 2022121703
62.4 6 0 0 856 117741 2022121703
36.4 4 0 0 859 117771 2022121703
104 11 0 0 867 117754 2022121703
36.4 4 0 0 870 118076 2022121703
36.4 4 0 0 874 119640 2022121703
67.6 7 0 0 878 117987 2022121703
77.9 8 0 0 883 116343 2022121703
67.6 7 0 0 886 119970 2022121703
36.4 4 0 0 890 114120 2022121703
41.6 4 0 0 894 117987 2022121703
104 10 0 0 900 117978 2022121703
41.6 4 0 0 903 118180 2022121703
41.6 4 0 0 904 118021 2022121703
62.4 6 0 0 908 117752 2022121703
83.1 8 0 0 912 119438 2022121703
62.4 6 0 0 915 118061 2022121703
46.8 5 0 0 916 117742 2022121703
41.6 4 0 0 918 119488 2022121703
109 11 0 0 922 117646 2022121703
36.4 4 0 0 923 118968 2022121703
67.6 7 0 0 928 115469 2022121703
83.1 8 0 0 929 117051 2022121703
0.00 0 1 0 929 117801 2022121703
83.1 8 0 0 932 118108 2022121703
72.7 7 0 0 934 114210 2022121703
77.9 8 0 0 936 117734 2022121703
41.6 4 0 0 937 117795 2022121703
31.2 3 0 0 937 118359 2022121703
120 12 0 0 940 117178 2022121703
31.2 3 0 0 940 118119 2022121703
83.1 8 0 0 941 117583 2022121703
36.4 4 0 0 941 117909 2022121703
114 12 0 0 944 117438 2022121703
41.6 4 0 0 945 117415 2022121703
36.4 4 0 0 945 122208 2022121703
77.9 8 0 0 947 117678 2022121703
72.7 7 0 0 948 119206 2022121703
77.9 8 0 0 948 117074 2022121703
36.4 4 0 0 948 117058 2022121703
41.6 4 0 0 950 119427 2022121703
114 11 0 0 950 117365 2022121703
41.6 4 0 0 950 115561 2022121703
67.6 7 0 0 951 117396 2022121703
46.8 5 0 0 951 113553 2022121703
109 11 0 0 951 117838 2022121703
46.8 5 0 0 951 113316 2022121703
41.6 4 0 0 951 115401 2022121703
67.6 7 0 0 951 181937 2022121703
0.00 0 0 0 951 181937 2022121703
0.00 0 0 0 951 181937 2022121703
171 17 0 0 951 117457 2022121703
0.00 0 1 0 951 117205 2022121703
31.2 3 0 0 951 118438 2022121703
62.4 6 0 0 951 117049 2022121703
93.5 9 0 0 951 118552 2022121703
62.4 6 0 0 951 117094 2022121703
41.6 4 0 0 951 118232 2022121703
52.0 5 0 0 951 117343 2022121703
104 11 0 0 951 114310 2022121703
52.0 5 0 0 951 122571 2022121703
57.2 6 0 0 951 122368 2022121703
46.8 5 0 0 951 114216 2022121703
104 10 0 0 951 117279 2022121703
52.0 5 0 0 951 118247 2022121703
57.2 6 0 0 951 118655 2022121703
72.7 7 0 0 951 118142 2022121703
46.8 5 0 0 951 117673 2022121703
57.2 6 0 0 951 118449 2022121703
98.7 10 0 0 952 117932 2022121703
57.2 6 0 0 952 118557 2022121703
52.0 5 0 0 952 117894 2022121703
46.8 5 0 0 952 117577 2022121703
109 11 0 0 954 114261 2022121703
46.8 5 0 0 954 117879 2022121703
57.2 6 0 0 954 122630 2022121703
52.0 5 0 0 955 114723 2022121703
77.9 8 0 0 955 117003 2022121703
20.8 2 0 0 956 122828 2022121703
114 11 0 0 956 114032 2022121703
41.6 4 0 0 958 117592 2022121703
77.9 8 0 0 959 121419 2022121703
36.4 4 0 0 959 121673 2022121703
114 11 0 0 961 117359 2022121703
41.6 4 0 0 962 121923 2022121703
46.8 5 0 0 963 119114 2022121703
67.6 7 0 0 963 117317 2022121703
88.3 9 0 0 966 119453 2022121703
67.6 7 0 0 967 117632 2022121703
46.8 5 0 0 969 117727 2022121703
41.6 4 0 0 970 119193 2022121703
114 11 0 0 973 117985 2022121703
46.8 5 0 0 974 119295 2022121703
67.6 7 0 0 976 117878 2022121703
46.8 5 0 0 979 117903 2022121703
114 11 0 0 981 117587 2022121703
41.6 4 0 0 984 118023 2022121703
46.8 5 0 0 985 119280 2022121703
72.7 7 0 0 988 118057 2022121703
88.3 9 0 0 992 119370 2022121703
72.7 7 0 0 995 117805 2022121703
41.6 4 0 0 998 117946 2022121703
46.8 5 0 0 1001 119401 2022121703
120 12 0 0 1006 118043 2022121703
46.8 5 0 0 1009 119275 2022121703
67.6 7 0 0 1012 117317 2022121703
46.8 5 0 0 1014 117436 2022121703
120 12 0 0 1021 117968 2022121703
46.8 5 0 0 1025 117858 2022121703
46.8 5 0 0 1027 119213 2022121703
72.7 7 0 0 1032 117595 2022121703
93.5 10 0 0 1039 119288 2022121703
72.7 7 0 0 1043 117524 2022121703
46.8 5 0 0 1047 117833 2022121703
52.0 5 0 0 1050 118861 2022121703
120 12 0 0 1061 117764 2022121703
52.0 5 0 0 1064 123123 2022121703
72.7 7 0 0 1071 117830 2022121703
46.8 5 0 0 1075 113871 2022121703
125 12 0 0 1085 114043 2022121703
52.0 5 0 0 1090 117975 2022121703
52.0 5 0 0 1094 119658 2022121703
72.7 7 0 0 1103 117488 2022121703
104 10 0 0 1111 119220 2022121703
77.9 8 0 0 1119 117823 2022121703
52.0 5 0 0 1125 117981 2022121703
52.0 5 0 0 1130 115406 2022121703
130 13 0 0 1143 113998 2022121703
52.0 5 0 0 1150 115454 2022121703
77.9 8 0 1 689 117741 2022121703
57.2 6 0 6 64 122039 2022121703
41.6 5 0 0 810 120913 2022121703
52.0 5 0 0 812 119010 2022121703
62.4 6 0 0 832 117853 2022121703
41.6 4 0 0 842 117358 2022121703
93.5 10 0 0 874 114145 2022121703
0.00 0 0 0 874 114145 2022121703
72.7 7 0 0 882 117419 2022121703
67.6 7 0 0 888 123567 2022121703
72.7 7 0 0 900 116586 2022121703
72.7 7 0 3 889 119174 2022121703
41.6 4 0 0 889 119174 2022121703
31.2 3 0 0 889 119174 2022121703
120 12 0 0 889 119174 2022121703
31.2 3 0 0 889 119174 2022121703
72.7 7 0 0 889 119174 2022121703
41.6 4 0 0 889 119174 2022121703
41.6 4 0 0 889 119174 2022121703
77.9 8 0 0 889 119174 2022121703
114 11 0 0 889 119174 2022121703
46.8 5 0 0 889 119174 2022121703
72.7 7 0 0 889 119174 2022121703
0.00 0 0 0 889 119174 2022121703
88.3 9 0 0 889 119174 2022121703
120 12 0 0 889 119174 2022121703
0.00 0 0 0 889 119174 2022121703
120 12 0 0 889 119174 2022121703
0.00 0 0 0 889 119174 2022121703
0.00 0 0 0 889 119174 2022121703
0.00 0 0 0 889 119174 2022121703
0.00 0 0 0 889 119174 2022121703
283 27 0 0 889 119174 2022121703
0.00 0 0 0 889 119174 2022121703
0.00 0 0 0 889 119174 2022121703
0.00 0 0 0 889 119174 2022121703
62.2 6 0 0 889 119174 2022121703
0.00 0 1 0 889 119174 2022121703
36.4 4 0 0 889 119174 2022121703
72.7 7 0 0 889 119174 2022121703
46.8 5 0 0 889 119174 2022121703
88.3 9 0 0 889 119174 2022121703
5.20 1 0 0 889 119174 2022121703
77.9 8 0 0 889 119174 2022121703
67.6 7 0 0 889 119174 2022121703
62.4 6 0 0 889 119174 2022121703
36.4 4 0 0 889 119174 2022121703
26.0 3 0 0 889 119174 2022121703
104 10 0 0 889 119174 2022121703
26.0 3 0 0 889 119174 2022121703
62.4 6 0 0 889 119174 2022121703
41.6 4 0 0 889 119174 2022121703
62.4 6 0 0 889 119174 2022121703
72.7 7 0 0 889 119174 2022121703
36.4 4 0 0 889 119174 2022121703
31.2 3 0 0 889 119174 2022121703
83.2 8 0 0 889 119174 2022121703
51.9 5 0 0 889 119174 2022121703
67.6 7 0 0 889 119174 2022121703
41.6 4 0 0 889 119174 2022121703
31.2 3 0 0 889 119174 2022121703
109 11 0 0 889 119174 2022121703
31.2 3 0 0 889 119174 2022121703
49.9 3018 12 67 889 119174 2022121703
