13.7 2 0 0 27 118676 2022121712
0.00 0 1 0 55 119714 2022121712
12.3 2 0 0 110 119478 2022121712
17.1 2 0 0 219 118568 2022121712
31.5 3 0 0 220 123504 2022121712
109 11 0 0 773 117398 2022121712
62.9 6 0 0 876 119542 2022121712
145 15 0 0 933 118975 2022121712
72.7 7 0 0 1121 119238 2022121712
0.00 0 0 0 1121 119238 2022121712
0.00 0 0 0 1121 119238 2022121712
0.00 0 0 0 1121 119238 2022121712
0.00 0 0 0 1121 119238 2022121712
273 26 0 0 1287 2375654 2022121712
0.00 0 0 0 1287 2375654 2022121712
0.00 0 0 0 1287 2375654 2022121712
0.00 0 0 0 1287 2375654 2022121712
0.00 0 0 0 1287 2375654 2022121712
0.00 0 0 0 1287 2375654 2022121712
178 17 0 0 1287 2375654 2022121712
0.00 0 0 0 1287 2375654 2022121712
0.00 0 0 0 1287 2375654 2022121712
0.00 0 0 0 1287 2375654 2022121712
0.00 0 0 0 1287 2375654 2022121712
0.00 0 0 0 1287 2375654 2022121712
0.00 0 0 0 1287 2375654 2022121712
0.00 0 0 0 1287 2375654 2022121712
0.00 0 0 0 1287 2375654 2022121712
0.00 0 0 0 1287 2375654 2022121712
0.00 0 0 0 1287 2375654 2022121712
0.00 0 0 0 1287 2375654 2022121712
0.00 0 0 0 1287 2375654 2022121712
0.00 0 0 0 1287 2375654 2022121712
0.00 0 0 0 1287 2375654 2022121712
0.00 0 0 0 1287 2375654 2022121712
0.00 0 0 0 1287 2375654 2022121712
0.00 0 0 0 1287 2375654 2022121712
0.00 0 0 0 1287 2375654 2022121712
0.00 0 0 0 1287 2375654 2022121712
0.00 0 0 0 1287 2375654 2022121712
0.00 0 0 0 1287 2375654 2022121712
0.00 0 0 0 1287 2375654 2022121712
0.00 0 0 0 1287 2375654 2022121712
0.00 0 0 0 1287 2375654 2022121712
0.00 0 0 0 1287 2375654 2022121712
0.00 0 0 0 1287 2375654 2022121712
0.00 0 0 0 1287 2375654 2022121712
0.00 0 0 0 1287 2375654 2022121712
0.00 0 0 0 1287 2375654 2022121712
0.00 0 0 0 1287 2375654 2022121712
0.00 0 0 0 1287 2375654 2022121712
0.00 0 0 0 1287 2375654 2022121712
0.00 0 0 0 1287 2375654 2022121712
0.00 0 0 0 1287 2375654 2022121712
0.00 0 0 0 1287 2375654 2022121712
0.00 0 0 0 1287 2375654 2022121712
0.00 0 0 0 1287 2375654 2022121712
0.00 0 0 0 1287 2375654 2022121712
0.00 0 0 0 1287 2375654 2022121712
0.00 0 0 0 1287 2375654 2022121712
0.00 0 0 0 1287 2375654 2022121712
0.00 0 0 0 1287 2375654 2022121712
0.00 0 0 0 1287 2375654 2022121712
0.00 0 0 0 1287 2375654 2022121712
0.00 0 0 0 1287 2375654 2022121712
0.00 0 0 0 1287 2375654 2022121712
0.00 0 0 0 1287 2375654 2022121712
0.00 0 0 0 1287 2375654 2022121712
0.00 0 0 0 1287 2375654 2022121712
0.00 0 0 0 1287 2375654 2022121712
0.00 0 0 0 1287 2375654 2022121712
0.00 0 0 0 1287 2375654 2022121712
0.00 0 0 0 1287 2375654 2022121712
0.00 0 0 0 1287 2375654 2022121712
0.00 0 0 0 1287 2375654 2022121712
0.00 0 0 0 1287 2375654 2022121712
0.00 0 0 0 1287 2375654 2022121712
0.00 0 0 0 1287 2375654 2022121712
0.00 0 0 0 1287 2375654 2022121712
0.00 0 0 0 1287 2375654 2022121712
0.00 0 0 0 1287 2375654 2022121712
0.00 0 0 0 1287 2375654 2022121712
0.00 0 0 0 1287 2375654 2022121712
0.00 0 0 0 1287 2375654 2022121712
0.00 0 0 0 1287 2375654 2022121712
0.00 0 0 0 1287 2375654 2022121712
0.00 0 0 0 1287 2375654 2022121712
0.00 0 0 0 1287 2375654 2022121712
0.00 0 0 0 1287 2375654 2022121712
0.00 0 0 0 1287 2375654 2022121712
0.00 0 0 0 1287 2375654 2022121712
0.00 0 0 0 1287 2375654 2022121712
0.00 0 0 0 1287 2375654 2022121712
0.00 0 0 0 1287 2375654 2022121712
0.00 0 0 0 1287 2375654 2022121712
0.00 0 0 0 1287 2375654 2022121712
0.00 0 0 0 1287 2375654 2022121712
0.00 0 0 0 1287 2375654 2022121712
0.00 0 0 0 1287 2375654 2022121712
0.00 0 0 0 1287 2375654 2022121712
0.00 0 0 0 1287 2375654 2022121712
0.00 0 0 0 1287 2375654 2022121712
0.00 0 0 0 1287 2375654 2022121712
0.00 0 0 0 1287 2375654 2022121712
0.00 0 0 0 1287 2375654 2022121712
0.00 0 0 0 1287 2375654 2022121712
0.00 0 0 0 1287 2375654 2022121712
0.00 0 0 0 1287 2375654 2022121712
0.00 0 0 0 1287 2375654 2022121712
0.00 0 0 0 1287 2375654 2022121712
0.00 0 0 0 1287 2375654 2022121712
0.00 0 0 0 1287 2375654 2022121712
0.00 0 0 0 1287 2375654 2022121712
0.00 0 0 0 1287 2375654 2022121712
0.00 0 0 0 1287 2375654 2022121712
0.00 0 0 0 1287 2375654 2022121712
0.00 0 0 0 1287 2375654 2022121712
163 16 0 0 1483 118955 2022121712
0.00 0 0 0 1483 118955 2022121712
125 12 0 4 683 119045 2022121712
0.00 0 0 0 683 119045 2022121712
72.7 7 0 4 77 119924 2022121712
125 12 0 0 1081 119998 2022121712
10.4 1 0 0 1097 116991 2022121712
0.00 0 1 0 1108 118609 2022121712
130 13 0 0 1137 117608 2022121712
46.8 5 0 0 1177 119501 2022121712
0.00 0 0 0 1177 119501 2022121712
0.00 0 0 0 1177 119501 2022121712
223 22 0 0 1213 117769 2022121712
0.00 0 0 0 1213 117769 2022121712
0.00 0 0 0 1213 117769 2022121712
247 24 0 0 1235 119180 2022121712
0.00 0 0 0 1235 119180 2022121712
177 17 0 0 1254 117528 2022121712
0.00 0 0 0 1254 117528 2022121712
120 12 0 0 1258 113204 2022121712
104 10 0 0 1269 122785 2022121712
83.1 8 0 0 1281 117969 2022121712
62.4 6 0 0 1290 117714 2022121712
109 11 0 0 1319 118930 2022121712
0.00 0 0 0 1319 118930 2022121712
0.00 0 0 0 1319 118930 2022121712
247 24 0 0 1336 117375 2022121712
130 13 0 0 1341 117240 2022121712
109 11 0 0 1348 118962 2022121712
83.1 8 0 4 903 117883 2022121712
72.7 7 0 0 115 117397 2022121712
0.00 0 1 0 947 119662 2022121712
120 12 1 0 963 119362 2022121712
62.4 6 0 0 973 117515 2022121712
46.8 5 0 0 979 117902 2022121712
46.8 5 0 0 984 122471 2022121712
114 12 0 0 996 117227 2022121712
41.6 4 0 0 1002 119669 2022121712
72.7 7 0 0 1009 113417 2022121712
46.8 5 0 0 1013 117581 2022121712
120 12 0 0 1023 121979 2022121712
41.6 4 0 0 1028 117371 2022121712
52.0 5 0 0 1041 118382 2022121712
0.00 0 0 0 1041 118382 2022121712
125 12 1 0 1046 120729 2022121712
77.9 8 0 0 1053 117103 2022121712
36.4 4 0 0 1056 117628 2022121712
46.8 5 0 0 1059 118734 2022121712
125 13 0 0 1067 117572 2022121712
46.8 5 0 0 1070 119101 2022121712
72.7 7 0 0 1075 117367 2022121712
52.0 5 0 0 1081 117627 2022121712
120 12 0 0 1086 115270 2022121712
57.2 6 0 0 1089 113732 2022121712
52.0 5 0 0 1092 113676 2022121712
72.7 7 0 0 1094 119069 2022121712
104 10 0 0 1100 117600 2022121712
72.7 7 0 0 1103 119334 2022121712
52.0 5 0 0 1105 117403 2022121712
52.0 5 0 0 1108 117518 2022121712
130 13 0 0 1108 114287 2022121712
0.00 0 0 0 1108 114287 2022121712
93.5 9 0 0 1115 119205 2022121712
36.4 4 0 0 1116 117553 2022121712
130 13 0 0 1122 117051 2022121712
46.8 5 0 0 1123 117740 2022121712
57.2 6 0 0 1125 119361 2022121712
77.9 8 0 0 1127 117028 2022121712
104 10 0 0 1130 119389 2022121712
83.1 8 0 0 1132 117361 2022121712
46.8 5 0 0 1133 117702 2022121712
52.0 5 0 0 1134 119433 2022121712
135 13 0 0 1136 117687 2022121712
52.0 5 0 0 1137 117629 2022121712
93.5 9 0 0 1140 118457 2022121712
0.00 0 0 0 1140 118457 2022121712
161 16 0 0 1141 118030 2022121712
62.4 6 0 0 1141 117589 2022121712
57.2 6 0 0 1143 118663 2022121712
67.6 7 0 3 801 118749 2022121712
77.9 8 0 92 801 119613 2022121712
5.20 1 0 0 803 117267 2022121712
5.20 1 0 0 809 119351 2022121712
125 12 0 0 816 117097 2022121712
67.6 7 0 0 827 118707 2022121712
57.2 6 0 0 832 117761 2022121712
41.6 4 0 0 838 117191 2022121712
36.4 4 0 0 842 119009 2022121712
98.7 10 0 0 853 118064 2022121712
41.6 4 0 0 856 118846 2022121712
57.2 6 0 0 861 113879 2022121712
41.6 4 0 0 867 121951 2022121712
98.7 10 0 0 875 114246 2022121712
41.6 4 0 0 879 114231 2022121712
41.6 4 0 0 882 115148 2022121712
57.2 6 0 0 886 118327 2022121712
83.1 9 0 0 893 119158 2022121712
62.4 6 0 0 899 118261 2022121712
46.8 5 0 0 901 117984 2022121712
36.4 4 0 0 904 119672 2022121712
109 11 0 0 911 117710 2022121712
41.6 4 0 0 914 119198 2022121712
57.2 6 0 0 916 118146 2022121712
46.8 5 0 0 919 117901 2022121712
104 10 0 0 925 117898 2022121712
46.8 5 0 0 928 118106 2022121712
41.6 4 0 0 929 119218 2022121712
62.4 6 0 0 932 118029 2022121712
88.3 9 0 0 936 119237 2022121712
62.4 6 0 0 939 118117 2022121712
46.8 5 0 0 941 117878 2022121712
46.8 5 0 0 943 119112 2022121712
62.4 6 0 0 944 122345 2022121712
88.3 9 0 0 948 119128 2022121712
62.4 6 0 0 950 118250 2022121712
52.0 5 0 0 951 117444 2022121712
104 10 0 0 954 117964 2022121712
46.8 5 0 0 955 117457 2022121712
46.8 5 0 0 956 118896 2022121712
62.4 6 0 0 958 118185 2022121712
93.5 10 0 0 961 8626428 2022121712
0.00 0 0 0 1154 8626428 2022121712
0.00 0 0 0 1154 8626428 2022121712
21.0 2 0 0 1154 8626428 2022121712
0.00 0 0 0 1154 8626428 2022121712
0.00 0 0 0 1154 8626428 2022121712
0.00 0 0 0 1154 8626428 2022121712
0.00 0 0 0 1154 8626428 2022121712
0.00 0 0 0 1154 8626428 2022121712
0.00 0 0 0 1154 8626428 2022121712
0.00 0 0 0 1154 8626428 2022121712
0.00 0 0 0 1154 8626428 2022121712
0.00 0 0 0 1154 8626428 2022121712
0.00 0 0 0 1154 8626428 2022121712
0.00 0 0 0 1154 8626428 2022121712
0.00 0 0 0 1154 8626428 2022121712
0.00 0 0 0 1154 8626428 2022121712
0.00 0 0 0 1154 8626428 2022121712
0.00 0 0 0 1154 8626428 2022121712
0.00 0 0 0 1154 8626428 2022121712
0.00 0 0 0 1154 8626428 2022121712
0.00 0 0 0 1154 8626428 2022121712
0.00 0 0 0 1154 8626428 2022121712
0.00 0 0 0 1154 8626428 2022121712
0.00 0 0 0 1154 8626428 2022121712
0.00 0 0 0 1154 8626428 2022121712
0.00 0 0 0 1154 8626428 2022121712
0.00 0 0 0 1154 8626428 2022121712
0.00 0 0 0 1154 8626428 2022121712
0.00 0 0 0 1154 8626428 2022121712
0.00 0 0 0 1154 8626428 2022121712
0.00 0 0 0 1154 8626428 2022121712
0.00 0 0 0 1154 8626428 2022121712
0.00 0 0 0 1154 8626428 2022121712
0.00 0 0 0 1154 8626428 2022121712
0.00 0 0 0 1154 8626428 2022121712
0.00 0 0 0 1154 8626428 2022121712
0.00 0 0 0 1154 8626428 2022121712
0.00 0 0 0 1154 8626428 2022121712
0.00 0 0 0 1154 8626428 2022121712
0.00 0 0 0 1154 8626428 2022121712
0.00 0 0 0 1154 8626428 2022121712
0.00 0 0 0 1154 8626428 2022121712
0.00 0 0 0 1154 8626428 2022121712
0.00 0 0 3 1016 118326 2022121712
0.00 0 0 0 1016 118326 2022121712
0.00 0 0 0 1016 118326 2022121712
0.00 0 0 0 1016 118326 2022121712
0.00 0 0 0 1016 118326 2022121712
0.00 0 0 0 1016 118326 2022121712
0.00 0 0 0 1016 118326 2022121712
0.00 0 0 0 1016 118326 2022121712
0.00 0 0 0 1016 118326 2022121712
0.00 0 0 0 1016 118326 2022121712
0.00 0 0 0 1016 118326 2022121712
0.00 0 0 0 1016 118326 2022121712
0.00 0 0 0 1016 118326 2022121712
0.00 0 0 0 1016 118326 2022121712
0.00 0 0 0 1016 118326 2022121712
0.00 0 0 0 1016 118326 2022121712
0.00 0 0 0 1016 118326 2022121712
0.00 0 0 0 1016 118326 2022121712
0.00 0 0 0 1016 118326 2022121712
0.00 0 0 0 1016 118326 2022121712
0.00 0 0 0 1016 118326 2022121712
0.00 0 0 0 1016 118326 2022121712
0.00 0 0 0 1016 118326 2022121712
0.00 0 0 0 1016 118326 2022121712
0.00 0 0 0 1016 118326 2022121712
0.00 0 0 0 1016 118326 2022121712
0.00 0 0 0 1016 118326 2022121712
0.00 0 0 0 1016 118326 2022121712
0.00 0 0 0 1016 118326 2022121712
0.00 0 0 0 1016 118326 2022121712
0.00 0 0 0 1016 118326 2022121712
0.00 0 0 0 1016 118326 2022121712
0.00 0 0 0 1016 118326 2022121712
0.00 0 0 0 1016 118326 2022121712
0.00 0 0 0 1016 118326 2022121712
0.00 0 0 0 1016 118326 2022121712
0.00 0 0 0 1016 118326 2022121712
0.00 0 0 0 1016 118326 2022121712
0.00 0 0 0 1016 118326 2022121712
0.00 0 0 0 1016 118326 2022121712
0.00 0 0 0 1016 118326 2022121712
0.00 0 0 0 1016 118326 2022121712
0.00 0 0 0 1016 118326 2022121712
0.00 0 0 0 1016 118326 2022121712
0.00 0 0 0 1016 118326 2022121712
0.00 0 0 0 1016 118326 2022121712
0.00 0 0 0 1016 118326 2022121712
0.00 0 0 0 1016 118326 2022121712
0.00 0 0 0 1016 118326 2022121712
0.00 0 0 0 1016 118326 2022121712
0.00 0 0 0 1016 118326 2022121712
0.00 0 0 0 1016 118326 2022121712
105 10 0 0 1016 118326 2022121712
103 10 0 0 1016 118326 2022121712
0.00 0 0 0 1016 118326 2022121712
46.8 5 0 0 1016 118326 2022121712
31.2 3 0 0 1016 118326 2022121712
5.20 1 0 0 1016 118326 2022121712
77.9 8 0 0 1016 118326 2022121712
57.2 6 0 0 1016 118326 2022121712
46.8 5 0 0 1016 118326 2022121712
36.4 4 0 0 1016 118326 2022121712
46.8 5 0 0 1016 118326 2022121712
93.5 10 0 0 1016 118326 2022121712
46.8 5 0 0 1016 118326 2022121712
46.8 5 0 0 1016 118326 2022121712
46.8 5 0 0 1016 118326 2022121712
88.3 9 0 0 1016 118326 2022121712
41.6 4 0 0 1016 118326 2022121712
41.6 4 0 0 1016 118326 2022121712
41.6 4 0 0 1016 118326 2022121712
77.9 8 0 0 1016 118326 2022121712
36.4 4 0 0 1016 118326 2022121712
41.6 4 0 0 1016 118326 2022121712
41.6 4 0 0 1016 118326 2022121712
57.3 6 0 0 1016 118326 2022121712
83.0 9 0 0 1016 118326 2022121712
41.6 4 0 0 1016 118326 2022121712
46.8 5 0 0 1016 118326 2022121712
98.7 10 0 0 1016 118326 2022121712
57.2 6 0 0 1016 118326 2022121712
52.0 5 0 0 1016 118326 2022121712
46.8 5 0 0 1016 118326 2022121712
62.4 6 0 0 1016 118326 2022121712
52.0 5 0 0 1016 118326 2022121712
52.0 5 0 0 1016 118326 2022121712
52.0 5 0 0 1016 118326 2022121712
98.7 10 0 0 1016 118326 2022121712
52.0 5 0 0 1016 118326 2022121712
46.8 5 0 0 1016 118326 2022121712
52.0 5 0 0 1016 118326 2022121712
93.5 9 0 0 1016 118326 2022121712
46.8 5 0 0 1016 118326 2022121712
41.6 4 0 0 1016 118326 2022121712
46.8 5 0 0 1016 118326 2022121712
88.3 9 0 0 1016 118326 2022121712
41.6 4 0 0 1016 118326 2022121712
41.6 4 0 0 1016 118326 2022121712
36.4 4 0 0 1016 118326 2022121712
77.9 8 0 0 1016 118326 2022121712
46.8 5 0 0 1016 118326 2022121712
41.6 4 0 0 1016 118326 2022121712
41.6 4 0 0 1016 118326 2022121712
72.7 7 0 0 1016 118326 2022121712
0.00 0 0 0 1016 118326 2022121712
0.00 0 0 0 1016 118326 2022121712
0.00 0 0 0 1016 118326 2022121712
0.00 0 0 0 1016 118326 2022121712
0.00 0 0 0 1016 118326 2022121712
199 19 0 0 13 118326 2022121712
0.00 0 0 0 13 118326 2022121712
0.00 0 0 0 13 118326 2022121712
0.00 0 0 0 13 118326 2022121712
0.00 0 0 0 13 118326 2022121712
0.00 0 0 0 13 118326 2022121712
0.00 0 0 0 13 118326 2022121712
0.00 0 0 0 13 118326 2022121712
0.00 0 0 0 13 118326 2022121712
0.00 0 0 0 13 118326 2022121712
0.00 0 0 0 13 118326 2022121712
0.00 0 0 0 13 118326 2022121712
0.00 0 0 0 13 118326 2022121712
0.00 0 0 0 13 118326 2022121712
0.00 0 0 0 13 118326 2022121712
0.00 0 0 0 13 118326 2022121712
0.00 0 0 0 13 118326 2022121712
0.00 0 0 0 13 118326 2022121712
0.00 0 0 0 13 118326 2022121712
0.00 0 0 0 13 118326 2022121712
0.00 0 0 0 13 118326 2022121712
0.00 0 0 0 13 118326 2022121712
0.00 0 0 0 13 118326 2022121712
0.00 0 0 0 13 118326 2022121712
0.00 0 0 0 13 118326 2022121712
0.00 0 0 0 13 118326 2022121712
0.00 0 0 0 13 118326 2022121712
0.00 0 0 0 13 118326 2022121712
0.00 0 0 0 13 118326 2022121712
0.00 0 0 0 13 118326 2022121712
0.00 0 0 0 13 118326 2022121712
0.00 0 0 0 13 118326 2022121712
0.00 0 0 0 13 118326 2022121712
0.00 0 0 0 13 118326 2022121712
0.00 0 0 0 13 118326 2022121712
0.00 0 0 0 13 118326 2022121712
0.00 0 0 0 13 118326 2022121712
0.00 0 0 0 13 118326 2022121712
0.00 0 0 0 13 118326 2022121712
0.00 0 0 0 13 118326 2022121712
0.00 0 0 0 13 118326 2022121712
0.00 0 0 0 13 118326 2022121712
0.00 0 0 0 13 118326 2022121712
0.00 0 0 0 13 118326 2022121712
0.00 0 0 0 13 118326 2022121712
0.00 0 0 0 13 118326 2022121712
0.00 0 0 0 13 118326 2022121712
0.00 0 0 0 13 118326 2022121712
0.00 0 0 0 13 118326 2022121712
0.00 0 0 0 13 118326 2022121712
0.00 0 0 0 13 118326 2022121712
0.00 0 0 0 13 118326 2022121712
0.00 0 0 0 13 118326 2022121712
0.00 0 0 0 13 118326 2022121712
0.00 0 0 0 13 118326 2022121712
0.00 0 0 0 13 118326 2022121712
0.00 0 0 0 13 118326 2022121712
0.00 0 0 0 13 118326 2022121712
0.00 0 0 0 13 118326 2022121712
0.00 0 0 0 13 118326 2022121712
0.00 0 0 0 13 118326 2022121712
0.00 0 0 0 13 118326 2022121712
0.00 0 0 0 13 118326 2022121712
0.00 0 0 0 13 118326 2022121712
0.00 0 0 0 13 118326 2022121712
0.00 0 0 0 13 118326 2022121712
0.00 0 0 0 13 118326 2022121712
0.00 0 0 0 13 118326 2022121712
0.00 0 0 0 13 118326 2022121712
0.00 0 0 0 13 118326 2022121712
0.00 0 0 0 13 118326 2022121712
0.00 0 0 0 13 118326 2022121712
0.00 0 0 0 13 118326 2022121712
0.00 0 0 0 13 118326 2022121712
0.00 0 0 0 13 118326 2022121712
0.00 0 0 0 13 118326 2022121712
0.00 0 0 0 13 118326 2022121712
0.00 0 0 0 13 118326 2022121712
0.00 0 0 0 13 118326 2022121712
0.00 0 0 0 13 118326 2022121712
0.00 0 0 0 13 118326 2022121712
0.00 0 0 0 13 118326 2022121712
0.00 0 0 0 13 118326 2022121712
0.00 0 0 0 13 118326 2022121712
0.00 0 0 0 13 118326 2022121712
0.00 0 0 0 13 118326 2022121712
0.00 0 0 0 13 118326 2022121712
0.00 0 0 0 13 118326 2022121712
0.00 0 0 0 13 118326 2022121712
0.00 0 0 0 13 118326 2022121712
0.00 0 0 0 13 118326 2022121712
0.00 0 0 0 13 118326 2022121712
0.00 0 0 0 13 118326 2022121712
0.00 0 0 0 13 118326 2022121712
0.00 0 0 0 13 118326 2022121712
0.00 0 0 0 13 118326 2022121712
0.00 0 0 0 13 118326 2022121712
0.00 0 0 0 13 118326 2022121712
0.00 0 0 0 13 118326 2022121712
334 32 0 0 52 119585 2022121712
0.00 0 0 0 52 119585 2022121712
0.00 0 0 0 52 119585 2022121712
0.00 0 1 0 78 119666 2022121712
5.20 1 0 0 117 119122 2022121712
5.20 1 1 0 176 118656 2022121712
10.4 1 0 0 261 118743 2022121712
0.00 0 1 0 261 118147 2022121712
10.4 1 0 0 392 119248 2022121712
15.6 2 1 0 588 118961 2022121712
26.0 3 0 0 827 117738 2022121712
26.0 3 0 0 992 117513 2022121712
26.0 3 0 0 1064 119456 2022121712
114 11 0 0 1126 119104 2022121712
46.8 5 0 0 1148 119257 2022121712
83.1 8 0 0 1151 116890 2022121712
10.4 1 0 0 591 117018 2022121712
104 11 0 1 806 119818 2022121712
0.00 0 1 0 814 116960 2022121712
46.8 5 0 0 820 117306 2022121712
31.2 3 0 0 830 116992 2022121712
98.7 10 0 0 838 117370 2022121712
36.4 4 0 0 843 117299 2022121712
31.2 3 0 0 846 117763 2022121712
72.7 7 0 0 854 117227 2022121712
67.6 7 0 0 861 119012 2022121712
62.4 6 0 0 867 117874 2022121712
41.6 4 0 0 872 117203 2022121712
31.2 3 0 0 875 115778 2022121712
98.7 10 0 0 878 113339 2022121712
41.6 4 0 0 878 117394 2022121712
36.4 4 0 0 878 117843 2022121712
72.7 8 0 1 66 116931 2022121712
15.6 2 0 0 614 119125 2022121712
5.20 1 0 0 614 117958 2022121712
52.0 5 0 0 627 117317 2022121712
0.00 0 1 0 631 117332 2022121712
67.6 7 0 0 631 117358 2022121712
26.0 3 0 0 631 117399 2022121712
26.0 3 0 0 631 118468 2022121712
0.00 0 0 0 631 118468 2022121712
62.4 6 1 0 631 117504 2022121712
26.0 3 0 0 654 117004 2022121712
20.8 2 0 0 663 117507 2022121712
41.6 4 0 0 663 117343 2022121712
52.0 6 0 0 663 121457 2022121712
20.8 2 0 0 663 117502 2022121712
31.2 3 0 0 663 117442 2022121712
26.0 3 0 0 663 117587 2022121712
57.2 6 0 0 663 117568 2022121712
31.2 3 0 0 663 117963 2022121712
26.0 3 0 0 663 113257 2022121712
31.2 3 0 0 663 117460 2022121712
57.2 6 0 0 663 117616 2022121712
31.2 3 0 0 663 117291 2022121712
26.0 3 0 0 663 117507 2022121712
26.0 3 0 0 663 117451 2022121712
57.2 6 0 0 663 113255 2022121712
31.2 3 0 0 663 113240 2022121712
26.0 3 0 0 663 117299 2022121712
26.0 3 0 0 663 121461 2022121712
57.2 6 0 0 663 113352 2022121712
26.0 3 0 0 663 121175 2022121712
26.0 3 0 0 663 117605 2022121712
31.2 3 0 0 663 113483 2022121712
52.0 6 0 0 663 117546 2022121712
31.2 3 0 0 663 117437 2022121712
26.0 3 0 0 663 117627 2022121712
26.0 3 0 0 663 117287 2022121712
52.0 6 0 0 663 117359 2022121712
26.0 3 0 0 663 117431 2022121712
20.8 2 0 0 663 117691 2022121712
20.8 2 0 0 663 117559 2022121712
52.0 6 0 0 663 117385 2022121712
20.8 2 0 0 663 117495 2022121712
26.0 3 0 0 663 117184 2022121712
26.0 3 0 0 663 117496 2022121712
57.2 6 0 0 663 117455 2022121712
26.0 3 0 0 663 117398 2022121712
31.2 3 0 0 663 117137 2022121712
26.0 3 0 0 663 117577 2022121712
57.2 6 0 0 663 117583 2022121712
26.0 3 0 0 663 113876 2022121712
26.0 3 0 0 663 117637 2022121712
26.0 3 0 0 663 117479 2022121712
57.2 6 0 0 663 117639 2022121712
26.0 3 0 0 663 117244 2022121712
10.4 1 0 0 663 117531 2022121712
26.0 3 0 0 663 117162 2022121712
57.2 6 0 0 663 117400 2022121712
20.8 2 0 0 663 117395 2022121712
26.0 3 0 0 663 117674 2022121712
31.2 3 0 0 663 117374 2022121712
52.0 6 0 0 663 117380 2022121712
20.8 2 0 0 663 117409 2022121712
26.0 3 0 0 663 117517 2022121712
26.0 3 0 0 663 117392 2022121712
57.2 6 0 0 663 113288 2022121712
26.0 3 0 0 663 117479 2022121712
26.0 3 0 0 663 117471 2022121712
62.4 6 0 0 663 117303 2022121712
26.0 3 0 0 663 117084 2022121712
26.0 3 0 0 663 117480 2022121712
31.2 3 0 0 663 118154 2022121712
52.0 6 0 0 663 117464 2022121712
26.0 3 0 0 663 117497 2022121712
26.0 3 0 0 663 117606 2022121712
31.2 3 0 0 663 117688 2022121712
26.0 3 0 0 663 119015 2022121712
57.2 6 0 0 663 117638 2022121712
0.00 0 1 0 663 117577 2022121712
27.5 1671 13 112 663 117577 2022121712
