8.47 1 0 0 27 908874 2022121701
0.00 0 0 0 27 908874 2022121701
0.00 0 0 0 27 908874 2022121701
0.00 0 0 0 27 908874 2022121701
0.00 0 0 0 27 908874 2022121701
0.00 0 0 0 27 908874 2022121701
0.00 0 0 0 27 908874 2022121701
0.00 0 0 0 27 908874 2022121701
0.00 0 0 0 27 908874 2022121701
0.00 0 0 0 27 908874 2022121701
0.00 0 0 0 27 908874 2022121701
0.00 0 0 0 27 908874 2022121701
0.00 0 0 0 27 908874 2022121701
0.00 0 0 0 27 908874 2022121701
0.00 0 0 0 27 908874 2022121701
0.00 0 0 0 27 908874 2022121701
0.00 0 0 0 27 908874 2022121701
0.00 0 0 0 27 908874 2022121701
0.00 0 0 0 27 908874 2022121701
0.00 0 0 0 27 908874 2022121701
0.00 0 0 0 27 908874 2022121701
0.00 0 0 0 27 908874 2022121701
0.00 0 0 0 27 908874 2022121701
0.00 0 0 0 27 908874 2022121701
0.00 0 0 0 27 908874 2022121701
0.00 0 0 0 27 908874 2022121701
0.00 0 0 0 27 908874 2022121701
0.00 0 0 0 27 908874 2022121701
0.00 0 0 0 27 908874 2022121701
0.00 0 0 0 27 908874 2022121701
0.00 0 0 0 27 908874 2022121701
0.00 0 0 0 27 908874 2022121701
0.00 0 0 0 27 908874 2022121701
0.00 0 0 0 27 908874 2022121701
0.00 0 0 0 27 908874 2022121701
0.00 0 0 0 27 908874 2022121701
0.00 0 0 0 27 908874 2022121701
0.00 0 0 0 27 908874 2022121701
0.00 0 0 0 27 908874 2022121701
0.00 0 0 0 27 908874 2022121701
0.00 0 0 0 27 908874 2022121701
0.00 0 0 0 27 908874 2022121701
0.00 0 0 0 27 908874 2022121701
0.00 0 0 0 27 908874 2022121701
0.00 0 0 0 27 908874 2022121701
0.00 0 0 0 27 908874 2022121701
0.00 0 0 0 27 908874 2022121701
0.00 0 0 0 27 908874 2022121701
0.00 0 0 0 27 908874 2022121701
0.00 0 0 0 27 908874 2022121701
0.00 0 0 0 27 908874 2022121701
0.00 0 0 0 27 908874 2022121701
0.00 0 0 0 27 908874 2022121701
0.00 0 0 0 27 908874 2022121701
0.00 0 0 0 27 908874 2022121701
0.00 0 0 0 27 908874 2022121701
0.00 0 0 0 27 908874 2022121701
0.00 0 0 0 27 908874 2022121701
0.00 0 0 0 27 908874 2022121701
0.00 0 0 0 27 908874 2022121701
0.00 0 0 0 27 908874 2022121701
0.00 0 0 0 27 908874 2022121701
0.00 0 0 0 27 908874 2022121701
0.00 0 0 0 27 908874 2022121701
0.00 0 0 0 27 908874 2022121701
0.00 0 0 0 27 908874 2022121701
0.00 0 0 0 27 908874 2022121701
0.00 0 0 0 27 908874 2022121701
0.00 0 0 0 27 908874 2022121701
0.00 0 0 0 27 908874 2022121701
0.00 0 0 0 27 908874 2022121701
0.00 0 0 0 27 908874 2022121701
0.00 0 0 0 27 908874 2022121701
0.00 0 0 0 27 908874 2022121701
0.00 0 0 0 27 908874 2022121701
0.00 0 0 0 27 908874 2022121701
0.00 0 0 0 27 908874 2022121701
0.00 0 0 0 27 908874 2022121701
0.00 0 0 0 27 908874 2022121701
0.00 0 0 0 27 908874 2022121701
0.00 0 0 0 27 908874 2022121701
0.00 0 0 0 27 908874 2022121701
0.00 0 0 0 27 908874 2022121701
0.00 0 0 0 27 908874 2022121701
0.00 0 0 0 27 908874 2022121701
0.00 0 0 0 27 908874 2022121701
0.00 0 0 0 27 908874 2022121701
0.00 0 0 0 27 908874 2022121701
0.00 0 0 0 27 908874 2022121701
0.00 0 0 0 27 908874 2022121701
0.00 0 0 0 27 908874 2022121701
0.00 0 0 0 27 908874 2022121701
0.00 0 0 0 27 908874 2022121701
0.00 0 0 0 27 908874 2022121701
0.00 0 0 0 27 908874 2022121701
0.00 0 0 0 27 908874 2022121701
0.00 0 0 0 27 908874 2022121701
0.00 0 0 0 27 908874 2022121701
0.00 0 0 0 27 908874 2022121701
0.00 0 0 0 27 908874 2022121701
0.00 0 0 0 27 908874 2022121701
0.00 0 0 0 27 908874 2022121701
0.00 0 0 0 27 908874 2022121701
0.00 0 0 0 27 908874 2022121701
0.00 0 0 0 27 908874 2022121701
0.00 0 0 0 27 908874 2022121701
0.00 0 0 0 27 908874 2022121701
0.00 0 0 0 27 908874 2022121701
5.20 1 0 0 27 908874 2022121701
0.00 0 1 0 55 298160 2022121701
12.3 2 0 0 110 130997 2022121701
18.6 2 0 0 184 118085 2022121701
32.6 4 0 0 313 116978 2022121701
10.5 1 0 0 368 118183 2022121701
98.6 10 0 0 703 117165 2022121701
197 19 0 0 794 117599 2022121701
5.20 1 0 0 794 117346 2022121701
31.2 3 0 0 794 117539 2022121701
72.7 7 0 0 794 117465 2022121701
31.2 3 0 0 794 117305 2022121701
15.6 2 0 0 794 117177 2022121701
36.4 4 0 0 794 117517 2022121701
72.7 7 0 0 794 118219 2022121701
31.2 3 0 0 794 118831 2022121701
36.4 4 0 0 794 117360 2022121701
26.0 3 0 0 794 113465 2022121701
67.6 7 0 0 794 121406 2022121701
31.2 3 0 0 794 117413 2022121701
31.2 3 0 0 794 117310 2022121701
31.2 3 0 0 794 113473 2022121701
72.7 8 0 0 794 117194 2022121701
36.4 4 0 0 794 117424 2022121701
36.4 4 0 0 794 117453 2022121701
41.6 4 0 0 794 117380 2022121701
72.7 8 0 0 794 117340 2022121701
36.4 4 0 0 794 117294 2022121701
36.4 4 0 0 794 117402 2022121701
36.4 4 0 0 794 117315 2022121701
72.7 8 0 0 794 117204 2022121701
31.2 3 0 0 794 117464 2022121701
41.6 4 0 0 794 117290 2022121701
52.0 5 0 0 794 117128 2022121701
36.4 4 0 0 794 117235 2022121701
41.6 4 0 0 794 117459 2022121701
57.2 6 0 0 794 117390 2022121701
41.6 4 0 0 794 117423 2022121701
31.2 3 0 0 794 117298 2022121701
31.2 3 0 0 794 117297 2022121701
72.7 8 0 0 794 117476 2022121701
31.2 3 0 0 794 117387 2022121701
41.6 4 0 0 794 117493 2022121701
31.2 3 0 0 794 118908 2022121701
36.4 4 0 0 794 117485 2022121701
41.6 4 0 0 794 119005 2022121701
46.8 5 0 0 794 113269 2022121701
41.6 4 0 0 794 117419 2022121701
36.4 4 0 0 794 116506 2022121701
0.00 0 0 0 794 116506 2022121701
77.9 8 0 0 794 117247 2022121701
36.4 4 0 0 794 117195 2022121701
26.0 3 0 0 794 117238 2022121701
41.6 4 0 0 794 117250 2022121701
83.1 8 0 0 794 117135 2022121701
31.2 3 0 0 794 117079 2022121701
36.4 4 0 0 794 117282 2022121701
36.4 4 0 0 794 117058 2022121701
77.9 8 0 0 794 117399 2022121701
41.6 4 0 0 794 117399 2022121701
15.6 2 0 0 794 117329 2022121701
36.4 4 0 0 794 117309 2022121701
72.7 7 0 0 794 117357 2022121701
36.4 4 0 0 794 117275 2022121701
36.4 4 0 0 794 117344 2022121701
36.4 4 0 0 794 117491 2022121701
67.6 7 0 0 794 117239 2022121701
36.4 4 0 0 794 117155 2022121701
36.4 4 0 0 794 117558 2022121701
36.4 4 0 0 794 117601 2022121701
72.7 7 0 0 794 117237 2022121701
20.8 2 0 0 794 117380 2022121701
36.4 4 0 0 794 113462 2022121701
31.2 3 0 0 794 117403 2022121701
72.7 7 0 0 794 113540 2022121701
36.4 4 0 0 794 117268 2022121701
36.4 4 0 0 794 113531 2022121701
31.2 3 0 0 794 117349 2022121701
62.4 6 0 0 794 117066 2022121701
31.2 3 0 0 794 117441 2022121701
31.2 3 0 0 794 117546 2022121701
26.0 3 0 0 794 117509 2022121701
31.2 3 0 0 794 117714 2022121701
41.6 4 0 0 794 117372 2022121701
46.8 5 0 0 794 117340 2022121701
36.4 4 0 0 794 117290 2022121701
31.2 3 0 0 794 117476 2022121701
36.4 4 0 0 794 117601 2022121701
62.4 6 0 0 794 117428 2022121701
36.4 4 0 0 794 99474 2022121701
26.0 3 0 0 794 99935 2022121701
31.2 3 0 0 794 117544 2022121701
57.2 6 0 0 794 117459 2022121701
26.0 3 0 0 794 117591 2022121701
31.2 3 0 0 794 114088 2022121701
26.0 3 0 0 794 121426 2022121701
57.2 6 0 0 794 117050 2022121701
36.4 4 0 0 794 116976 2022121701
36.4 4 0 0 794 117501 2022121701
36.4 4 0 0 794 117452 2022121701
57.2 6 0 0 794 117612 2022121701
26.0 3 0 0 794 117560 2022121701
26.0 3 0 0 794 117600 2022121701
31.2 3 0 0 794 117543 2022121701
52.0 5 0 0 794 117356 2022121701
26.0 3 0 0 794 121375 2022121701
31.2 3 0 0 794 113775 2022121701
26.0 3 0 0 794 117443 2022121701
41.6 5 0 0 794 117706 2022121701
31.2 3 0 0 794 117707 2022121701
26.0 3 0 0 794 117403 2022121701
26.0 3 0 0 794 117701 2022121701
46.8 5 0 0 794 117541 2022121701
26.0 3 0 0 794 118989 2022121701
26.0 3 0 0 794 117355 2022121701
15.6 2 0 0 794 117768 2022121701
52.0 6 0 0 794 117652 2022121701
26.0 3 0 0 794 117564 2022121701
31.2 3 0 0 794 117506 2022121701
10.4 1 0 0 794 117497 2022121701
57.2 6 0 0 794 117953 2022121701
26.0 3 0 0 794 117583 2022121701
20.8 2 0 0 794 117807 2022121701
26.0 3 0 0 794 117731 2022121701
57.2 6 0 0 794 117386 2022121701
26.0 3 0 0 794 117641 2022121701
26.0 3 0 0 794 117809 2022121701
26.0 3 0 0 794 117478 2022121701
57.2 6 0 0 794 117718 2022121701
26.0 3 0 0 794 117704 2022121701
31.2 3 0 0 794 117855 2022121701
31.2 3 0 0 794 117547 2022121701
20.8 2 0 0 886 130105 2022121701
0.00 0 0 0 1188 130105 2022121701
0.00 0 0 0 1188 130105 2022121701
0.00 0 0 0 1188 130105 2022121701
0.00 0 0 0 1188 130105 2022121701
0.00 0 0 0 1188 130105 2022121701
199 19 0 0 1188 130105 2022121701
60.6 6 0 0 1257 118349 2022121701
46.8 5 0 4 1258 112915 2022121701
67.6 7 0 41 125 117479 2022121701
46.8 5 0 21 1189 120509 2022121701
5.20 1 0 0 1241 112995 2022121701
166 17 0 0 1269 117098 2022121701
62.4 6 0 0 1283 117698 2022121701
67.6 7 0 0 1292 117167 2022121701
72.7 7 0 0 1309 117066 2022121701
104 10 0 0 1336 118406 2022121701
77.9 8 0 0 1352 117029 2022121701
67.6 7 0 0 1363 118043 2022121701
72.7 7 0 0 1378 117029 2022121701
140 14 0 0 1403 117423 2022121701
77.9 8 0 0 1409 117081 2022121701
67.6 7 0 0 1418 117504 2022121701
77.9 8 0 0 1436 117582 2022121701
151 15 0 0 1461 117706 2022121701
83.1 8 0 8 508 117443 2022121701
77.9 8 0 0 974 118780 2022121701
5.20 1 0 0 1027 119652 2022121701
114 11 0 0 1039 113069 2022121701
41.6 4 0 0 1045 118835 2022121701
72.7 7 0 0 1053 117034 2022121701
46.8 5 0 0 1064 118491 2022121701
120 12 0 0 1086 117082 2022121701
0.00 0 0 0 1086 117082 2022121701
0.00 0 0 0 1086 117082 2022121701
192 19 0 0 1114 118373 2022121701
0.00 0 0 0 1114 118373 2022121701
0.00 0 0 0 1114 118373 2022121701
0.00 0 0 0 1114 118373 2022121701
0.00 0 0 0 1114 118373 2022121701
330 32 0 0 1129 9236245 2022121701
0.00 0 0 0 1292 9236245 2022121701
0.00 0 0 0 1292 9236245 2022121701
62.9 6 0 0 1292 9236245 2022121701
0.00 0 0 0 1292 9236245 2022121701
0.00 0 0 0 1292 9236245 2022121701
0.00 0 0 0 1292 9236245 2022121701
0.00 0 0 0 1292 9236245 2022121701
0.00 0 0 0 1292 9236245 2022121701
0.00 0 0 0 1292 9236245 2022121701
0.00 0 0 0 1292 9236245 2022121701
0.00 0 0 0 1292 9236245 2022121701
0.00 0 0 0 1292 9236245 2022121701
0.00 0 0 0 1292 9236245 2022121701
0.00 0 0 0 1292 9236245 2022121701
0.00 0 0 0 1292 9236245 2022121701
0.00 0 0 0 1292 9236245 2022121701
0.00 0 0 0 1292 9236245 2022121701
0.00 0 0 0 1292 9236245 2022121701
0.00 0 0 0 1292 9236245 2022121701
0.00 0 0 0 1292 9236245 2022121701
0.00 0 0 0 1292 9236245 2022121701
0.00 0 0 0 1292 9236245 2022121701
0.00 0 0 0 1292 9236245 2022121701
0.00 0 0 0 1292 9236245 2022121701
0.00 0 0 0 1292 9236245 2022121701
0.00 0 0 0 1292 9236245 2022121701
0.00 0 0 0 1292 9236245 2022121701
0.00 0 0 0 1292 9236245 2022121701
0.00 0 0 0 1292 9236245 2022121701
0.00 0 0 0 1292 9236245 2022121701
0.00 0 0 0 1292 9236245 2022121701
0.00 0 0 0 1292 9236245 2022121701
0.00 0 0 0 1292 9236245 2022121701
0.00 0 0 0 1292 9236245 2022121701
0.00 0 0 0 1292 9236245 2022121701
0.00 0 0 0 1292 9236245 2022121701
0.00 0 0 0 1292 9236245 2022121701
0.00 0 0 0 1292 9236245 2022121701
0.00 0 0 0 1292 9236245 2022121701
0.00 0 0 0 1292 9236245 2022121701
0.00 0 0 0 1292 9236245 2022121701
0.00 0 0 0 1292 9236245 2022121701
0.00 0 0 0 1292 9236245 2022121701
0.00 0 0 0 1292 9236245 2022121701
0.00 0 0 0 1292 9236245 2022121701
0.00 0 0 0 1292 9236245 2022121701
0.00 0 0 0 1292 9236245 2022121701
0.00 0 0 0 1292 9236245 2022121701
0.00 0 0 0 1292 9236245 2022121701
0.00 0 0 0 1292 9236245 2022121701
0.00 0 0 0 1292 9236245 2022121701
0.00 0 0 0 1292 9236245 2022121701
0.00 0 0 0 1292 9236245 2022121701
0.00 0 0 0 1292 9236245 2022121701
0.00 0 0 0 1292 9236245 2022121701
0.00 0 0 0 1292 9236245 2022121701
0.00 0 0 0 1292 9236245 2022121701
0.00 0 0 0 1292 9236245 2022121701
0.00 0 0 0 1292 9236245 2022121701
0.00 0 0 0 1292 9236245 2022121701
0.00 0 0 0 1292 9236245 2022121701
0.00 0 0 0 1292 9236245 2022121701
0.00 0 0 0 1292 9236245 2022121701
0.00 0 0 0 1292 9236245 2022121701
0.00 0 0 0 1292 9236245 2022121701
0.00 0 0 0 1292 9236245 2022121701
0.00 0 0 0 1292 9236245 2022121701
0.00 0 0 0 1292 9236245 2022121701
0.00 0 0 0 1292 9236245 2022121701
0.00 0 0 0 1292 9236245 2022121701
0.00 0 0 0 1292 9236245 2022121701
0.00 0 0 0 1292 9236245 2022121701
0.00 0 0 0 1292 9236245 2022121701
0.00 0 0 0 1292 9236245 2022121701
0.00 0 0 0 1292 9236245 2022121701
0.00 0 0 0 1292 9236245 2022121701
0.00 0 0 0 1292 9236245 2022121701
0.00 0 0 0 1292 9236245 2022121701
0.00 0 0 0 1292 9236245 2022121701
0.00 0 0 0 1292 9236245 2022121701
0.00 0 0 0 1292 9236245 2022121701
0.00 0 0 0 1292 9236245 2022121701
0.00 0 0 0 1292 9236245 2022121701
0.00 0 0 0 1292 9236245 2022121701
0.00 0 0 0 1292 9236245 2022121701
0.00 0 0 0 1292 9236245 2022121701
0.00 0 0 0 1292 9236245 2022121701
0.00 0 0 0 1292 9236245 2022121701
0.00 0 0 0 1292 9236245 2022121701
0.00 0 0 0 1292 9236245 2022121701
0.00 0 0 0 1292 9236245 2022121701
0.00 0 0 0 1292 9236245 2022121701
0.00 0 0 0 1292 9236245 2022121701
0.00 0 0 0 1292 9236245 2022121701
0.00 0 0 0 1292 9236245 2022121701
0.00 0 0 0 1292 9236245 2022121701
0.00 0 0 0 1292 9236245 2022121701
0.00 0 0 0 1292 9236245 2022121701
0.00 0 0 0 1292 9236245 2022121701
0.00 0 0 0 1292 9236245 2022121701
0.00 0 0 0 1292 9236245 2022121701
228 22 0 24 809 118857 2022121701
0.00 0 0 0 809 118857 2022121701
0.00 0 0 0 809 118857 2022121701
0.00 0 0 0 809 118857 2022121701
145 14 0 0 911 117193 2022121701
62.4 6 0 0 914 119867 2022121701
67.6 7 0 0 939 117797 2022121701
0.00 0 0 0 939 117797 2022121701
72.7 7 0 0 959 113412 2022121701
120 12 0 0 973 117747 2022121701
72.7 7 0 0 979 117255 2022121701
41.6 4 0 7 355 119249 2022121701
72.7 7 0 4 45 119771 2022121701
5.20 1 0 0 690 120088 2022121701
36.4 4 1 0 699 118656 2022121701
52.0 5 0 0 706 118263 2022121701
36.4 4 0 0 711 117611 2022121701
20.8 2 0 0 714 118281 2022121701
93.5 9 0 0 726 117314 2022121701
20.8 2 0 0 728 118365 2022121701
62.4 6 0 0 734 117768 2022121701
36.4 4 0 0 739 117101 2022121701
83.1 8 0 0 747 118080 2022121701
36.4 4 0 0 750 117158 2022121701
20.8 2 0 0 754 118520 2022121701
62.4 6 0 0 759 117077 2022121701
62.4 6 0 0 763 115351 2022121701
57.2 6 0 0 769 117449 2022121701
36.4 4 0 0 772 118110 2022121701
31.2 3 0 0 774 119383 2022121701
93.5 10 0 0 781 117747 2022121701
31.2 3 0 0 784 120283 2022121701
57.2 6 0 0 787 117579 2022121701
36.4 4 0 0 790 117746 2022121701
93.5 10 0 0 795 117725 2022121701
36.4 4 0 0 797 113313 2022121701
31.2 3 0 0 799 116096 2022121701
62.4 6 0 0 802 113137 2022121701
72.7 8 0 0 805 123314 2022121701
57.2 6 0 0 808 116917 2022121701
36.4 4 0 0 809 121565 2022121701
67.6 7 0 0 810 117022 2022121701
26.0 3 0 0 813 117206 2022121701
67.6 7 0 0 816 117085 2022121701
62.4 6 0 0 819 118784 2022121701
67.6 7 0 0 820 117504 2022121701
36.4 4 0 0 821 117104 2022121701
31.2 3 0 0 823 118904 2022121701
98.7 10 0 0 824 117175 2022121701
31.2 3 0 0 825 119235 2022121701
67.6 7 0 0 827 116965 2022121701
36.4 4 0 0 828 117794 2022121701
98.7 10 0 0 830 117642 2022121701
36.4 4 0 0 831 117721 2022121701
36.4 4 0 0 831 119549 2022121701
62.4 6 0 0 832 117872 2022121701
72.7 8 0 0 834 119523 2022121701
62.4 6 0 0 835 117806 2022121701
36.4 4 0 0 835 117775 2022121701
36.4 4 0 0 835 119128 2022121701
104 10 0 0 836 117678 2022121701
36.4 4 0 0 836 120204 2022121701
62.4 6 0 0 836 117577 2022121701
36.4 4 0 0 836 118058 2022121701
98.7 10 0 0 838 117127 2022121701
31.2 3 0 0 838 117194 2022121701
46.8 5 0 0 838 116821 2022121701
41.6 4 0 0 838 117672 2022121701
77.9 8 0 0 838 118749 2022121701
52.0 5 0 0 838 114269 2022121701
41.6 4 0 0 838 118650 2022121701
46.8 5 0 0 838 119026 2022121701
88.3 9 0 0 838 118386 2022121701
46.8 5 0 0 838 118843 2022121701
46.8 5 0 0 838 118487 2022121701
41.6 4 0 0 838 118759 2022121701
93.5 10 0 0 838 118533 2022121701
46.8 5 0 0 838 117068 2022121701
26.0 3 0 0 838 118891 2022121701
67.6 7 0 0 838 118200 2022121701
67.6 7 0 0 838 119280 2022121701
67.6 7 0 0 838 118096 2022121701
41.6 4 0 0 838 118138 2022121701
67.6 7 0 0 838 116938 2022121701
26.0 3 0 0 838 117995 2022121701
72.7 7 0 0 838 117956 2022121701
62.4 6 0 0 838 118522 2022121701
67.6 7 0 0 838 117514 2022121701
36.4 4 0 0 838 117163 2022121701
36.4 4 0 0 838 118415 2022121701
98.7 10 0 0 839 117651 2022121701
36.4 4 0 0 839 115803 2022121701
62.4 6 0 0 839 117510 2022121701
41.6 4 0 0 839 117272 2022121701
93.5 9 0 0 841 117637 2022121701
41.6 4 0 0 841 117365 2022121701
36.4 4 0 0 841 119212 2022121701
57.2 6 0 0 842 117689 2022121701
77.9 8 0 0 843 113059 2022121701
62.4 6 0 0 843 119240 2022121701
36.4 4 0 0 845 117146 2022121701
41.6 4 0 0 845 118047 2022121701
93.5 10 0 0 846 117817 2022121701
41.6 4 0 0 848 119201 2022121701
57.2 6 0 0 849 118124 2022121701
41.6 4 0 0 849 118196 2022121701
98.7 10 0 0 852 116981 2022121701
20.8 2 0 0 852 119623 2022121701
62.4 6 0 0 853 119022 2022121701
52.0 5 0 0 854 117308 2022121701
88.3 9 0 0 857 117687 2022121701
41.6 4 0 0 859 117684 2022121701
36.4 4 0 0 860 119305 2022121701
57.2 6 0 0 864 117886 2022121701
72.7 7 0 0 865 119389 2022121701
41.6 4 0 0 867 117936 2022121701
98.7 10 0 0 870 118077 2022121701
46.8 5 0 0 872 118178 2022121701
36.4 4 0 0 874 119507 2022121701
57.2 6 0 0 876 118216 2022121701
83.1 9 0 0 881 119104 2022121701
62.4 6 0 0 883 117948 2022121701
41.6 4 0 0 886 117833 2022121701
41.6 4 0 0 889 119263 2022121701
104 11 0 0 894 117934 2022121701
41.6 4 0 0 897 119142 2022121701
57.2 6 0 0 901 118149 2022121701
46.8 5 0 0 904 117802 2022121701
104 10 0 0 912 119411 2022121701
0.00 0 0 0 912 119411 2022121701
83.1 9 0 0 918 117957 2022121701
77.9 8 0 0 925 117070 2022121701
41.6 4 0 0 928 117196 2022121701
31.2 3 0 0 930 121988 2022121701
88.4 9 0 0 936 113003 2022121701
62.3 7 0 0 943 118027 2022121701
83.1 8 0 0 950 116997 2022121701
31.2 3 0 0 952 117863 2022121701
120 12 0 0 963 117155 2022121701
36.4 4 0 0 967 117136 2022121701
41.6 4 0 0 972 119035 2022121701
77.9 8 0 0 979 117427 2022121701
77.9 8 0 0 987 116468 2022121701
77.9 8 0 0 995 117653 2022121701
41.6 4 0 0 999 117940 2022121701
41.6 4 0 0 1005 115134 2022121701
125 13 0 0 1014 117753 2022121701
41.6 4 0 0 1020 119131 2022121701
77.9 8 0 0 1027 117540 2022121701
41.6 4 0 0 1039 117751 2022121701
83.1 9 0 0 1045 117448 2022121701
88.3 9 0 0 1093 118686 2022121701
0.00 0 0 0 1093 118686 2022121701
0.00 0 0 0 1093 118686 2022121701
0.00 0 0 0 1093 118686 2022121701
0.00 0 0 0 1093 118686 2022121701
330 32 0 0 1098 116947 2022121701
10.4 1 0 0 1104 119148 2022121701
72.7 7 0 0 1114 118422 2022121701
62.4 6 0 9 621 113625 2022121701
88.3 9 0 6 784 122604 2022121701
5.20 1 0 0 790 117042 2022121701
46.8 5 0 0 797 117524 2022121701
36.4 4 0 0 803 118046 2022121701
98.7 10 0 0 824 117270 2022121701
31.2 3 0 0 831 118374 2022121701
67.6 7 0 0 843 117419 2022121701
31.2 3 0 0 850 117675 2022121701
98.7 10 0 0 867 117315 2022121701
36.4 4 0 0 874 118172 2022121701
36.4 4 0 0 879 119111 2022121701
67.6 7 0 0 890 117737 2022121701
77.9 8 0 0 901 119125 2022121701
67.6 7 0 0 911 117579 2022121701
41.6 4 0 0 918 117536 2022121701
36.4 4 0 0 922 119417 2022121701
109 11 0 0 937 117537 2022121701
41.6 4 0 0 941 119184 2022121701
72.7 7 0 0 950 117156 2022121701
41.6 4 0 0 955 117250 2022121701
114 12 0 0 967 117088 2022121701
41.6 4 0 0 973 117566 2022121701
36.4 4 0 0 977 116040 2022121701
77.9 8 0 0 984 113742 2022121701
83.1 8 0 0 992 116259 2022121701
72.7 7 0 0 999 117627 2022121701
46.8 5 0 0 1003 117741 2022121701
41.6 4 0 0 1007 119002 2022121701
120 12 0 0 1017 117829 2022121701
46.8 5 0 0 1020 119482 2022121701
77.9 8 0 0 1027 117404 2022121701
41.6 4 0 0 1030 117811 2022121701
125 13 0 0 1038 117670 2022121701
41.6 4 0 0 1042 117704 2022121701
46.8 5 0 0 1043 119464 2022121701
77.9 8 0 0 1049 117551 2022121701
93.5 10 0 0 1054 119204 2022121701
77.9 8 0 0 1059 117425 2022121701
46.8 5 0 0 1061 117872 2022121701
46.8 5 0 0 1064 119458 2022121701
125 13 0 0 1070 117676 2022121701
46.8 5 0 0 1071 117455 2022121701
83.1 8 0 0 1075 117503 2022121701
46.8 5 0 3 541 117213 2022121701
88.3 9 0 7 754 120025 2022121701
0.00 0 1 0 757 117007 2022121701
36.4 4 0 0 761 113443 2022121701
67.6 7 0 0 768 121106 2022121701
26.0 3 0 0 772 121654 2022121701
88.3 9 0 0 783 113257 2022121701
36.4 4 0 0 787 114113 2022121701
36.4 4 0 0 791 115667 2022121701
88.3 9 0 0 801 117710 2022121701
41.6 4 0 0 806 119282 2022121701
57.2 6 0 0 810 116884 2022121701
31.2 3 0 0 814 118085 2022121701
41.6 4 0 0 819 119220 2022121701
93.5 9 0 0 827 118368 2022121701
34.5 2119 3 134 827 118368 2022121701
D] Interval Transfer Bandwidth Write Err Rtry Cwnd RTT 2022121701
0.00 0 0 0 1060 8137335 2022121701
0.00 0 0 0 1060 8137335 2022121701
0.00 0 0 0 1060 8137335 2022121701
0.00 0 0 0 1060 8137335 2022121701
0.00 0 0 0 1060 8137335 2022121701
0.00 0 0 0 1060 8137335 2022121701
0.00 0 0 0 1060 8137335 2022121701
0.00 0 0 0 1060 8137335 2022121701
0.00 0 0 0 1060 8137335 2022121701
0.00 0 0 0 1060 8137335 2022121701
0.00 0 0 0 1060 8137335 2022121701
0.00 0 0 0 1060 8137335 2022121701
0.00 0 0 0 1060 8137335 2022121701
0.00 0 0 0 1060 8137335 2022121701
0.00 0 0 0 1060 8137335 2022121701
0.00 0 0 0 1060 8137335 2022121701
0.00 0 0 0 1060 8137335 2022121701
0.00 0 0 0 1060 8137335 2022121701
0.00 0 0 0 1060 8137335 2022121701
0.00 0 0 0 1060 8137335 2022121701
0.00 0 0 0 1060 8137335 2022121701
0.00 0 0 0 1060 8137335 2022121701
0.00 0 0 0 1060 8137335 2022121701
0.00 0 0 0 1060 8137335 2022121701
0.00 0 0 0 1060 8137335 2022121701
0.00 0 0 0 1060 8137335 2022121701
0.00 0 0 0 1060 8137335 2022121701
0.00 0 0 0 1060 8137335 2022121701
21.6 1391 22 677 1060 8137335 2022121701
