31.9 4 0 0 13 122369 2022121716
0.00 0 0 0 13 122369 2022121716
0.00 0 0 0 13 122369 2022121716
0.00 0 0 0 13 122369 2022121716
0.00 0 0 0 13 122369 2022121716
0.00 0 0 0 13 122369 2022121716
0.00 0 0 0 13 122369 2022121716
0.00 0 0 0 13 122369 2022121716
0.00 0 0 0 13 122369 2022121716
0.00 0 0 0 13 122369 2022121716
0.00 0 0 0 13 122369 2022121716
0.00 0 0 0 13 122369 2022121716
0.00 0 0 0 13 122369 2022121716
0.00 0 0 0 13 122369 2022121716
0.00 0 0 0 13 122369 2022121716
0.00 0 0 0 13 122369 2022121716
0.00 0 0 0 13 122369 2022121716
0.00 0 0 0 13 122369 2022121716
0.00 0 0 0 13 122369 2022121716
0.00 0 0 0 13 122369 2022121716
0.00 0 0 0 13 122369 2022121716
0.00 0 0 0 13 122369 2022121716
0.00 0 0 0 13 122369 2022121716
0.00 0 0 0 13 122369 2022121716
0.00 0 0 0 13 122369 2022121716
0.00 0 0 0 13 122369 2022121716
0.00 0 0 0 13 122369 2022121716
0.00 0 0 0 13 122369 2022121716
0.00 0 0 0 13 122369 2022121716
0.00 0 0 0 13 122369 2022121716
0.00 0 0 0 13 122369 2022121716
0.00 0 0 0 13 122369 2022121716
0.00 0 0 0 13 122369 2022121716
0.00 0 0 0 13 122369 2022121716
0.00 0 0 0 13 122369 2022121716
0.00 0 0 0 13 122369 2022121716
0.00 0 0 0 13 122369 2022121716
0.00 0 0 0 13 122369 2022121716
0.00 0 0 0 13 122369 2022121716
0.00 0 0 0 13 122369 2022121716
0.00 0 0 0 13 122369 2022121716
0.00 0 0 0 13 122369 2022121716
0.00 0 0 0 13 122369 2022121716
0.00 0 0 0 13 122369 2022121716
0.00 0 0 0 13 122369 2022121716
0.00 0 0 0 13 122369 2022121716
0.00 0 0 0 13 122369 2022121716
0.00 0 0 0 13 122369 2022121716
0.00 0 0 0 13 122369 2022121716
0.00 0 0 0 13 122369 2022121716
0.00 0 0 0 13 122369 2022121716
0.00 0 0 0 13 122369 2022121716
0.00 0 0 0 13 122369 2022121716
0.00 0 0 0 13 122369 2022121716
0.00 0 0 0 13 122369 2022121716
0.00 0 0 0 13 122369 2022121716
0.00 0 0 0 13 122369 2022121716
0.00 0 0 0 13 122369 2022121716
0.00 0 0 0 13 122369 2022121716
0.00 0 0 0 13 122369 2022121716
0.00 0 0 0 13 122369 2022121716
0.00 0 0 0 13 122369 2022121716
0.00 0 0 0 13 122369 2022121716
0.00 0 0 0 13 122369 2022121716
0.00 0 0 0 13 122369 2022121716
0.00 0 0 0 13 122369 2022121716
0.00 0 0 0 13 122369 2022121716
0.00 0 0 0 13 122369 2022121716
0.00 0 0 0 13 122369 2022121716
0.00 0 0 0 13 122369 2022121716
0.00 0 0 0 13 122369 2022121716
0.00 0 0 0 13 122369 2022121716
0.00 0 0 0 13 122369 2022121716
0.00 0 0 0 13 122369 2022121716
0.00 0 0 0 13 122369 2022121716
0.00 0 0 0 13 122369 2022121716
0.00 0 0 0 13 122369 2022121716
0.00 0 0 0 13 122369 2022121716
0.00 0 0 0 13 122369 2022121716
0.00 0 0 0 13 122369 2022121716
0.00 0 0 0 13 122369 2022121716
0.00 0 0 0 13 122369 2022121716
0.00 0 0 0 13 122369 2022121716
0.00 0 0 0 13 122369 2022121716
0.00 0 0 0 13 122369 2022121716
0.00 0 0 0 13 122369 2022121716
0.00 0 0 0 13 122369 2022121716
0.00 0 0 0 13 122369 2022121716
0.00 0 0 0 13 122369 2022121716
0.00 0 0 0 13 122369 2022121716
0.00 0 0 0 13 122369 2022121716
0.00 0 0 0 13 122369 2022121716
0.00 0 0 0 13 122369 2022121716
0.00 0 0 0 13 122369 2022121716
0.00 0 0 0 13 122369 2022121716
0.00 0 0 0 13 122369 2022121716
0.00 0 0 0 13 122369 2022121716
0.00 0 0 0 13 122369 2022121716
0.00 0 0 0 13 122369 2022121716
0.00 0 0 0 13 122369 2022121716
0.00 0 0 0 13 122369 2022121716
0.00 0 0 0 13 122369 2022121716
0.00 0 0 0 13 122369 2022121716
0.00 0 0 0 13 122369 2022121716
0.00 0 0 0 13 122369 2022121716
42.7 5 0 0 110 115962 2022121716
5.20 1 0 0 110 115962 2022121716
0.00 0 0 0 110 115962 2022121716
0.00 0 0 0 110 115962 2022121716
15.6 2 0 0 220 122800 2022121716
36.4 4 0 0 435 117153 2022121716
73.4 7 0 0 441 117545 2022121716
151 15 0 0 930 141770 2022121716
0.00 0 0 0 930 141770 2022121716
82.5 8 0 0 977 115124 2022121716
57.2 6 0 0 1166 117862 2022121716
0.00 0 0 0 1166 117862 2022121716
0.00 0 0 0 1166 117862 2022121716
0.00 0 0 0 1166 117862 2022121716
263 26 0 0 1327 123400 2022121716
0.00 0 0 0 1327 123400 2022121716
0.00 0 0 0 1327 123400 2022121716
0.00 0 0 0 1327 123400 2022121716
0.00 0 0 0 1327 123400 2022121716
0.00 0 0 0 1327 123400 2022121716
330 32 0 149 984 117255 2022121716
0.00 0 0 0 984 117255 2022121716
0.00 0 0 0 984 117255 2022121716
0.00 0 0 0 984 117255 2022121716
0.00 0 0 0 984 117255 2022121716
262 25 0 0 1031 356233 2022121716
0.00 0 0 0 1065 356233 2022121716
0.00 0 0 0 1065 356233 2022121716
0.00 0 0 0 1065 356233 2022121716
199 19 0 0 1065 356233 2022121716
0.00 0 0 0 1065 356233 2022121716
0.00 0 0 0 1065 356233 2022121716
0.00 0 0 0 1065 356233 2022121716
21.0 2 0 0 1065 331753 2022121716
21.0 2 0 0 1065 244192 2022121716
104 10 0 0 1065 113068 2022121716
0.00 0 1 0 1100 117430 2022121716
120 12 0 0 1127 118762 2022121716
62.4 6 0 41 303 119714 2022121716
20.8 2 0 36 788 118262 2022121716
5.20 1 0 0 788 119333 2022121716
130 13 0 0 801 116942 2022121716
20.8 2 0 0 805 122546 2022121716
62.4 6 0 0 812 113280 2022121716
36.4 4 0 0 817 117157 2022121716
88.3 9 0 0 828 117263 2022121716
41.6 4 0 0 832 117529 2022121716
36.4 4 0 0 836 119150 2022121716
57.2 6 0 0 842 122095 2022121716
77.9 8 0 0 850 119026 2022121716
57.2 6 0 0 854 117666 2022121716
46.8 5 0 0 860 121618 2022121716
36.4 4 0 0 863 118952 2022121716
104 11 0 0 872 117155 2022121716
36.4 4 0 0 875 119110 2022121716
57.2 6 0 0 879 117198 2022121716
41.6 4 0 0 882 117235 2022121716
98.7 10 0 0 890 117236 2022121716
46.8 5 0 0 893 117323 2022121716
41.6 4 0 0 896 118618 2022121716
57.2 6 0 0 900 117620 2022121716
88.3 9 0 0 905 118635 2022121716
57.2 6 0 0 908 117609 2022121716
46.8 5 0 0 911 117530 2022121716
41.6 4 0 0 912 118626 2022121716
109 11 0 0 918 117190 2022121716
41.6 4 0 0 919 117588 2022121716
52.0 5 0 0 923 117628 2022121716
46.8 5 0 0 925 117953 2022121716
104 10 0 0 928 117462 2022121716
46.8 5 0 0 930 118014 2022121716
52.0 5 0 0 932 117807 2022121716
52.0 5 0 0 934 117720 2022121716
98.7 10 0 0 937 117756 2022121716
52.0 5 0 0 939 117120 2022121716
46.8 5 0 0 940 117936 2022121716
57.2 6 0 0 943 117069 2022121716
93.5 9 0 0 947 117865 2022121716
0.00 0 0 0 947 117865 2022121716
0.00 0 0 0 947 117865 2022121716
0.00 0 0 0 947 117865 2022121716
234 23 0 0 950 117529 2022121716
57.2 6 0 0 950 117300 2022121716
77.9 8 0 0 952 117158 2022121716
52.0 5 0 0 952 117301 2022121716
46.8 5 0 0 954 117809 2022121716
57.2 6 0 0 954 117324 2022121716
98.7 10 0 0 955 118164 2022121716
57.2 6 0 0 955 117012 2022121716
52.0 5 0 0 955 117575 2022121716
46.8 5 0 0 956 118256 2022121716
109 11 0 0 956 113458 2022121716
46.8 5 0 0 956 122301 2022121716
57.2 6 0 0 956 117436 2022121716
52.0 5 0 0 958 117259 2022121716
104 11 0 0 958 117604 2022121716
46.8 5 0 0 958 121297 2022121716
77.9 8 0 0 958 113700 2022121716
52.0 5 0 0 958 117671 2022121716
57.2 6 0 0 958 117976 2022121716
52.0 5 0 0 958 121758 2022121716
104 11 0 0 958 117173 2022121716
46.8 5 0 0 958 117898 2022121716
52.0 5 0 0 958 118004 2022121716
57.2 6 0 0 958 117546 2022121716
98.7 10 0 0 958 117692 2022121716
57.2 6 0 0 958 117221 2022121716
46.8 5 0 0 958 117722 2022121716
52.0 5 0 0 958 118266 2022121716
104 11 0 0 958 117843 2022121716
52.0 5 0 0 958 117566 2022121716
52.0 5 0 0 958 117885 2022121716
77.9 8 0 0 958 118039 2022121716
77.9 8 0 0 958 117611 2022121716
52.0 5 0 0 958 117312 2022121716
52.0 5 0 0 958 117383 2022121716
52.0 5 0 0 958 117374 2022121716
104 10 0 0 958 118146 2022121716
52.0 5 0 0 958 117300 2022121716
52.0 5 0 0 958 120923 2022121716
52.0 5 0 0 958 114200 2022121716
104 10 0 0 959 118453 2022121716
52.0 5 0 0 959 117992 2022121716
52.0 5 0 0 959 117548 2022121716
52.0 5 0 0 961 117776 2022121716
109 11 0 0 962 117319 2022121716
46.8 5 0 0 965 159890 2022121716
0.00 0 0 0 965 159890 2022121716
0.00 0 0 0 965 159890 2022121716
0.00 0 0 0 965 159890 2022121716
0.00 0 0 0 965 159890 2022121716
0.00 0 0 0 965 159890 2022121716
329 32 0 0 965 150583 2022121716
0.00 0 1 0 965 117142 2022121716
20.8 2 0 0 966 117564 2022121716
104 10 0 0 967 118044 2022121716
57.2 6 0 0 969 117893 2022121716
46.8 5 0 0 970 122334 2022121716
57.2 6 0 0 970 118285 2022121716
104 10 0 0 973 113972 2022121716
52.0 5 0 0 973 118487 2022121716
57.2 6 0 0 974 118009 2022121716
46.8 5 0 0 976 118033 2022121716
109 11 0 0 979 118159 2022121716
52.0 5 0 0 981 118174 2022121716
52.0 5 0 0 983 117946 2022121716
57.2 6 0 0 984 117704 2022121716
104 10 0 0 988 118134 2022121716
57.2 6 0 0 990 118044 2022121716
52.0 5 0 0 992 118379 2022121716
52.0 5 0 0 995 118104 2022121716
109 11 0 0 998 117994 2022121716
57.2 6 0 0 1002 117815 2022121716
52.0 5 0 0 1003 118174 2022121716
52.0 5 0 0 1006 118375 2022121716
109 11 0 0 1012 114338 2022121716
62.4 6 0 0 1014 112989 2022121716
20.8 2 0 0 1017 116678 2022121716
83.1 8 0 0 1020 116784 2022121716
83.1 8 0 0 1028 117050 2022121716
77.9 8 0 0 1031 119122 2022121716
41.6 4 0 0 1036 117303 2022121716
52.0 5 0 0 1039 117675 2022121716
120 12 0 0 1045 117314 2022121716
46.8 5 0 0 1049 119129 2022121716
72.7 7 0 0 1054 113494 2022121716
46.8 5 0 0 1057 113700 2022121716
125 12 0 0 1067 117457 2022121716
46.8 5 0 0 1070 117247 2022121716
52.0 5 0 0 1074 118944 2022121716
72.7 7 0 0 1079 117459 2022121716
104 10 0 0 1089 118991 2022121716
72.7 7 0 0 1096 117009 2022121716
52.0 5 0 0 1100 117419 2022121716
52.0 5 0 0 1111 117058 2022121716
88.3 9 0 0 1115 117356 2022121716
72.7 7 0 0 1121 119095 2022121716
109 11 0 0 1134 117005 2022121716
77.9 8 0 0 1148 117449 2022121716
0.00 0 0 0 1148 117449 2022121716
104 10 0 0 1174 117480 2022121716
0.00 0 0 0 1174 117480 2022121716
0.00 0 0 0 1174 117480 2022121716
263 26 0 0 602 3129362 2022121716
0.00 0 0 0 602 3129362 2022121716
0.00 0 0 0 602 3129362 2022121716
0.00 0 0 0 602 3129362 2022121716
0.00 0 0 0 602 3129362 2022121716
0.00 0 0 0 602 3129362 2022121716
0.00 0 0 0 602 3129362 2022121716
304 29 0 0 602 3129362 2022121716
0.00 0 0 0 602 3129362 2022121716
0.00 0 0 0 602 3129362 2022121716
0.00 0 0 0 602 3129362 2022121716
0.00 0 0 0 602 3129362 2022121716
0.00 0 0 0 602 3129362 2022121716
0.00 0 0 0 602 3129362 2022121716
0.00 0 0 0 602 3129362 2022121716
0.00 0 0 0 602 3129362 2022121716
0.00 0 0 0 602 3129362 2022121716
0.00 0 0 0 602 3129362 2022121716
0.00 0 0 0 602 3129362 2022121716
0.00 0 0 0 602 3129362 2022121716
0.00 0 0 0 602 3129362 2022121716
0.00 0 0 0 602 3129362 2022121716
0.00 0 0 0 602 3129362 2022121716
0.00 0 0 0 602 3129362 2022121716
0.00 0 0 0 602 3129362 2022121716
0.00 0 0 0 602 3129362 2022121716
0.00 0 0 0 602 3129362 2022121716
0.00 0 0 0 602 3129362 2022121716
0.00 0 0 0 602 3129362 2022121716
0.00 0 0 0 602 3129362 2022121716
0.00 0 0 0 602 3129362 2022121716
0.00 0 0 0 602 3129362 2022121716
0.00 0 0 0 602 3129362 2022121716
0.00 0 0 0 602 3129362 2022121716
0.00 0 0 0 602 3129362 2022121716
0.00 0 0 0 602 3129362 2022121716
0.00 0 0 0 602 3129362 2022121716
0.00 0 0 0 602 3129362 2022121716
0.00 0 0 0 602 3129362 2022121716
0.00 0 0 0 602 3129362 2022121716
0.00 0 0 0 602 3129362 2022121716
0.00 0 0 0 602 3129362 2022121716
0.00 0 0 0 602 3129362 2022121716
0.00 0 0 0 602 3129362 2022121716
0.00 0 0 0 602 3129362 2022121716
0.00 0 0 0 602 3129362 2022121716
0.00 0 0 0 602 3129362 2022121716
0.00 0 0 0 602 3129362 2022121716
0.00 0 0 0 602 3129362 2022121716
0.00 0 0 0 602 3129362 2022121716
0.00 0 0 0 602 3129362 2022121716
0.00 0 0 0 602 3129362 2022121716
0.00 0 0 0 602 3129362 2022121716
0.00 0 0 0 602 3129362 2022121716
0.00 0 0 0 602 3129362 2022121716
0.00 0 0 0 602 3129362 2022121716
0.00 0 0 0 602 3129362 2022121716
0.00 0 0 0 602 3129362 2022121716
0.00 0 0 0 602 3129362 2022121716
0.00 0 0 0 602 3129362 2022121716
0.00 0 0 0 602 3129362 2022121716
0.00 0 0 0 602 3129362 2022121716
0.00 0 0 0 602 3129362 2022121716
0.00 0 0 0 602 3129362 2022121716
0.00 0 0 0 602 3129362 2022121716
0.00 0 0 0 602 3129362 2022121716
0.00 0 0 0 602 3129362 2022121716
0.00 0 0 0 602 3129362 2022121716
0.00 0 0 0 602 3129362 2022121716
0.00 0 0 0 602 3129362 2022121716
0.00 0 0 0 602 3129362 2022121716
0.00 0 0 0 602 3129362 2022121716
0.00 0 0 0 602 3129362 2022121716
0.00 0 0 0 602 3129362 2022121716
0.00 0 0 0 602 3129362 2022121716
0.00 0 0 0 602 3129362 2022121716
0.00 0 0 0 602 3129362 2022121716
0.00 0 0 0 602 3129362 2022121716
0.00 0 0 0 602 3129362 2022121716
0.00 0 0 0 602 3129362 2022121716
0.00 0 0 0 602 3129362 2022121716
0.00 0 0 0 602 3129362 2022121716
0.00 0 0 0 602 3129362 2022121716
0.00 0 0 0 602 3129362 2022121716
0.00 0 0 0 602 3129362 2022121716
0.00 0 0 0 602 3129362 2022121716
0.00 0 0 0 602 3129362 2022121716
0.00 0 0 0 602 3129362 2022121716
0.00 0 0 0 602 3129362 2022121716
0.00 0 0 0 602 3129362 2022121716
0.00 0 0 0 602 3129362 2022121716
0.00 0 0 0 602 3129362 2022121716
0.00 0 0 0 602 3129362 2022121716
0.00 0 0 0 602 3129362 2022121716
0.00 0 0 0 602 3129362 2022121716
0.00 0 0 0 602 3129362 2022121716
0.00 0 0 0 602 3129362 2022121716
0.00 0 0 0 602 3129362 2022121716
0.00 0 0 0 602 3129362 2022121716
36.4 4 0 0 690 210296 2022121716
0.00 0 1 0 903 112936 2022121716
10.4 1 0 0 1209 113084 2022121716
98.7 10 0 0 1804 113070 2022121716
52.0 5 0 0 2320 117051 2022121716
77.9 8 0 77 958 117588 2022121716
36.4 4 0 88 1624 119889 2022121716
52.0 5 1 199 1007 117696 2022121716
151 15 0 55 140 118547 2022121716
26.0 3 0 90 1043 120679 2022121716
5.20 1 0 0 1145 117159 2022121716
135 13 0 11 610 117470 2022121716
36.4 4 0 0 805 119291 2022121716
104 10 0 0 814 117767 2022121716
41.6 4 0 0 820 117130 2022121716
26.0 3 0 0 824 118996 2022121716
67.6 7 0 0 832 117301 2022121716
67.6 7 0 0 841 119244 2022121716
67.6 7 0 0 848 117961 2022121716
36.4 4 0 0 849 119286 2022121716
31.2 3 0 0 853 116829 2022121716
109 11 0 0 865 113345 2022121716
31.2 3 0 0 870 117227 2022121716
72.7 7 0 0 875 117221 2022121716
36.4 4 0 0 879 117062 2022121716
104 10 0 0 889 117535 2022121716
36.4 4 0 0 892 117540 2022121716
36.4 4 0 0 894 118937 2022121716
72.7 7 0 0 900 117584 2022121716
72.7 8 0 0 905 118441 2022121716
72.7 7 0 0 910 117444 2022121716
36.4 4 0 0 912 117548 2022121716
36.4 4 0 0 915 118902 2022121716
114 11 0 0 922 117131 2022121716
36.4 4 0 0 925 119302 2022121716
72.7 7 0 0 929 117260 2022121716
41.6 4 0 0 930 116970 2022121716
109 11 0 0 936 117321 2022121716
36.4 4 0 0 937 117633 2022121716
41.6 4 0 0 939 118708 2022121716
77.9 8 0 0 943 118778 2022121716
72.7 8 0 0 947 117679 2022121716
77.9 8 0 0 948 119102 2022121716
36.4 4 0 0 950 117168 2022121716
41.6 4 0 0 955 117888 2022121716
67.6 7 0 0 956 117634 2022121716
0.00 0 0 0 956 117634 2022121716
166 16 0 0 959 117604 2022121716
0.00 0 0 0 959 117604 2022121716
145 14 0 0 962 117811 2022121716
46.8 5 0 0 963 117132 2022121716
26.0 3 0 0 963 117942 2022121716
83.1 8 0 0 965 117082 2022121716
77.9 8 0 0 967 116977 2022121716
77.9 8 0 0 967 116970 2022121716
31.2 3 0 0 970 119434 2022121716
77.9 8 0 0 970 117003 2022121716
46.8 5 0 0 972 9186347 2022121716
0.00 0 0 0 1458 9186347 2022121716
105 10 0 0 1458 9186347 2022121716
0.00 0 0 0 1458 9186347 2022121716
0.00 0 0 0 1458 9186347 2022121716
0.00 0 0 0 1458 9186347 2022121716
0.00 0 0 0 1458 9186347 2022121716
0.00 0 0 0 1458 9186347 2022121716
0.00 0 0 0 1458 9186347 2022121716
0.00 0 0 0 1458 9186347 2022121716
0.00 0 0 0 1458 9186347 2022121716
0.00 0 0 0 1458 9186347 2022121716
0.00 0 0 0 1458 9186347 2022121716
0.00 0 0 0 1458 9186347 2022121716
0.00 0 0 0 1458 9186347 2022121716
0.00 0 0 0 1458 9186347 2022121716
0.00 0 0 0 1458 9186347 2022121716
0.00 0 0 0 1458 9186347 2022121716
0.00 0 0 0 1458 9186347 2022121716
0.00 0 0 0 1458 9186347 2022121716
0.00 0 0 0 1458 9186347 2022121716
0.00 0 0 0 1458 9186347 2022121716
0.00 0 0 0 1458 9186347 2022121716
0.00 0 0 0 1458 9186347 2022121716
0.00 0 0 0 1458 9186347 2022121716
0.00 0 0 0 1458 9186347 2022121716
0.00 0 0 0 1458 9186347 2022121716
0.00 0 0 0 1458 9186347 2022121716
0.00 0 0 0 1458 9186347 2022121716
0.00 0 0 0 1458 9186347 2022121716
0.00 0 0 0 1458 9186347 2022121716
0.00 0 0 0 1458 9186347 2022121716
0.00 0 0 0 1458 9186347 2022121716
0.00 0 0 0 1458 9186347 2022121716
0.00 0 0 0 1458 9186347 2022121716
0.00 0 0 0 1458 9186347 2022121716
0.00 0 0 0 1458 9186347 2022121716
0.00 0 0 0 1458 9186347 2022121716
0.00 0 0 0 1458 9186347 2022121716
0.00 0 0 0 1458 9186347 2022121716
0.00 0 0 0 1458 9186347 2022121716
0.00 0 0 0 1458 9186347 2022121716
0.00 0 0 0 1458 9186347 2022121716
0.00 0 0 0 1458 9186347 2022121716
0.00 0 0 0 1458 9186347 2022121716
0.00 0 0 0 1458 9186347 2022121716
0.00 0 0 0 1458 9186347 2022121716
0.00 0 0 0 1458 9186347 2022121716
0.00 0 0 0 1458 9186347 2022121716
0.00 0 0 0 1458 9186347 2022121716
0.00 0 0 0 1458 9186347 2022121716
0.00 0 0 0 1458 9186347 2022121716
0.00 0 0 0 1458 9186347 2022121716
0.00 0 0 0 1458 9186347 2022121716
0.00 0 0 0 1458 9186347 2022121716
0.00 0 0 0 1458 9186347 2022121716
0.00 0 0 0 1458 9186347 2022121716
0.00 0 0 0 1458 9186347 2022121716
0.00 0 0 0 1458 9186347 2022121716
0.00 0 0 0 1458 9186347 2022121716
0.00 0 0 0 1458 9186347 2022121716
0.00 0 0 0 1458 9186347 2022121716
0.00 0 0 0 1458 9186347 2022121716
0.00 0 0 0 1458 9186347 2022121716
0.00 0 0 0 1458 9186347 2022121716
0.00 0 0 0 1458 9186347 2022121716
0.00 0 0 0 1458 9186347 2022121716
0.00 0 0 0 1458 9186347 2022121716
0.00 0 0 0 1458 9186347 2022121716
0.00 0 0 0 1458 9186347 2022121716
0.00 0 0 0 1458 9186347 2022121716
0.00 0 0 0 1458 9186347 2022121716
0.00 0 0 0 1458 9186347 2022121716
0.00 0 0 0 1458 9186347 2022121716
0.00 0 0 0 1458 9186347 2022121716
0.00 0 0 0 1458 9186347 2022121716
0.00 0 0 0 1458 9186347 2022121716
0.00 0 0 0 1458 9186347 2022121716
0.00 0 0 0 1458 9186347 2022121716
0.00 0 0 0 1458 9186347 2022121716
0.00 0 0 0 1458 9186347 2022121716
0.00 0 0 0 1458 9186347 2022121716
0.00 0 0 0 1458 9186347 2022121716
0.00 0 0 0 1458 9186347 2022121716
0.00 0 0 0 1458 9186347 2022121716
0.00 0 0 0 1458 9186347 2022121716
0.00 0 0 0 1458 9186347 2022121716
0.00 0 0 0 1458 9186347 2022121716
0.00 0 0 0 1458 9186347 2022121716
0.00 0 0 0 1458 9186347 2022121716
0.00 0 0 0 1458 9186347 2022121716
0.00 0 0 0 1458 9186347 2022121716
0.00 0 0 0 1458 9186347 2022121716
0.00 0 0 0 1458 9186347 2022121716
0.00 0 0 0 1458 9186347 2022121716
0.00 0 0 0 1458 9186347 2022121716
0.00 0 0 0 1458 9186347 2022121716
0.00 0 0 0 1458 9186347 2022121716
0.00 0 0 0 1458 9186347 2022121716
0.00 0 0 0 1458 9186347 2022121716
0.00 0 0 0 1458 9186347 2022121716
0.00 0 0 0 1458 9186347 2022121716
0.00 0 0 0 1458 9186347 2022121716
0.00 0 0 0 1458 9186347 2022121716
0.00 0 0 0 1458 9186347 2022121716
0.00 0 0 0 1458 9186347 2022121716
0.00 0 0 0 1458 9186347 2022121716
92.6 9 0 54 922 119992 2022121716
0.00 0 0 0 922 119992 2022121716
0.00 0 0 0 922 119992 2022121716
0.00 0 0 0 922 119992 2022121716
93.5 9 0 0 1020 8194977 2022121716
21.0 2 0 0 1476 8194977 2022121716
0.00 0 0 0 1476 8194977 2022121716
0.00 0 0 0 1476 8194977 2022121716
0.00 0 0 0 1476 8194977 2022121716
0.00 0 0 0 1476 8194977 2022121716
0.00 0 0 0 1476 8194977 2022121716
0.00 0 0 0 1476 8194977 2022121716
0.00 0 0 0 1476 8194977 2022121716
0.00 0 0 0 1476 8194977 2022121716
0.00 0 0 0 1476 8194977 2022121716
0.00 0 0 0 1476 8194977 2022121716
0.00 0 0 0 1476 8194977 2022121716
0.00 0 0 0 1476 8194977 2022121716
0.00 0 0 0 1476 8194977 2022121716
0.00 0 0 0 1476 8194977 2022121716
0.00 0 0 0 1476 8194977 2022121716
0.00 0 0 0 1476 8194977 2022121716
0.00 0 0 0 1476 8194977 2022121716
0.00 0 0 0 1476 8194977 2022121716
0.00 0 0 0 1476 8194977 2022121716
0.00 0 0 0 1476 8194977 2022121716
0.00 0 0 0 1476 8194977 2022121716
0.00 0 0 0 1476 8194977 2022121716
0.00 0 0 0 1476 8194977 2022121716
0.00 0 0 0 1476 8194977 2022121716
0.00 0 0 0 1476 8194977 2022121716
0.00 0 0 0 1476 8194977 2022121716
0.00 0 0 0 1476 8194977 2022121716
0.00 0 0 0 1476 8194977 2022121716
0.00 0 0 0 1476 8194977 2022121716
0.00 0 0 0 1476 8194977 2022121716
0.00 0 0 0 1476 8194977 2022121716
0.00 0 0 0 1476 8194977 2022121716
0.00 0 0 0 1476 8194977 2022121716
0.00 0 0 0 1476 8194977 2022121716
0.00 0 0 0 1476 8194977 2022121716
0.00 0 0 0 1476 8194977 2022121716
0.00 0 0 0 1476 8194977 2022121716
0.00 0 0 0 1476 8194977 2022121716
0.00 0 0 0 1476 8194977 2022121716
0.00 0 0 0 1476 8194977 2022121716
0.00 0 0 0 1476 8194977 2022121716
0.00 0 0 0 1476 8194977 2022121716
0.00 0 0 0 1476 8194977 2022121716
0.00 0 0 0 1476 8194977 2022121716
0.00 0 0 0 1476 8194977 2022121716
0.00 0 0 0 1476 8194977 2022121716
0.00 0 0 0 1476 8194977 2022121716
0.00 0 0 0 1476 8194977 2022121716
0.00 0 0 0 1476 8194977 2022121716
0.00 0 0 0 1476 8194977 2022121716
0.00 0 0 0 1476 8194977 2022121716
0.00 0 0 0 1476 8194977 2022121716
0.00 0 0 0 1476 8194977 2022121716
0.00 0 0 0 1476 8194977 2022121716
0.00 0 0 0 1476 8194977 2022121716
0.00 0 0 0 1476 8194977 2022121716
0.00 0 0 0 1476 8194977 2022121716
0.00 0 0 0 1476 8194977 2022121716
0.00 0 0 0 1476 8194977 2022121716
0.00 0 0 0 1476 8194977 2022121716
0.00 0 0 0 1476 8194977 2022121716
0.00 0 0 0 1476 8194977 2022121716
0.00 0 0 0 1476 8194977 2022121716
0.00 0 0 0 1476 8194977 2022121716
0.00 0 0 0 1476 8194977 2022121716
0.00 0 0 0 1476 8194977 2022121716
0.00 0 0 0 1476 8194977 2022121716
0.00 0 0 0 1476 8194977 2022121716
0.00 0 0 0 1476 8194977 2022121716
0.00 0 0 0 1476 8194977 2022121716
0.00 0 0 0 1476 8194977 2022121716
0.00 0 0 0 1476 8194977 2022121716
0.00 0 0 0 1476 8194977 2022121716
0.00 0 0 0 1476 8194977 2022121716
0.00 0 0 0 1476 8194977 2022121716
0.00 0 0 0 1476 8194977 2022121716
0.00 0 0 0 1476 8194977 2022121716
0.00 0 0 0 1476 8194977 2022121716
0.00 0 0 0 1476 8194977 2022121716
0.00 0 0 0 1476 8194977 2022121716
0.00 0 0 0 1476 8194977 2022121716
0.00 0 0 0 1476 8194977 2022121716
0.00 0 0 0 1476 8194977 2022121716
0.00 0 0 0 1476 8194977 2022121716
0.00 0 0 0 1476 8194977 2022121716
0.00 0 0 0 1476 8194977 2022121716
0.00 0 0 0 1476 8194977 2022121716
0.00 0 0 0 1476 8194977 2022121716
0.00 0 0 0 1476 8194977 2022121716
0.00 0 0 0 1476 8194977 2022121716
0.00 0 0 0 1476 8194977 2022121716
0.00 0 0 0 1476 8194977 2022121716
0.00 0 0 0 1476 8194977 2022121716
0.00 0 0 0 1476 8194977 2022121716
0.00 0 0 0 1476 8194977 2022121716
0.00 0 0 0 1476 8194977 2022121716
0.00 0 0 0 1476 8194977 2022121716
0.00 0 0 0 1476 8194977 2022121716
0.00 0 0 0 1476 8194977 2022121716
0.00 0 0 0 1476 8194977 2022121716
0.00 0 0 0 1476 8194977 2022121716
23.1 1523 4 800 1476 8194977 2022121716
