13.7 2 0 0 27 119859 2022121715
0.00 0 1 0 55 116780 2022121715
12.3 2 0 0 110 123089 2022121715
17.1 2 0 0 219 118620 2022121715
41.9 4 0 0 220 123563 2022121715
36.0 4 0 0 439 115733 2022121715
125 12 0 0 876 118665 2022121715
145 14 0 0 1009 119185 2022121715
67.6 7 0 0 1049 117090 2022121715
41.6 4 0 0 1079 118148 2022121715
46.8 5 0 0 1112 119175 2022121715
125 12 0 0 1189 117544 2022121715
52.0 5 0 0 1225 118731 2022121715
77.9 8 0 0 1247 117353 2022121715
52.0 5 0 0 1268 117460 2022121715
99.0 10 0 0 1287 117399 2022121715
109 11 0 0 1290 116988 2022121715
31.2 3 0 0 1314 118012 2022121715
72.7 7 0 0 1359 116948 2022121715
88.5 9 0 0 1403 117278 2022121715
125 13 0 9 519 117579 2022121715
77.9 8 0 0 984 117043 2022121715
5.20 1 0 0 1030 116264 2022121715
120 12 0 0 1053 120910 2022121715
41.6 4 0 0 1061 118889 2022121715
77.9 8 0 0 1076 117390 2022121715
46.8 5 0 0 1085 117444 2022121715
130 13 0 0 1107 117010 2022121715
46.8 5 0 0 1116 117054 2022121715
46.8 5 0 0 1123 119199 2022121715
83.1 8 0 0 1136 117469 2022121715
98.7 10 0 0 1152 120696 2022121715
88.3 9 0 0 1165 117727 2022121715
52.0 5 0 0 1173 117458 2022121715
46.8 5 0 0 1178 119658 2022121715
140 14 0 0 1223 117081 2022121715
0.00 0 0 0 1223 117081 2022121715
0.00 0 0 0 1223 117081 2022121715
0.00 0 0 0 1223 117081 2022121715
151 15 0 0 1234 118567 2022121715
67.6 7 0 0 1243 114192 2022121715
135 14 0 0 1254 118177 2022121715
67.6 7 0 0 1263 117888 2022121715
67.6 7 0 0 1268 118354 2022121715
67.6 7 0 0 1275 118285 2022121715
140 14 0 0 1287 118265 2022121715
67.6 7 0 0 1292 118407 2022121715
72.7 7 0 0 1300 117552 2022121715
67.6 7 0 0 1303 118294 2022121715
125 12 0 0 1314 118325 2022121715
51.5 5 0 0 1322 119493 2022121715
98.7 10 0 0 1330 117175 2022121715
52.0 5 0 0 1334 117136 2022121715
62.4 6 0 0 1340 119283 2022121715
156 15 0 0 1349 117293 2022121715
62.4 6 0 0 1354 119181 2022121715
93.5 9 0 0 1359 113208 2022121715
62.4 6 0 0 1363 117462 2022121715
151 15 0 24 861 115069 2022121715
5.20 1 0 0 955 118548 2022121715
5.20 1 0 0 970 119634 2022121715
135 13 0 0 976 117267 2022121715
5.20 1 0 0 980 117614 2022121715
83.1 8 0 0 990 116921 2022121715
77.9 8 0 0 998 118878 2022121715
62.4 6 0 0 1006 118040 2022121715
57.2 6 0 0 1013 117288 2022121715
41.6 4 0 0 1016 118945 2022121715
125 12 0 0 1028 117638 2022121715
41.6 4 0 0 1032 119039 2022121715
62.4 6 0 0 1036 118323 2022121715
62.4 6 0 0 1042 117386 2022121715
109 11 0 0 1052 118312 2022121715
57.2 6 0 0 1056 117770 2022121715
46.8 5 0 0 1060 114895 2022121715
67.6 7 0 0 1064 117926 2022121715
104 11 0 0 1072 118668 2022121715
67.6 7 0 0 1076 117947 2022121715
57.2 6 0 0 1079 117631 2022121715
120 12 0 0 1087 118179 2022121715
57.2 6 0 0 1093 118147 2022121715
83.9 8 0 0 1093 118147 2022121715
35.6 4 0 0 1097 116451 2022121715
88.3 9 0 0 1101 117076 2022121715
41.6 4 0 0 1105 118024 2022121715
46.8 5 0 0 1107 119421 2022121715
135 13 0 0 1114 117552 2022121715
46.8 5 0 0 1115 119426 2022121715
83.1 8 0 0 1119 117487 2022121715
52.0 5 0 0 1121 117562 2022121715
130 13 0 0 1126 117628 2022121715
52.0 5 0 0 1127 117419 2022121715
46.8 5 0 0 1129 119447 2022121715
88.3 9 0 0 1132 113480 2022121715
98.7 10 0 0 1134 116367 2022121715
83.1 8 0 0 1137 117320 2022121715
52.0 5 0 0 1138 117794 2022121715
46.8 5 0 0 1138 117538 2022121715
135 14 0 0 1143 117971 2022121715
52.0 5 0 0 1143 97873 2022121715
88.3 9 0 0 1144 103514 2022121715
98.7 10 0 0 1147 118370 2022121715
93.5 9 0 0 1147 117738 2022121715
41.6 4 0 0 1150 117721 2022121715
52.0 5 0 0 1151 117677 2022121715
98.7 10 0 0 1151 117232 2022121715
31.2 3 0 0 1152 118260 2022121715
135 14 0 0 1154 117248 2022121715
57.2 6 0 0 1155 118940 2022121715
77.9 8 0 0 1156 117423 2022121715
57.2 6 0 0 1156 117312 2022121715
130 13 0 0 1158 117331 2022121715
57.2 6 0 0 1158 117205 2022121715
57.2 6 0 0 1159 117712 2022121715
62.4 6 0 0 1159 117487 2022121715
125 12 0 0 1159 117365 2022121715
62.4 6 0 0 1159 117476 2022121715
62.4 6 0 0 1161 117738 2022121715
62.4 6 0 0 1161 117669 2022121715
130 13 0 0 1161 117859 2022121715
62.4 6 0 0 1161 117960 2022121715
62.4 6 0 0 1161 117700 2022121715
62.4 6 0 0 1161 117814 2022121715
125 12 0 0 1161 117886 2022121715
62.4 6 0 0 1161 117710 2022121715
67.6 7 0 0 1161 117854 2022121715
62.4 6 0 0 1161 116894 2022121715
125 12 0 0 1161 117627 2022121715
62.4 6 0 0 1161 117556 2022121715
62.4 6 0 0 1161 117641 2022121715
67.6 7 0 0 1161 117514 2022121715
125 12 0 0 1161 117618 2022121715
62.4 6 0 0 1161 117727 2022121715
62.4 6 0 0 1161 117148 2022121715
62.4 6 0 0 1161 118190 2022121715
130 13 0 0 1161 117816 2022121715
57.2 6 0 0 1161 117859 2022121715
67.6 7 0 0 1161 117911 2022121715
62.4 6 0 0 1161 117906 2022121715
125 12 0 0 1161 117731 2022121715
62.4 6 0 0 1161 118094 2022121715
62.4 6 0 0 1161 118066 2022121715
62.4 6 0 0 1161 118392 2022121715
130 13 0 0 1162 119155 2022121715
0.00 0 0 0 1162 119155 2022121715
0.00 0 0 0 1162 119155 2022121715
0.00 0 0 0 1162 119155 2022121715
0.00 0 0 0 1162 119155 2022121715
330 32 0 0 1163 117602 2022121715
0.00 0 0 0 1163 117602 2022121715
125 13 0 0 1163 118087 2022121715
57.2 6 0 0 1165 117999 2022121715
72.7 7 0 0 1165 116989 2022121715
26.0 3 0 0 1165 118292 2022121715
130 13 0 0 1166 117510 2022121715
57.2 6 0 0 1167 118250 2022121715
72.7 7 0 0 1167 117170 2022121715
57.2 6 0 0 1169 8931722 2022121715
62.9 6 0 0 1755 8931722 2022121715
0.00 0 0 0 1755 8931722 2022121715
0.00 0 0 0 1755 8931722 2022121715
0.00 0 0 0 1755 8931722 2022121715
0.00 0 0 0 1755 8931722 2022121715
0.00 0 0 0 1755 8931722 2022121715
0.00 0 0 0 1755 8931722 2022121715
0.00 0 0 0 1755 8931722 2022121715
0.00 0 0 0 1755 8931722 2022121715
0.00 0 0 0 1755 8931722 2022121715
0.00 0 0 0 1755 8931722 2022121715
0.00 0 0 0 1755 8931722 2022121715
0.00 0 0 0 1755 8931722 2022121715
0.00 0 0 0 1755 8931722 2022121715
0.00 0 0 0 1755 8931722 2022121715
0.00 0 0 0 1755 8931722 2022121715
0.00 0 0 0 1755 8931722 2022121715
0.00 0 0 0 1755 8931722 2022121715
0.00 0 0 0 1755 8931722 2022121715
0.00 0 0 0 1755 8931722 2022121715
0.00 0 0 0 1755 8931722 2022121715
0.00 0 0 0 1755 8931722 2022121715
0.00 0 0 0 1755 8931722 2022121715
0.00 0 0 0 1755 8931722 2022121715
0.00 0 0 0 1755 8931722 2022121715
0.00 0 0 0 1755 8931722 2022121715
0.00 0 0 0 1755 8931722 2022121715
0.00 0 0 0 1755 8931722 2022121715
0.00 0 0 0 1755 8931722 2022121715
0.00 0 0 0 1755 8931722 2022121715
0.00 0 0 0 1755 8931722 2022121715
0.00 0 0 0 1755 8931722 2022121715
0.00 0 0 0 1755 8931722 2022121715
0.00 0 0 0 1755 8931722 2022121715
0.00 0 0 0 1755 8931722 2022121715
0.00 0 0 0 1755 8931722 2022121715
0.00 0 0 0 1755 8931722 2022121715
0.00 0 0 0 1755 8931722 2022121715
0.00 0 0 0 1755 8931722 2022121715
0.00 0 0 0 1755 8931722 2022121715
0.00 0 0 0 1755 8931722 2022121715
0.00 0 0 0 1755 8931722 2022121715
0.00 0 0 0 1755 8931722 2022121715
0.00 0 0 0 1755 8931722 2022121715
0.00 0 0 0 1755 8931722 2022121715
0.00 0 0 0 1755 8931722 2022121715
0.00 0 0 0 1755 8931722 2022121715
0.00 0 0 0 1755 8931722 2022121715
0.00 0 0 0 1755 8931722 2022121715
0.00 0 0 0 1755 8931722 2022121715
0.00 0 0 0 1755 8931722 2022121715
0.00 0 0 0 1755 8931722 2022121715
0.00 0 0 0 1755 8931722 2022121715
0.00 0 0 0 1755 8931722 2022121715
0.00 0 0 0 1755 8931722 2022121715
0.00 0 0 0 1755 8931722 2022121715
0.00 0 0 0 1755 8931722 2022121715
0.00 0 0 0 1755 8931722 2022121715
0.00 0 0 0 1755 8931722 2022121715
0.00 0 0 0 1755 8931722 2022121715
0.00 0 0 0 1755 8931722 2022121715
0.00 0 0 0 1755 8931722 2022121715
0.00 0 0 0 1755 8931722 2022121715
0.00 0 0 0 1755 8931722 2022121715
0.00 0 0 0 1755 8931722 2022121715
0.00 0 0 0 1755 8931722 2022121715
0.00 0 0 0 1755 8931722 2022121715
0.00 0 0 0 1755 8931722 2022121715
0.00 0 0 0 1755 8931722 2022121715
0.00 0 0 0 1755 8931722 2022121715
0.00 0 0 0 1755 8931722 2022121715
0.00 0 0 0 1755 8931722 2022121715
0.00 0 0 0 1755 8931722 2022121715
0.00 0 0 0 1755 8931722 2022121715
0.00 0 0 0 1755 8931722 2022121715
0.00 0 0 0 1755 8931722 2022121715
0.00 0 0 0 1755 8931722 2022121715
0.00 0 0 0 1755 8931722 2022121715
0.00 0 0 0 1755 8931722 2022121715
0.00 0 0 0 1755 8931722 2022121715
0.00 0 0 0 1755 8931722 2022121715
0.00 0 0 0 1755 8931722 2022121715
0.00 0 0 0 1755 8931722 2022121715
0.00 0 0 0 1755 8931722 2022121715
0.00 0 0 0 1755 8931722 2022121715
0.00 0 0 0 1755 8931722 2022121715
0.00 0 0 0 1755 8931722 2022121715
0.00 0 0 0 1755 8931722 2022121715
0.00 0 0 0 1755 8931722 2022121715
0.00 0 0 0 1755 8931722 2022121715
0.00 0 0 0 1755 8931722 2022121715
0.00 0 0 0 1755 8931722 2022121715
0.00 0 0 0 1755 8931722 2022121715
0.00 0 0 0 1755 8931722 2022121715
103 10 0 5 1108 113017 2022121715
0.00 0 0 0 1108 113017 2022121715
46.8 5 0 64 132 119175 2022121715
26.0 3 0 93 1203 119616 2022121715
0.00 0 0 0 1203 119616 2022121715
62.9 6 0 0 1203 174686 2022121715
126 12 0 0 1203 174686 2022121715
0.00 0 0 0 1203 174686 2022121715
39.9 4 1 0 1214 117222 2022121715
15.6 2 0 0 1225 118785 2022121715
77.9 8 0 0 1241 117723 2022121715
62.4 6 0 0 1253 118219 2022121715
140 14 0 0 1281 117538 2022121715
62.4 6 0 0 1292 118061 2022121715
67.6 7 0 0 1304 118532 2022121715
77.9 8 0 0 1311 118011 2022121715
62.4 6 0 0 1341 179172 2022121715
46.8 5 0 0 1341 117102 2022121715
62.4 6 0 0 1354 117101 2022121715
26.0 3 0 0 1374 117088 2022121715
145 15 0 0 1402 117631 2022121715
72.7 7 0 0 1424 117108 2022121715
0.00 0 0 0 1424 117108 2022121715
156 15 0 0 1457 119086 2022121715
0.00 0 0 0 1457 119086 2022121715
0.00 0 0 0 1457 119086 2022121715
0.00 0 0 0 1457 119086 2022121715
0.00 0 0 0 1457 119086 2022121715
331 32 0 5 13 119126 2022121715
0.00 0 0 0 13 119126 2022121715
0.00 0 0 0 13 119126 2022121715
0.00 0 0 0 13 119126 2022121715
0.00 0 0 0 13 119126 2022121715
0.00 0 0 0 13 119126 2022121715
0.00 0 0 0 13 119126 2022121715
0.00 0 0 0 13 119126 2022121715
0.00 0 0 0 13 119126 2022121715
0.00 0 0 0 13 119126 2022121715
0.00 0 0 0 13 119126 2022121715
0.00 0 0 0 13 119126 2022121715
0.00 0 0 0 13 119126 2022121715
0.00 0 0 0 13 119126 2022121715
0.00 0 0 0 13 119126 2022121715
0.00 0 0 0 13 119126 2022121715
0.00 0 0 0 13 119126 2022121715
0.00 0 0 0 13 119126 2022121715
0.00 0 0 0 13 119126 2022121715
0.00 0 0 0 13 119126 2022121715
0.00 0 0 0 13 119126 2022121715
0.00 0 0 0 13 119126 2022121715
0.00 0 0 0 13 119126 2022121715
0.00 0 0 0 13 119126 2022121715
0.00 0 0 0 13 119126 2022121715
0.00 0 0 0 13 119126 2022121715
0.00 0 0 0 13 119126 2022121715
0.00 0 0 0 13 119126 2022121715
0.00 0 0 0 13 119126 2022121715
0.00 0 0 0 13 119126 2022121715
0.00 0 0 0 13 119126 2022121715
0.00 0 0 0 13 119126 2022121715
0.00 0 0 0 13 119126 2022121715
0.00 0 0 0 13 119126 2022121715
0.00 0 0 0 13 119126 2022121715
0.00 0 0 0 13 119126 2022121715
0.00 0 0 0 13 119126 2022121715
0.00 0 0 0 13 119126 2022121715
0.00 0 0 0 13 119126 2022121715
0.00 0 0 0 13 119126 2022121715
0.00 0 0 0 13 119126 2022121715
0.00 0 0 0 13 119126 2022121715
0.00 0 0 0 13 119126 2022121715
0.00 0 0 0 13 119126 2022121715
0.00 0 0 0 13 119126 2022121715
0.00 0 0 0 13 119126 2022121715
0.00 0 0 0 13 119126 2022121715
0.00 0 0 0 13 119126 2022121715
0.00 0 0 0 13 119126 2022121715
0.00 0 0 0 13 119126 2022121715
0.00 0 0 0 13 119126 2022121715
0.00 0 0 0 13 119126 2022121715
0.00 0 0 0 13 119126 2022121715
0.00 0 0 0 13 119126 2022121715
0.00 0 0 0 13 119126 2022121715
0.00 0 0 0 13 119126 2022121715
0.00 0 0 0 13 119126 2022121715
0.00 0 0 0 13 119126 2022121715
0.00 0 0 0 13 119126 2022121715
0.00 0 0 0 13 119126 2022121715
0.00 0 0 0 13 119126 2022121715
0.00 0 0 0 13 119126 2022121715
0.00 0 0 0 13 119126 2022121715
0.00 0 0 0 13 119126 2022121715
0.00 0 0 0 13 119126 2022121715
0.00 0 0 0 13 119126 2022121715
0.00 0 0 0 13 119126 2022121715
0.00 0 0 0 13 119126 2022121715
0.00 0 0 0 13 119126 2022121715
0.00 0 0 0 13 119126 2022121715
0.00 0 0 0 13 119126 2022121715
0.00 0 0 0 13 119126 2022121715
0.00 0 0 0 13 119126 2022121715
0.00 0 0 0 13 119126 2022121715
0.00 0 0 0 13 119126 2022121715
0.00 0 0 0 13 119126 2022121715
0.00 0 0 0 13 119126 2022121715
0.00 0 0 0 13 119126 2022121715
0.00 0 0 0 13 119126 2022121715
0.00 0 0 0 13 119126 2022121715
0.00 0 0 0 13 119126 2022121715
0.00 0 0 0 13 119126 2022121715
0.00 0 0 0 13 119126 2022121715
0.00 0 0 0 13 119126 2022121715
0.00 0 0 0 13 119126 2022121715
0.00 0 0 0 13 119126 2022121715
0.00 0 0 0 13 119126 2022121715
0.00 0 0 0 13 119126 2022121715
0.00 0 0 0 13 119126 2022121715
0.00 0 0 0 13 119126 2022121715
0.00 0 0 0 13 119126 2022121715
0.00 0 0 0 13 119126 2022121715
0.00 0 0 0 13 119126 2022121715
0.00 0 0 0 13 119126 2022121715
0.00 0 0 0 13 119126 2022121715
0.00 0 0 0 13 119126 2022121715
0.00 0 0 0 13 119126 2022121715
0.00 0 0 0 13 119126 2022121715
0.00 0 0 0 13 119126 2022121715
0.00 0 0 0 13 119126 2022121715
0.00 0 0 0 13 119126 2022121715
0.00 0 0 0 13 119126 2022121715
0.00 0 0 0 13 119126 2022121715
0.00 0 0 0 13 119126 2022121715
0.00 0 0 0 13 119126 2022121715
0.00 0 0 0 13 119126 2022121715
0.00 0 0 0 13 119126 2022121715
334 32 0 0 55 119789 2022121715
0.00 0 0 0 55 119789 2022121715
0.00 0 0 0 55 119789 2022121715
0.00 0 1 0 110 119789 2022121715
5.20 1 0 0 220 118940 2022121715
0.00 0 1 0 278 119400 2022121715
10.4 2 0 0 555 118729 2022121715
10.4 1 0 0 882 117856 2022121715
36.4 4 0 0 1061 116927 2022121715
15.6 2 0 0 1085 118116 2022121715
130 13 0 0 1114 116869 2022121715
46.8 5 0 0 1119 117980 2022121715
57.2 6 0 0 1125 119052 2022121715
77.9 8 0 0 1130 116949 2022121715
104 11 0 0 1138 119293 2022121715
77.9 8 0 0 1145 117266 2022121715
46.8 5 0 0 1148 118011 2022121715
62.4 6 0 0 1154 118024 2022121715
93.5 9 0 0 1161 118266 2022121715
93.5 9 0 0 1165 118135 2022121715
62.4 6 0 0 1167 114442 2022121715
62.4 6 0 0 1170 114100 2022121715
130 13 0 0 1176 117900 2022121715
62.4 6 0 0 1177 117200 2022121715
62.4 6 0 0 1180 117884 2022121715
67.6 7 0 0 1184 117899 2022121715
62.4 6 0 0 1189 118195 2022121715
98.7 10 0 0 1192 117839 2022121715
130 13 0 0 1196 117861 2022121715
62.4 6 0 0 1198 117913 2022121715
62.4 6 0 0 1201 117886 2022121715
72.7 7 0 0 1203 117116 2022121715
125 13 0 1 79 116922 2022121715
0.00 0 1 0 842 118901 2022121715
98.7 10 0 0 852 116937 2022121715
0.00 0 1 0 856 118945 2022121715
104 11 0 0 871 117190 2022121715
31.2 3 0 0 875 118899 2022121715
72.7 7 0 0 882 117507 2022121715
36.4 4 0 0 888 117052 2022121715
104 11 0 0 899 117509 2022121715
41.6 4 0 0 903 117357 2022121715
31.2 3 0 0 905 118935 2022121715
77.9 8 0 0 912 113956 2022121715
72.7 8 0 0 919 120856 2022121715
72.7 7 0 0 925 113080 2022121715
41.6 4 0 0 929 121591 2022121715
31.2 3 0 0 936 113589 2022121715
83.1 8 0 0 939 120923 2022121715
31.2 3 0 0 941 116851 2022121715
83.1 8 0 0 947 118505 2022121715
72.7 7 0 0 952 117063 2022121715
72.7 8 0 0 958 119464 2022121715
77.9 8 0 0 959 117819 2022121715
41.6 4 0 0 965 117763 2022121715
36.4 4 0 0 966 119365 2022121715
120 12 0 0 972 117939 2022121715
41.6 4 0 0 974 119531 2022121715
77.9 8 0 0 979 118068 2022121715
41.6 4 0 0 980 118151 2022121715
114 11 0 0 985 118012 2022121715
41.6 4 0 0 987 117916 2022121715
41.6 4 0 0 988 119519 2022121715
77.9 8 0 0 992 117755 2022121715
88.3 9 0 0 995 119063 2022121715
72.7 7 0 0 998 117824 2022121715
41.6 4 0 0 999 118181 2022121715
46.8 5 0 0 1001 116579 2022121715
120 12 0 0 1003 117929 2022121715
41.6 4 0 0 1005 118288 2022121715
77.9 8 0 0 1006 117279 2022121715
41.6 4 0 0 1007 117965 2022121715
125 13 0 0 1010 117808 2022121715
0.00 0 0 0 1010 117808 2022121715
125 13 0 0 1012 117806 2022121715
41.6 4 0 0 1013 119251 2022121715
77.9 8 0 0 1014 117189 2022121715
41.6 4 0 0 1014 117551 2022121715
125 13 0 0 1017 117009 2022121715
41.6 4 0 0 1017 117772 2022121715
46.8 5 0 0 1019 119267 2022121715
77.9 8 0 0 1019 117222 2022121715
88.3 9 0 0 1020 119205 2022121715
72.7 7 0 0 1020 117522 2022121715
46.8 5 0 0 1021 113721 2022121715
46.8 5 0 0 1021 122465 2022121715
120 12 0 0 1021 118209 2022121715
46.8 5 0 0 1021 117949 2022121715
72.7 7 0 0 1023 118138 2022121715
46.8 5 0 0 1023 118107 2022121715
120 12 0 0 1023 118003 2022121715
46.8 5 0 0 1023 117890 2022121715
46.8 5 0 0 1023 119463 2022121715
72.7 7 0 0 1023 117727 2022121715
93.5 10 0 0 1023 119392 2022121715
72.7 7 0 0 1023 117424 2022121715
46.8 5 0 0 1023 117786 2022121715
46.8 5 0 0 1023 119203 2022121715
120 12 0 0 1023 117726 2022121715
46.8 5 0 0 1023 119628 2022121715
72.7 7 0 0 1023 117791 2022121715
46.8 5 0 0 1023 117883 2022121715
120 12 0 0 1023 118978 2022121715
46.8 5 0 0 1023 117265 2022121715
46.8 5 0 0 1023 117436 2022121715
72.7 7 0 0 1023 117826 2022121715
88.3 9 0 0 1023 117232 2022121715
52.0 5 0 0 1023 117444 2022121715
52.0 5 0 0 1023 117243 2022121715
46.8 5 0 0 1023 114163 2022121715
93.5 10 0 0 1023 117321 2022121715
46.8 5 0 0 1023 117245 2022121715
46.8 5 0 0 1023 117246 2022121715
52.0 5 0 0 1023 117112 2022121715
88.3 9 0 0 1023 117222 2022121715
46.8 5 0 0 1023 117093 2022121715
46.8 5 0 0 1023 117671 2022121715
46.8 5 0 0 1023 117334 2022121715
83.1 8 0 0 1023 117304 2022121715
0.00 0 0 0 1023 117304 2022121715
114 12 0 0 1023 117186 2022121715
46.8 5 0 0 1023 117311 2022121715
46.8 5 0 0 1023 117282 2022121715
46.8 5 0 0 1023 117015 2022121715
93.5 10 0 0 1023 117293 2022121715
46.8 5 0 0 1023 117170 2022121715
36.4 4 0 0 1023 116892 2022121715
46.8 5 0 0 1023 116979 2022121715
93.5 10 0 0 1023 116994 2022121715
46.8 5 0 0 1023 117038 2022121715
52.0 5 0 0 1023 116940 2022121715
46.8 5 0 0 1023 116974 2022121715
41.6 4 0 0 1023 117064 2022121715
72.7 7 0 0 1023 117044 2022121715
93.5 10 0 0 1023 117578 2022121715
46.8 5 0 0 1023 117105 2022121715
46.8 5 0 0 1023 117157 2022121715
41.6 4 0 0 1023 117492 2022121715
88.3 9 0 0 1023 117414 2022121715
41.6 4 0 0 1023 117519 2022121715
41.6 4 0 0 1023 117048 2022121715
46.8 5 0 0 1023 117304 2022121715
62.4 6 0 0 1023 117310 2022121715
46.8 5 0 0 1023 117064 2022121715
46.8 5 0 0 1023 117150 2022121715
46.8 5 0 0 1023 117390 2022121715
93.5 10 0 0 1023 117237 2022121715
46.8 5 0 0 1023 117333 2022121715
41.6 4 0 0 1023 117172 2022121715
46.8 5 0 0 1023 117193 2022121715
98.7 10 0 0 1023 117420 2022121715
46.8 5 0 0 1023 117391 2022121715
26.0 3 0 0 1023 117241 2022121715
46.8 5 0 0 1023 117646 2022121715
88.3 9 0 0 1023 117731 2022121715
46.8 5 0 0 1023 117441 2022121715
41.6 4 0 0 1023 117513 2022121715
52.0 5 0 0 1023 117470 2022121715
36.4 4 0 0 1023 117662 2022121715
77.9 8 0 0 511 119482 2022121715
0.00 0 0 0 511 119482 2022121715
0.00 0 0 0 511 119482 2022121715
0.00 0 0 0 511 119482 2022121715
0.00 0 0 0 511 119482 2022121715
0.00 0 0 0 511 119482 2022121715
0.00 0 0 0 511 119482 2022121715
0.00 0 0 0 511 119482 2022121715
0.00 0 0 0 511 119482 2022121715
0.00 0 0 0 511 119482 2022121715
330 32 0 1 168 118849 2022121715
0.00 0 1 16 23 119306 2022121715
0.00 0 1 2 24 118893 2022121715
0.00 0 1 19 26 120257 2022121715
0.00 0 2 19 26 120077 2022121715
0.00 0 1 25 34 120634 2022121715
5.20 1 0 18 38 120369 2022121715
0.00 0 1 13 42 120247 2022121715
5.20 1 1 40 37 120017 2022121715
0.00 0 1 13 35 120008 2022121715
5.20 1 0 28 38 120510 2022121715
0.00 0 1 13 34 120175 2022121715
5.20 1 1 33 30 120689 2022121715
0.00 0 1 122 441 123872 2022121715
5.20 1 0 0 441 123872 2022121715
0.00 0 1 0 441 123872 2022121715
5.20 1 1 0 441 123872 2022121715
0.00 0 1 0 441 123872 2022121715
0.00 0 1 0 441 123872 2022121715
5.20 1 0 0 441 123872 2022121715
0.00 0 2 0 441 123872 2022121715
5.20 1 0 0 441 123872 2022121715
0.00 0 1 0 441 123872 2022121715
5.20 1 0 0 441 123872 2022121715
0.00 0 2 0 441 123872 2022121715
0.00 0 0 0 441 123872 2022121715
36.4 4 0 0 441 123872 2022121715
20.8 2 0 0 441 123872 2022121715
36.4 4 0 0 441 123872 2022121715
15.6 2 0 0 441 123872 2022121715
15.6 2 0 0 441 123872 2022121715
15.6 2 0 0 441 123872 2022121715
41.6 4 0 0 441 123872 2022121715
15.6 2 0 0 441 123872 2022121715
20.8 2 0 0 441 123872 2022121715
10.4 1 0 0 441 123872 2022121715
31.2 3 0 0 441 123872 2022121715
5.20 1 0 0 441 123872 2022121715
36.4 4 0 0 441 123872 2022121715
20.8 2 0 0 441 123872 2022121715
15.6 2 0 0 441 123872 2022121715
20.8 2 0 0 441 123872 2022121715
15.6 2 0 0 441 123872 2022121715
26.0 3 0 0 441 123872 2022121715
40.5 2452 27 563 441 123872 2022121715
