13.7 2 0 0 27 89988 2022121702
10.4 1 1 0 55 89061 2022121702
25.2 3 0 0 110 94160 2022121702
63.0 7 0 0 220 92125 2022121702
67.6 7 0 0 392 88923 2022121702
72.7 7 0 0 413 88817 2022121702
57.2 6 0 0 444 89255 2022121702
46.8 5 0 0 478 89181 2022121702
46.8 5 1 0 501 88773 2022121702
52.0 5 0 0 526 89683 2022121702
52.0 6 0 0 552 89214 2022121702
83.1 9 0 0 580 90575 2022121702
93.5 9 0 0 612 89349 2022121702
0.00 0 1 0 639 88989 2022121702
109 11 0 0 671 96678 2022121702
77.9 8 0 0 726 88816 2022121702
57.2 6 0 0 773 89073 2022121702
57.2 6 0 0 783 89025 2022121702
67.6 7 0 0 843 91255 2022121702
67.6 7 0 0 883 91879 2022121702
93.5 9 0 0 930 89318 2022121702
46.8 5 0 0 970 88902 2022121702
130 13 0 0 1043 94154 2022121702
26.0 3 0 0 1068 100352 2022121702
125 13 0 0 1123 99373 2022121702
130 13 0 0 1205 96136 2022121702
10.4 1 0 0 1236 99567 2022121702
140 14 0 4 668 99775 2022121702
46.8 5 0 0 723 101957 2022121702
62.4 6 0 0 745 95855 2022121702
62.4 6 1 0 762 99015 2022121702
62.4 6 0 0 780 95451 2022121702
57.2 6 0 0 792 96449 2022121702
67.6 7 0 0 808 98835 2022121702
62.4 6 0 0 821 95813 2022121702
67.6 7 0 0 835 98159 2022121702
67.6 7 1 0 849 99177 2022121702
67.6 7 0 0 863 96311 2022121702
72.7 8 0 0 876 99303 2022121702
67.6 7 1 0 890 99233 2022121702
67.6 7 0 0 899 97473 2022121702
52.0 5 0 168 628 99742 2022121702
10.4 1 0 0 628 99787 2022121702
104 10 1 0 639 94882 2022121702
46.8 5 0 38 110 98253 2022121702
5.20 1 0 6 88 99760 2022121702
52.0 6 0 0 446 100044 2022121702
36.4 4 1 0 460 96497 2022121702
5.20 1 0 0 460 98052 2022121702
77.9 8 0 0 464 98654 2022121702
31.2 3 1 0 472 96146 2022121702
0.00 0 1 0 472 97797 2022121702
83.1 9 0 0 477 98427 2022121702
31.2 3 1 0 485 95774 2022121702
5.20 1 0 0 485 97597 2022121702
83.1 9 0 0 489 98379 2022121702
31.2 3 1 0 496 95363 2022121702
5.20 1 0 0 496 97350 2022121702
83.1 9 0 0 499 98016 2022121702
31.2 3 1 0 504 95241 2022121702
5.20 1 0 0 504 99225 2022121702
88.3 9 0 0 507 97748 2022121702
31.2 3 1 0 512 95339 2022121702
5.20 1 0 0 512 97377 2022121702
88.3 9 0 0 515 99626 2022121702
31.2 3 1 0 518 95386 2022121702
5.20 1 0 0 518 97991 2022121702
88.3 9 0 0 521 99149 2022121702
36.4 4 1 0 523 95311 2022121702
0.00 0 1 0 523 97647 2022121702
83.1 8 0 0 526 98153 2022121702
41.6 5 0 40 368 102980 2022121702
5.20 1 0 0 325 117745 2022121702
0.00 0 1 0 368 117487 2022121702
52.0 5 0 0 368 118520 2022121702
20.8 3 0 0 368 113283 2022121702
10.4 1 0 0 368 117186 2022121702
20.8 2 0 0 368 117101 2022121702
15.6 2 0 0 368 117034 2022121702
31.2 3 0 0 368 117470 2022121702
10.4 1 0 0 368 117682 2022121702
15.6 2 0 0 368 117398 2022121702
15.6 2 0 0 368 117451 2022121702
31.2 4 0 0 368 117387 2022121702
10.4 1 0 0 368 117363 2022121702
20.8 2 0 0 368 117266 2022121702
10.4 1 0 0 368 117562 2022121702
36.4 4 0 0 368 117349 2022121702
5.20 1 0 0 368 113860 2022121702
15.6 2 0 0 368 117251 2022121702
15.6 2 0 0 368 113396 2022121702
31.2 3 0 0 368 117438 2022121702
15.6 2 0 0 368 117163 2022121702
15.6 2 0 0 368 117413 2022121702
15.6 2 0 0 368 117331 2022121702
31.2 4 0 0 368 117387 2022121702
20.8 2 0 0 368 117436 2022121702
10.4 1 0 0 368 117242 2022121702
15.6 2 0 0 368 117359 2022121702
26.0 3 0 0 368 117276 2022121702
15.6 2 0 0 368 117490 2022121702
15.6 2 0 0 368 117330 2022121702
15.6 2 0 0 368 117304 2022121702
31.2 3 0 0 368 117406 2022121702
10.4 1 0 0 368 113611 2022121702
15.6 2 0 0 368 113497 2022121702
15.6 2 0 0 368 117422 2022121702
31.2 4 0 0 368 117602 2022121702
15.6 2 0 0 368 117081 2022121702
15.6 2 0 0 372 118285 2022121702
20.8 2 0 0 376 117075 2022121702
41.6 5 0 0 380 117276 2022121702
15.6 2 0 0 380 117640 2022121702
20.8 2 0 0 380 117429 2022121702
15.6 2 0 0 380 117395 2022121702
26.0 3 0 0 380 117286 2022121702
15.6 2 0 0 380 121418 2022121702
15.6 2 0 0 380 117523 2022121702
15.6 2 0 0 388 121860 2022121702
31.2 4 0 0 406 121274 2022121702
20.8 2 0 0 409 118181 2022121702
26.0 3 0 0 412 116586 2022121702
26.0 3 0 0 415 116979 2022121702
31.2 4 0 0 419 118858 2022121702
26.0 3 0 0 420 117914 2022121702
26.0 3 0 0 423 117868 2022121702
15.6 2 0 0 424 123021 2022121702
52.0 5 0 0 427 121659 2022121702
20.8 2 0 0 428 119170 2022121702
26.0 3 0 0 430 117540 2022121702
26.0 3 0 0 431 117760 2022121702
41.6 5 0 0 434 117596 2022121702
26.0 3 0 0 434 117635 2022121702
20.8 2 0 0 435 118804 2022121702
26.0 3 0 0 437 117398 2022121702
41.6 5 0 0 438 118715 2022121702
31.2 3 0 0 439 117636 2022121702
20.8 2 0 0 439 117241 2022121702
20.8 2 0 0 441 118651 2022121702
52.0 5 0 0 442 113257 2022121702
20.8 2 0 0 444 118363 2022121702
26.0 3 0 0 444 117473 2022121702
26.0 3 0 0 444 119235 2022121702
31.2 4 0 0 445 117816 2022121702
26.0 3 0 0 445 116887 2022121702
26.0 3 0 0 445 117256 2022121702
10.4 1 0 0 445 117582 2022121702
46.8 5 0 0 446 117218 2022121702
26.0 3 0 0 446 117725 2022121702
26.0 3 0 0 446 117018 2022121702
20.8 2 0 0 446 117141 2022121702
52.0 6 0 0 446 117420 2022121702
10.4 1 0 0 446 117693 2022121702
20.8 2 0 0 446 117386 2022121702
15.6 2 0 0 446 117334 2022121702
41.8 4 0 0 446 117341 2022121702
5.01 1 0 0 223 2084484 2022121702
0.00 0 0 0 223 2084484 2022121702
0.00 0 0 0 223 2084484 2022121702
0.00 0 0 0 223 2084484 2022121702
0.00 0 0 0 223 2084484 2022121702
0.00 0 0 0 223 2084484 2022121702
0.00 0 0 0 223 2084484 2022121702
0.00 0 0 0 223 2084484 2022121702
0.00 0 0 0 223 2084484 2022121702
0.00 0 0 0 223 2084484 2022121702
0.00 0 0 0 223 2084484 2022121702
0.00 0 0 0 223 2084484 2022121702
0.00 0 0 0 223 2084484 2022121702
0.00 0 0 0 223 2084484 2022121702
0.00 0 0 0 223 2084484 2022121702
0.00 0 0 0 223 2084484 2022121702
105 10 0 0 223 2084484 2022121702
0.00 0 0 0 223 2084484 2022121702
0.00 0 0 0 223 2084484 2022121702
0.00 0 0 0 223 2084484 2022121702
0.00 0 0 0 223 2084484 2022121702
0.00 0 0 0 223 2084484 2022121702
0.00 0 0 0 223 2084484 2022121702
0.00 0 0 0 223 2084484 2022121702
0.00 0 0 0 223 2084484 2022121702
0.00 0 0 0 223 2084484 2022121702
0.00 0 0 0 223 2084484 2022121702
0.00 0 0 0 223 2084484 2022121702
0.00 0 0 0 223 2084484 2022121702
0.00 0 0 0 223 2084484 2022121702
0.00 0 0 0 223 2084484 2022121702
0.00 0 0 0 223 2084484 2022121702
0.00 0 0 0 223 2084484 2022121702
0.00 0 0 0 223 2084484 2022121702
0.00 0 0 0 223 2084484 2022121702
0.00 0 0 0 223 2084484 2022121702
0.00 0 0 0 223 2084484 2022121702
0.00 0 0 0 223 2084484 2022121702
0.00 0 0 0 223 2084484 2022121702
0.00 0 0 0 223 2084484 2022121702
0.00 0 0 0 223 2084484 2022121702
0.00 0 0 0 223 2084484 2022121702
0.00 0 0 0 223 2084484 2022121702
0.00 0 0 0 223 2084484 2022121702
0.00 0 0 0 223 2084484 2022121702
0.00 0 0 0 223 2084484 2022121702
0.00 0 0 0 223 2084484 2022121702
0.00 0 0 0 223 2084484 2022121702
0.00 0 0 0 223 2084484 2022121702
0.00 0 0 0 223 2084484 2022121702
0.00 0 0 0 223 2084484 2022121702
0.00 0 0 0 223 2084484 2022121702
0.00 0 0 0 223 2084484 2022121702
0.00 0 0 0 223 2084484 2022121702
0.00 0 0 0 223 2084484 2022121702
0.00 0 0 0 223 2084484 2022121702
0.00 0 0 0 223 2084484 2022121702
0.00 0 0 0 223 2084484 2022121702
0.00 0 0 0 223 2084484 2022121702
0.00 0 0 0 223 2084484 2022121702
0.00 0 0 0 223 2084484 2022121702
0.00 0 0 0 223 2084484 2022121702
0.00 0 0 0 223 2084484 2022121702
0.00 0 0 0 223 2084484 2022121702
0.00 0 0 0 223 2084484 2022121702
0.00 0 0 0 223 2084484 2022121702
0.00 0 0 0 223 2084484 2022121702
0.00 0 0 0 223 2084484 2022121702
0.00 0 0 0 223 2084484 2022121702
0.00 0 0 0 223 2084484 2022121702
0.00 0 0 0 223 2084484 2022121702
0.00 0 0 0 223 2084484 2022121702
0.00 0 0 0 223 2084484 2022121702
0.00 0 0 0 223 2084484 2022121702
0.00 0 0 0 223 2084484 2022121702
0.00 0 0 0 223 2084484 2022121702
0.00 0 0 0 223 2084484 2022121702
0.00 0 0 0 223 2084484 2022121702
0.00 0 0 0 223 2084484 2022121702
109 11 0 0 619 7606382 2022121702
0.00 0 0 0 641 7606382 2022121702
0.00 0 0 0 641 7606382 2022121702
0.00 0 0 0 641 7606382 2022121702
0.00 0 0 0 641 7606382 2022121702
0.00 0 0 0 641 7606382 2022121702
0.00 0 0 0 641 7606382 2022121702
147 14 0 0 641 7606382 2022121702
0.00 0 0 0 641 7606382 2022121702
0.00 0 0 0 641 7606382 2022121702
0.00 0 0 0 641 7606382 2022121702
0.00 0 0 0 641 7606382 2022121702
0.00 0 0 0 641 7606382 2022121702
0.00 0 0 0 641 7606382 2022121702
0.00 0 0 0 641 7606382 2022121702
0.00 0 0 0 641 7606382 2022121702
0.00 0 0 0 641 7606382 2022121702
0.00 0 0 0 641 7606382 2022121702
0.00 0 0 0 641 7606382 2022121702
0.00 0 0 0 641 7606382 2022121702
0.00 0 0 0 641 7606382 2022121702
0.00 0 0 [ ID] Interval Transfer Bandwidth Write Err Rtry Cwnd RTT 2022121702
224 22 0 0 967 4156261 2022121702
0.00 0 0 0 967 4156261 2022121702
0.00 0 0 0 967 4156261 2022121702
0.00 0 0 0 967 4156261 2022121702
0.00 0 0 0 967 4156261 2022121702
0.00 0 0 0 967 4156261 2022121702
0.00 0 0 0 967 4156261 2022121702
0.00 0 0 0 967 4156261 2022121702
0.00 0 0 0 967 4156261 2022121702
0.00 0 0 0 967 4156261 2022121702
0.00 0 0 0 967 4156261 2022121702
325 31 0 0 967 4156261 2022121702
0.00 0 0 0 967 4156261 2022121702
0.00 0 0 0 967 4156261 2022121702
0.00 0 0 0 967 4156261 2022121702
0.00 0 0 0 967 4156261 2022121702
0.00 0 0 0 967 4156261 2022121702
0.00 0 0 0 967 4156261 2022121702
0.00 0 0 0 967 4156261 2022121702
0.00 0 0 0 967 4156261 2022121702
0.00 0 0 0 967 4156261 2022121702
0.00 0 0 0 967 4156261 2022121702
0.00 0 0 0 967 4156261 2022121702
0.00 0 0 0 967 4156261 2022121702
0.00 0 0 0 967 4156261 2022121702
0.00 0 0 0 967 4156261 2022121702
0.00 0 0 0 967 4156261 2022121702
0.00 0 0 0 967 4156261 2022121702
0.00 0 0 0 967 4156261 2022121702
0.00 0 0 0 967 4156261 2022121702
0.00 0 0 0 967 4156261 2022121702
0.00 0 0 0 967 4156261 2022121702
0.00 0 0 0 967 4156261 2022121702
0.00 0 0 0 967 4156261 2022121702
0.00 0 0 0 967 4156261 2022121702
0.00 0 0 0 967 4156261 2022121702
0.00 0 0 0 967 4156261 2022121702
0.00 0 0 0 967 4156261 2022121702
0.00 0 0 0 967 4156261 2022121702
0.00 0 0 0 967 4156261 2022121702
0.00 0 0 0 967 4156261 2022121702
0.00 0 0 0 967 4156261 2022121702
0.00 0 0 0 967 4156261 2022121702
0.00 0 0 0 967 4156261 2022121702
0.00 0 0 0 967 4156261 2022121702
0.00 0 0 0 967 4156261 2022121702
0.00 0 0 0 967 4156261 2022121702
0.00 0 0 0 967 4156261 2022121702
0.00 0 0 0 967 4156261 2022121702
0.00 0 0 0 967 4156261 2022121702
0.00 0 0 0 967 4156261 2022121702
0.00 0 0 0 967 4156261 2022121702
0.00 0 0 0 967 4156261 2022121702
0.00 0 0 0 967 4156261 2022121702
0.00 0 0 0 967 4156261 2022121702
0.00 0 0 0 967 4156261 2022121702
0.00 0 0 0 967 4156261 2022121702
0.00 0 0 0 967 4156261 2022121702
0.00 0 0 0 967 4156261 2022121702
0.00 0 0 0 967 4156261 2022121702
0.00 0 0 0 967 4156261 2022121702
0.00 0 0 0 967 4156261 2022121702
0.00 0 0 0 967 4156261 2022121702
0.00 0 0 0 967 4156261 2022121702
0.00 0 0 0 967 4156261 2022121702
0.00 0 0 0 967 4156261 2022121702
0.00 0 0 0 967 4156261 2022121702
0.00 0 0 0 967 4156261 2022121702
0.00 0 0 0 967 4156261 2022121702
0.00 0 0 0 967 4156261 2022121702
0.00 0 0 0 967 4156261 2022121702
0.00 0 0 0 967 4156261 2022121702
0.00 0 0 0 967 4156261 2022121702
0.00 0 0 0 967 4156261 2022121702
0.00 0 0 0 967 4156261 2022121702
0.00 0 0 0 967 4156261 2022121702
0.00 0 0 0 967 4156261 2022121702
0.00 0 0 0 967 4156261 2022121702
0.00 0 0 0 967 4156261 2022121702
0.00 0 0 0 967 4156261 2022121702
0.00 0 0 0 967 4156261 2022121702
0.00 0 0 0 967 4156261 2022121702
0.00 0 0 0 967 4156261 2022121702
0.00 0 0 0 967 4156261 2022121702
0.00 0 0 0 967 4156261 2022121702
0.00 0 0 0 967 4156261 2022121702
0.00 0 0 0 967 4156261 2022121702
0.00 0 0 0 967 4156261 2022121702
0.00 0 0 0 967 4156261 2022121702
0.00 0 0 0 967 4156261 2022121702
0.00 0 0 0 967 4156261 2022121702
0.00 0 0 0 967 4156261 2022121702
0.00 0 0 0 967 4156261 2022121702
0.00 0 0 0 967 4156261 2022121702
0.00 0 0 0 967 4156261 2022121702
0.00 0 0 0 967 4156261 2022121702
0.00 0 0 0 967 4156261 2022121702
0.00 0 0 0 967 4156261 2022121702
0.00 0 0 0 967 4156261 2022121702
0.00 0 0 0 967 4156261 2022121702
0.00 0 0 0 967 4156261 2022121702
0.00 0 0 0 967 4156261 2022121702
0.00 0 0 0 967 4156261 2022121702
0.00 0 0 0 967 4156261 2022121702
0.00 0 0 0 967 4156261 2022121702
0.00 0 0 0 967 4156261 2022121702
0.00 0 0 0 967 4156261 2022121702
0.00 0 0 0 967 4156261 2022121702
0.00 0 0 0 967 4156261 2022121702
0.00 0 0 0 967 4156261 2022121702
20.3 2 0 0 967 930198 2022121702
10.4 1 1 0 1451 117042 2022121702
36.4 4 0 0 1587 118801 2022121702
77.9 8 0 36 471 117932 2022121702
57.2 6 0 39 1016 118946 2022121702
15.6 2 0 8 679 119397 2022121702
125 12 0 23 808 112809 2022121702
0.00 0 0 0 808 112809 2022121702
0.00 0 0 0 808 112809 2022121702
0.00 0 0 0 808 112809 2022121702
0.00 0 0 0 808 112809 2022121702
0.00 0 0 0 808 112809 2022121702
265 26 0 0 841 3487372 2022121702
0.00 0 0 0 841 3487372 2022121702
0.00 0 0 0 841 3487372 2022121702
0.00 0 0 0 841 3487372 2022121702
0.00 0 0 0 841 3487372 2022121702
0.00 0 0 0 841 3487372 2022121702
0.00 0 0 0 841 3487372 2022121702
315 30 0 0 841 3487372 2022121702
0.00 0 0 0 841 3487372 2022121702
0.00 0 0 0 841 3487372 2022121702
0.00 0 0 0 841 3487372 2022121702
0.00 0 0 0 841 3487372 2022121702
0.00 0 0 0 841 3487372 2022121702
0.00 0 0 0 841 3487372 2022121702
0.00 0 0 0 841 3487372 2022121702
0.00 0 0 0 841 3487372 2022121702
0.00 0 0 0 841 3487372 2022121702
0.00 0 0 0 841 3487372 2022121702
0.00 0 0 0 841 3487372 2022121702
0.00 0 0 0 841 3487372 2022121702
0.00 0 0 0 841 3487372 2022121702
0.00 0 0 0 841 3487372 2022121702
0.00 0 0 0 841 3487372 2022121702
0.00 0 0 0 841 3487372 2022121702
0.00 0 0 0 841 3487372 2022121702
0.00 0 0 0 841 3487372 2022121702
0.00 0 0 0 841 3487372 2022121702
0.00 0 0 0 841 3487372 2022121702
0.00 0 0 0 841 3487372 2022121702
0.00 0 0 0 841 3487372 2022121702
0.00 0 0 0 841 3487372 2022121702
0.00 0 0 0 841 3487372 2022121702
0.00 0 0 0 841 3487372 2022121702
0.00 0 0 0 841 3487372 2022121702
0.00 0 0 0 841 3487372 2022121702
0.00 0 0 0 841 3487372 2022121702
0.00 0 0 0 841 3487372 2022121702
0.00 0 0 0 841 3487372 2022121702
0.00 0 0 0 841 3487372 2022121702
0.00 0 0 0 841 3487372 2022121702
0.00 0 0 0 841 3487372 2022121702
0.00 0 0 0 841 3487372 2022121702
0.00 0 0 0 841 3487372 2022121702
0.00 0 0 0 841 3487372 2022121702
0.00 0 0 0 841 3487372 2022121702
0.00 0 0 0 841 3487372 2022121702
0.00 0 0 0 841 3487372 2022121702
0.00 0 0 0 841 3487372 2022121702
0.00 0 0 0 841 3487372 2022121702
0.00 0 0 0 841 3487372 2022121702
0.00 0 0 0 841 3487372 2022121702
0.00 0 0 0 841 3487372 2022121702
0.00 0 0 0 841 3487372 2022121702
0.00 0 0 0 841 3487372 2022121702
0.00 0 0 0 841 3487372 2022121702
0.00 0 0 0 841 3487372 2022121702
0.00 0 0 0 841 3487372 2022121702
0.00 0 0 0 841 3487372 2022121702
0.00 0 0 0 841 3487372 2022121702
0.00 0 0 0 841 3487372 2022121702
0.00 0 0 0 841 3487372 2022121702
0.00 0 0 0 841 3487372 2022121702
0.00 0 0 0 841 3487372 2022121702
0.00 0 0 0 841 3487372 2022121702
0.00 0 0 0 841 3487372 2022121702
0.00 0 0 0 841 3487372 2022121702
0.00 0 0 0 841 3487372 2022121702
0.00 0 0 0 841 3487372 2022121702
0.00 0 0 0 841 3487372 2022121702
0.00 0 0 0 841 3487372 2022121702
0.00 0 0 0 841 3487372 2022121702
0.00 0 0 0 841 3487372 2022121702
0.00 0 0 0 841 3487372 2022121702
0.00 0 0 0 841 3487372 2022121702
0.00 0 0 0 841 3487372 2022121702
0.00 0 0 0 841 3487372 2022121702
0.00 0 0 0 841 3487372 2022121702
0.00 0 0 0 841 3487372 2022121702
0.00 0 0 0 841 3487372 2022121702
0.00 0 0 0 841 3487372 2022121702
0.00 0 0 0 841 3487372 2022121702
0.00 0 0 0 841 3487372 2022121702
0.00 0 0 0 841 3487372 2022121702
0.00 0 0 0 841 3487372 2022121702
0.00 0 0 0 841 3487372 2022121702
0.00 0 0 0 841 3487372 2022121702
0.00 0 0 0 841 3487372 2022121702
0.00 0 0 0 841 3487372 2022121702
0.00 0 0 0 841 3487372 2022121702
0.00 0 0 0 841 3487372 2022121702
0.00 0 0 0 841 3487372 2022121702
0.00 0 0 0 841 3487372 2022121702
0.00 0 0 0 841 3487372 2022121702
0.00 0 0 0 841 3487372 2022121702
0.00 0 0 0 841 3487372 2022121702
0.00 0 0 0 841 3487372 2022121702
0.00 0 0 0 841 3487372 2022121702
0.00 0 0 0 841 3487372 2022121702
0.00 0 0 0 841 3487372 2022121702
0.00 0 0 0 841 3487372 2022121702
0.00 0 0 0 841 3487372 2022121702
0.00 0 0 0 841 3487372 2022121702
0.00 0 0 0 841 3487372 2022121702
0.00 0 0 0 841 3487372 2022121702
0.00 0 0 0 841 3487372 2022121702
0.00 0 0 0 841 3487372 2022121702
0.00 0 0 0 841 3487372 2022121702
0.00 0 0 0 841 3487372 2022121702
0.00 0 0 0 841 3487372 2022121702
0.00 0 0 0 841 3487372 2022121702
24.9 3 0 0 841 117409 2022121702
0.00 0 1 0 882 116975 2022121702
15.6 2 0 0 955 118433 2022121702
93.5 10 0 0 999 118343 2022121702
57.2 6 0 0 1014 113485 2022121702
0.00 0 0 0 1014 113485 2022121702
135 13 0 0 1014 113467 2022121702
0.00 0 0 0 1014 113467 2022121702
0.00 0 0 0 1014 113467 2022121702
135 13 0 0 1014 117108 2022121702
0.00 0 0 0 1014 117108 2022121702
88.3 9 0 0 1064 118034 2022121702
0.00 0 0 0 1064 118034 2022121702
0.00 0 0 0 1064 118034 2022121702
0.00 0 0 0 1064 118034 2022121702
0.00 0 0 0 1064 118034 2022121702
0.00 0 0 0 1064 118034 2022121702
330 32 0 9 748 10843823 2022121702
0.00 0 0 0 758 10843823 2022121702
0.00 0 0 0 758 10843823 2022121702
0.00 0 0 0 758 10843823 2022121702
105 10 0 0 758 10843823 2022121702
0.00 0 0 0 758 10843823 2022121702
0.00 0 0 0 758 10843823 2022121702
0.00 0 0 0 758 10843823 2022121702
0.00 0 0 0 758 10843823 2022121702
0.00 0 0 0 758 10843823 2022121702
0.00 0 0 0 758 10843823 2022121702
0.00 0 0 0 758 10843823 2022121702
0.00 0 0 0 758 10843823 2022121702
0.00 0 0 0 758 10843823 2022121702
0.00 0 0 0 758 10843823 2022121702
0.00 0 0 0 758 10843823 2022121702
0.00 0 0 0 758 10843823 2022121702
0.00 0 0 0 758 10843823 2022121702
0.00 0 0 0 758 10843823 2022121702
0.00 0 0 0 758 10843823 2022121702
0.00 0 0 0 758 10843823 2022121702
0.00 0 0 0 758 10843823 2022121702
0.00 0 0 0 758 10843823 2022121702
0.00 0 0 0 758 10843823 2022121702
0.00 0 0 0 758 10843823 2022121702
0.00 0 0 0 758 10843823 2022121702
0.00 0 0 0 758 10843823 2022121702
0.00 0 0 0 758 10843823 2022121702
0.00 0 0 0 758 10843823 2022121702
0.00 0 0 0 758 10843823 2022121702
0.00 0 0 0 758 10843823 2022121702
0.00 0 0 0 758 10843823 2022121702
0.00 0 0 0 758 10843823 2022121702
0.00 0 0 0 758 10843823 2022121702
0.00 0 0 0 758 10843823 2022121702
0.00 0 0 0 758 10843823 2022121702
0.00 0 0 0 758 10843823 2022121702
0.00 0 0 0 758 10843823 2022121702
0.00 0 0 0 758 10843823 2022121702
0.00 0 0 0 758 10843823 2022121702
0.00 0 0 0 758 10843823 2022121702
0.00 0 0 0 758 10843823 2022121702
0.00 0 0 0 758 10843823 2022121702
0.00 0 0 0 758 10843823 2022121702
0.00 0 0 0 758 10843823 2022121702
0.00 0 0 0 758 10843823 2022121702
0.00 0 0 0 758 10843823 2022121702
0.00 0 0 0 758 10843823 2022121702
0.00 0 0 0 758 10843823 2022121702
0.00 0 0 0 758 10843823 2022121702
0.00 0 0 0 758 10843823 2022121702
0.00 0 0 0 758 10843823 2022121702
0.00 0 0 0 758 10843823 2022121702
0.00 0 0 0 758 10843823 2022121702
0.00 0 0 0 758 10843823 2022121702
0.00 0 0 0 758 10843823 2022121702
0.00 0 0 0 758 10843823 2022121702
0.00 0 0 0 758 10843823 2022121702
0.00 0 0 0 758 10843823 2022121702
0.00 0 0 0 758 10843823 2022121702
0.00 0 0 0 758 10843823 2022121702
0.00 0 0 0 758 10843823 2022121702
0.00 0 0 0 758 10843823 2022121702
0.00 0 0 0 758 10843823 2022121702
0.00 0 0 0 758 10843823 2022121702
0.00 0 0 0 758 10843823 2022121702
0.00 0 0 0 758 10843823 2022121702
0.00 0 0 0 758 10843823 2022121702
0.00 0 0 0 758 10843823 2022121702
0.00 0 0 0 758 10843823 2022121702
0.00 0 0 0 758 10843823 2022121702
0.00 0 0 0 758 10843823 2022121702
0.00 0 0 0 758 10843823 2022121702
0.00 0 0 0 758 10843823 2022121702
0.00 0 0 0 758 10843823 2022121702
0.00 0 0 0 758 10843823 2022121702
0.00 0 0 0 758 10843823 2022121702
0.00 0 0 0 758 10843823 2022121702
0.00 0 0 0 758 10843823 2022121702
0.00 0 0 0 758 10843823 2022121702
0.00 0 0 0 758 10843823 2022121702
0.00 0 0 0 758 10843823 2022121702
0.00 0 0 0 758 10843823 2022121702
0.00 0 0 0 758 10843823 2022121702
0.00 0 0 0 758 10843823 2022121702
0.00 0 0 0 758 10843823 2022121702
0.00 0 0 0 758 10843823 2022121702
0.00 0 0 0 758 10843823 2022121702
0.00 0 0 0 758 10843823 2022121702
0.00 0 0 0 758 10843823 2022121702
0.00 0 0 0 758 10843823 2022121702
0.00 0 0 0 758 10843823 2022121702
0.00 0 0 0 758 10843823 2022121702
0.00 0 0 0 758 10843823 2022121702
0.00 0 0 0 758 10843823 2022121702
0.00 0 0 0 758 10843823 2022121702
0.00 0 0 0 758 10843823 2022121702
0.00 0 0 0 758 10843823 2022121702
0.00 0 0 0 758 10843823 2022121702
0.00 0 0 0 758 10843823 2022121702
0.00 0 0 0 758 10843823 2022121702
0.00 0 0 0 758 10843823 2022121702
0.00 0 0 0 758 10843823 2022121702
0.00 0 0 0 758 10843823 2022121702
0.00 0 0 0 758 10843823 2022121702
0.00 0 0 0 758 10843823 2022121702
0.00 0 0 0 758 10843823 2022121702
0.00 0 0 0 758 10843823 2022121702
0.00 0 0 0 758 10843823 2022121702
0.00 0 0 0 758 10843823 2022121702
0.00 0 0 0 758 10843823 2022121702
0.00 0 0 0 758 10843823 2022121702
0.00 0 0 0 758 10843823 2022121702
0.00 0 0 0 758 10843823 2022121702
0.00 0 0 0 758 10843823 2022121702
0.00 0 0 0 758 10843823 2022121702
0.00 0 0 0 758 10843823 2022121702
0.00 0 0 0 758 10843823 2022121702
0.00 0 0 0 758 10843823 2022121702
0.00 0 0 0 758 10843823 2022121702
0.00 0 0 0 758 10843823 2022121702
0.00 0 0 0 758 10843823 2022121702
0.00 0 0 0 758 10843823 2022121702
0.00 0 0 0 758 10843823 2022121702
0.00 0 0 0 758 10843823 2022121702
0.00 0 0 0 758 10843823 2022121702
0.00 0 0 0 758 10843823 2022121702
0.00 0 0 0 758 10843823 2022121702
0.00 0 0 0 758 10843823 2022121702
0.00 0 0 0 758 10843823 2022121702
0.00 0 0 0 758 10843823 2022121702
0.00 0 0 0 758 10843823 2022121702
13.2 879 20 371 758 10843823 2022121702
