8.47 1 1 0 55 119856 2022121713
5.20 1 0 0 55 119856 2022121713
12.3 2 0 0 84 157100 2022121713
0.00 0 0 0 84 157100 2022121713
20.0 2 1 0 88 119617 2022121713
10.8 2 0 0 92 118932 2022121713
10.4 1 0 0 96 119115 2022121713
0.00 0 1 0 96 119115 2022121713
20.8 2 0 0 106 118893 2022121713
0.00 0 1 0 106 123834 2022121713
10.4 1 0 0 111 118384 2022121713
15.6 2 0 0 117 118889 2022121713
5.20 1 1 0 122 116423 2022121713
15.6 2 0 0 129 122132 2022121713
15.6 2 0 0 135 118895 2022121713
0.00 0 1 0 136 119085 2022121713
10.4 1 0 0 142 118690 2022121713
15.6 2 0 0 148 118449 2022121713
10.4 1 1 0 157 118772 2022121713
20.8 2 0 0 164 113897 2022121713
0.00 0 1 0 165 114853 2022121713
10.4 1 0 0 173 118352 2022121713
26.0 3 1 0 182 118711 2022121713
10.4 1 0 0 190 118552 2022121713
26.0 3 0 0 191 118775 2022121713
0.00 0 1 0 199 118660 2022121713
41.6 5 0 0 220 117185 2022121713
0.00 0 1 0 220 116985 2022121713
15.6 2 0 0 231 118941 2022121713
31.2 3 0 0 231 119126 2022121713
15.6 2 1 0 255 119435 2022121713
26.0 3 0 0 266 117174 2022121713
0.00 0 1 0 268 119496 2022121713
31.2 3 0 0 281 119427 2022121713
26.0 3 1 0 292 118977 2022121713
26.0 3 0 0 306 119422 2022121713
26.0 3 0 0 306 120053 2022121713
5.20 1 0 0 322 119243 2022121713
62.4 7 0 0 348 117224 2022121713
5.20 1 0 0 365 117208 2022121713
36.4 4 0 0 372 118264 2022121713
20.8 2 0 0 383 118775 2022121713
41.6 4 0 0 401 117728 2022121713
15.6 2 0 0 410 118121 2022121713
67.6 7 0 0 439 117424 2022121713
20.8 2 0 0 452 117580 2022121713
26.0 3 0 0 452 117713 2022121713
31.2 3 0 0 464 117526 2022121713
57.2 6 0 0 499 117455 2022121713
20.8 2 0 0 511 118968 2022121713
41.6 4 0 0 530 118407 2022121713
31.2 3 0 0 547 118032 2022121713
77.9 8 0 0 584 118740 2022121713
36.4 4 0 0 602 118534 2022121713
36.4 4 0 0 621 119024 2022121713
46.8 5 0 0 652 119093 2022121713
67.6 7 0 0 670 117090 2022121713
10.4 1 0 0 685 117641 2022121713
88.3 9 0 0 734 117444 2022121713
31.2 3 0 0 737 121431 2022121713
57.2 6 0 0 772 121514 2022121713
31.2 3 0 0 790 121922 2022121713
93.5 9 0 0 980 7555885 2022121713
0.00 0 0 0 1308 7555885 2022121713
0.00 0 0 0 1308 7555885 2022121713
0.00 0 0 0 1308 7555885 2022121713
0.00 0 0 0 1308 7555885 2022121713
115 11 0 0 1308 8095630 2022121713
0.00 0 0 0 1308 8095630 2022121713
0.00 0 0 0 1308 8095630 2022121713
0.00 0 0 0 1308 8095630 2022121713
0.00 0 0 0 1308 8095630 2022121713
0.00 0 0 0 1308 8095630 2022121713
0.00 0 0 0 1308 8095630 2022121713
0.00 0 0 0 1308 8095630 2022121713
0.00 0 0 0 1308 8095630 2022121713
0.00 0 0 0 1308 8095630 2022121713
0.00 0 0 0 1308 8095630 2022121713
0.00 0 0 0 1308 8095630 2022121713
0.00 0 0 0 1308 8095630 2022121713
0.00 0 0 0 1308 8095630 2022121713
0.00 0 0 0 1308 8095630 2022121713
0.00 0 0 0 1308 8095630 2022121713
0.00 0 0 0 1308 8095630 2022121713
0.00 0 0 0 1308 8095630 2022121713
0.00 0 0 0 1308 8095630 2022121713
0.00 0 0 0 1308 8095630 2022121713
0.00 0 0 0 1308 8095630 2022121713
0.00 0 0 0 1308 8095630 2022121713
0.00 0 0 0 1308 8095630 2022121713
0.00 0 0 0 1308 8095630 2022121713
0.00 0 0 0 1308 8095630 2022121713
0.00 0 0 0 1308 8095630 2022121713
0.00 0 0 0 1308 8095630 2022121713
0.00 0 0 0 1308 8095630 2022121713
0.00 0 0 0 1308 8095630 2022121713
0.00 0 0 0 1308 8095630 2022121713
0.00 0 0 0 1308 8095630 2022121713
0.00 0 0 0 1308 8095630 2022121713
0.00 0 0 0 1308 8095630 2022121713
0.00 0 0 0 1308 8095630 2022121713
0.00 0 0 0 1308 8095630 2022121713
0.00 0 0 0 1308 8095630 2022121713
0.00 0 0 0 1308 8095630 2022121713
0.00 0 0 0 1308 8095630 2022121713
0.00 0 0 0 1308 8095630 2022121713
0.00 0 0 0 1308 8095630 2022121713
0.00 0 0 0 1308 8095630 2022121713
0.00 0 0 0 1308 8095630 2022121713
0.00 0 0 0 1308 8095630 2022121713
0.00 0 0 0 1308 8095630 2022121713
0.00 0 0 0 1308 8095630 2022121713
0.00 0 0 0 1308 8095630 2022121713
0.00 0 0 0 1308 8095630 2022121713
0.00 0 0 0 1308 8095630 2022121713
0.00 0 0 0 1308 8095630 2022121713
0.00 0 0 0 1308 8095630 2022121713
0.00 0 0 0 1308 8095630 2022121713
0.00 0 0 0 1308 8095630 2022121713
0.00 0 0 0 1308 8095630 2022121713
0.00 0 0 0 1308 8095630 2022121713
0.00 0 0 0 1308 8095630 2022121713
0.00 0 0 0 1308 8095630 2022121713
0.00 0 0 0 1308 8095630 2022121713
0.00 0 0 0 1308 8095630 2022121713
0.00 0 0 0 1308 8095630 2022121713
0.00 0 0 0 1308 8095630 2022121713
0.00 0 0 0 1308 8095630 2022121713
0.00 0 0 0 1308 8095630 2022121713
0.00 0 0 0 1308 8095630 2022121713
0.00 0 0 0 1308 8095630 2022121713
0.00 0 0 0 1308 8095630 2022121713
0.00 0 0 0 1308 8095630 2022121713
0.00 0 0 0 1308 8095630 2022121713
0.00 0 0 0 1308 8095630 2022121713
0.00 0 0 0 1308 8095630 2022121713
0.00 0 0 0 1308 8095630 2022121713
0.00 0 0 0 1308 8095630 2022121713
0.00 0 0 0 1308 8095630 2022121713
0.00 0 0 0 1308 8095630 2022121713
0.00 0 0 0 1308 8095630 2022121713
0.00 0 0 0 1308 8095630 2022121713
0.00 0 0 0 1308 8095630 2022121713
0.00 0 0 0 1308 8095630 2022121713
0.00 0 0 0 1308 8095630 2022121713
0.00 0 0 0 1308 8095630 2022121713
0.00 0 0 0 1308 8095630 2022121713
0.00 0 0 0 1308 8095630 2022121713
0.00 0 0 0 1308 8095630 2022121713
0.00 0 0 0 1308 8095630 2022121713
0.00 0 0 0 1308 8095630 2022121713
0.00 0 0 0 1308 8095630 2022121713
0.00 0 0 0 1308 8095630 2022121713
0.00 0 0 0 1308 8095630 2022121713
0.00 0 0 0 1308 8095630 2022121713
0.00 0 0 0 1308 8095630 2022121713
0.00 0 0 0 1308 8095630 2022121713
0.00 0 0 0 1308 8095630 2022121713
147 14 0 0 1308 8095630 2022121713
0.00 0 0 0 1308 8095630 2022121713
0.00 0 0 0 1308 8095630 2022121713
0.00 0 0 0 1308 8095630 2022121713
0.00 0 0 0 1308 8095630 2022121713
0.00 0 0 0 1308 8095630 2022121713
0.00 0 0 0 1308 8095630 2022121713
0.00 0 0 0 1308 8095630 2022121713
0.00 0 0 0 1308 8095630 2022121713
0.00 0 0 0 1308 8095630 2022121713
0.00 0 0 0 1308 8095630 2022121713
0.00 0 0 0 1308 8095630 2022121713
0.00 0 0 0 1308 8095630 2022121713
0.00 0 0 0 1308 8095630 2022121713
0.00 0 0 0 1308 8095630 2022121713
0.00 0 0 0 1308 8095630 2022121713
0.00 0 0 0 1308 8095630 2022121713
0.00 0 0 0 1308 8095630 2022121713
0.00 0 0 0 1308 8095630 2022121713
0.00 0 0 0 1308 8095630 2022121713
0.00 0 0 0 1308 8095630 2022121713
0.00 0 0 0 1308 8095630 2022121713
0.00 0 0 0 1308 8095630 2022121713
0.00 0 0 0 1308 8095630 2022121713
0.00 0 0 0 1308 8095630 2022121713
0.00 0 0 0 1308 8095630 2022121713
0.00 0 0 0 1308 8095630 2022121713
0.00 0 0 0 1308 8095630 2022121713
0.00 0 0 0 1308 8095630 2022121713
0.00 0 0 0 1308 8095630 2022121713
0.00 0 0 0 1308 8095630 2022121713
0.00 0 0 0 1308 8095630 2022121713
0.00 0 0 0 1308 8095630 2022121713
0.00 0 0 0 1308 8095630 2022121713
0.00 0 0 0 1308 8095630 2022121713
0.00 0 0 0 1308 8095630 2022121713
0.00 0 0 0 1308 8095630 2022121713
0.00 0 0 0 1308 8095630 2022121713
0.00 0 0 0 1308 8095630 2022121713
0.00 0 0 0 1308 8095630 2022121713
0.00 0 0 0 1308 8095630 2022121713
0.00 0 0 0 1308 8095630 2022121713
0.00 0 0 0 1308 8095630 2022121713
0.00 0 0 0 1308 8095630 2022121713
0.00 0 0 0 1308 8095630 2022121713
0.00 0 0 0 1308 8095630 2022121713
0.00 0 0 0 1308 8095630 2022121713
0.00 0 0 0 1308 8095630 2022121713
0.00 0 0 138 1035 117456 2022121713
0.00 0 0 0 1035 117456 2022121713
0.00 0 0 0 1035 117456 2022121713
0.00 0 0 0 1035 117456 2022121713
0.00 0 0 0 1035 117456 2022121713
0.00 0 0 0 1035 117456 2022121713
0.00 0 0 0 1035 117456 2022121713
0.00 0 0 0 1035 117456 2022121713
0.00 0 0 0 1035 117456 2022121713
0.00 0 0 0 1035 117456 2022121713
0.00 0 0 0 1035 117456 2022121713
0.00 0 0 0 1035 117456 2022121713
0.00 0 0 0 1035 117456 2022121713
0.00 0 0 0 1035 117456 2022121713
0.00 0 0 0 1035 117456 2022121713
0.00 0 0 0 1035 117456 2022121713
0.00 0 0 0 1035 117456 2022121713
0.00 0 0 0 1035 117456 2022121713
0.00 0 0 0 1035 117456 2022121713
0.00 0 0 0 1035 117456 2022121713
0.00 0 0 0 1035 117456 2022121713
0.00 0 0 0 1035 117456 2022121713
0.00 0 0 0 1035 117456 2022121713
0.00 0 0 0 1035 117456 2022121713
0.00 0 0 0 1035 117456 2022121713
0.00 0 0 0 1035 117456 2022121713
0.00 0 0 0 1035 117456 2022121713
0.00 0 0 0 1035 117456 2022121713
0.00 0 0 0 1035 117456 2022121713
0.00 0 0 0 1035 117456 2022121713
0.00 0 0 0 1035 117456 2022121713
0.00 0 0 0 1035 117456 2022121713
0.00 0 0 0 1035 117456 2022121713
0.00 0 0 0 1035 117456 2022121713
0.00 0 0 0 1035 117456 2022121713
0.00 0 0 0 1035 117456 2022121713
0.00 0 0 0 1035 117456 2022121713
0.00 0 0 0 1035 117456 2022121713
0.00 0 0 0 1035 117456 2022121713
0.00 0 0 0 1035 117456 2022121713
0.00 0 0 0 1035 117456 2022121713
0.00 0 0 0 1035 117456 2022121713
0.00 0 0 0 1035 117456 2022121713
0.00 0 0 0 1035 117456 2022121713
0.00 0 0 0 1035 117456 2022121713
0.00 0 0 0 1035 117456 2022121713
0.00 0 0 0 1035 117456 2022121713
0.00 0 0 0 1035 117456 2022121713
0.00 0 0 0 1035 117456 2022121713
0.00 0 0 0 1035 117456 2022121713
0.00 0 0 0 1035 117456 2022121713
41.9 4 0 0 1035 117456 2022121713
36.0 4 0 0 1035 117456 2022121713
31.2 3 1 0 1035 117456 2022121713
67.6 7 0 0 1035 117456 2022121713
5.20 1 0 0 1035 117456 2022121713
98.7 10 0 0 1035 117456 2022121713
15.6 2 0 0 1035 117456 2022121713
62.4 6 0 0 1035 117456 2022121713
72.7 7 0 0 1035 117456 2022121713
67.6 7 0 0 1035 117456 2022121713
5.20 1 0 0 1035 117456 2022121713
52.0 5 0 0 1035 117456 2022121713
72.7 7 0 0 1035 117456 2022121713
67.6 7 0 0 1035 117456 2022121713
72.7 7 0 0 1035 117456 2022121713
36.4 4 0 0 1035 117456 2022121713
31.2 3 0 0 1035 117456 2022121713
114 12 0 0 1035 117456 2022121713
31.2 3 0 0 1035 117456 2022121713
77.9 8 0 0 1035 117456 2022121713
31.2 3 0 0 1035 117456 2022121713
109 11 0 0 1035 117456 2022121713
36.4 4 0 0 1035 117456 2022121713
41.6 4 0 0 1035 117456 2022121713
67.6 7 0 0 1035 117456 2022121713
88.3 9 0 0 1035 117456 2022121713
52.0 5 0 0 1035 117456 2022121713
57.2 6 0 0 1035 117456 2022121713
46.8 5 0 0 1035 117456 2022121713
52.0 5 0 0 1035 117456 2022121713
0.00 0 0 0 1035 117456 2022121713
0.00 0 0 0 1035 117456 2022121713
213 21 0 0 1035 117456 2022121713
104 11 0 0 1035 117456 2022121713
57.2 6 0 0 1035 117456 2022121713
46.8 5 0 0 1035 117456 2022121713
57.2 6 0 0 1035 117456 2022121713
104 11 0 0 1035 117456 2022121713
57.2 6 0 0 1035 117456 2022121713
57.2 6 0 0 1035 117456 2022121713
46.8 5 0 0 1035 117456 2022121713
114 12 0 0 1035 117456 2022121713
46.8 5 0 0 1035 117456 2022121713
62.4 6 0 0 1035 117456 2022121713
57.2 6 0 0 1035 117456 2022121713
104 11 0 0 1035 117456 2022121713
57.2 6 0 0 1035 117456 2022121713
52.0 5 0 0 1035 117456 2022121713
57.2 6 0 0 1035 117456 2022121713
109 11 0 0 1035 117456 2022121713
57.2 6 0 0 1035 117456 2022121713
57.2 6 0 0 1035 117456 2022121713
52.0 5 0 0 1035 117456 2022121713
114 12 0 0 1035 117456 2022121713
52.0 5 0 0 1035 117456 2022121713
57.2 6 0 0 1035 117456 2022121713
57.2 6 0 0 1035 117456 2022121713
109 11 0 0 1035 117456 2022121713
57.2 6 0 0 1035 117456 2022121713
57.2 6 0 0 1035 117456 2022121713
57.2 6 0 0 1035 117456 2022121713
109 11 0 0 1035 117456 2022121713
0.00 0 0 0 1035 117456 2022121713
140 14 0 0 1035 117456 2022121713
57.2 6 0 0 1035 117456 2022121713
57.2 6 0 0 1035 117456 2022121713
52.0 5 0 0 1035 117456 2022121713
114 11 0 0 1035 117456 2022121713
57.2 6 0 0 1035 117456 2022121713
57.2 6 0 0 1035 117456 2022121713
52.0 5 0 0 1035 117456 2022121713
120 12 0 0 1035 117456 2022121713
52.0 5 0 0 1035 117456 2022121713
57.2 6 0 0 1035 117456 2022121713
52.0 5 0 0 1035 117456 2022121713
114 11 0 0 1035 117456 2022121713
52.0 5 0 0 1035 117456 2022121713
62.4 6 0 0 1035 117456 2022121713
57.2 6 0 0 1035 117456 2022121713
114 11 0 0 1035 117456 2022121713
57.2 6 0 0 1035 117456 2022121713
83.1 8 0 0 1035 112949 2022121713
0.00 0 0 0 1035 112949 2022121713
0.00 0 0 0 1035 112949 2022121713
0.00 0 0 0 1035 112949 2022121713
0.00 0 0 0 1035 112949 2022121713
319 31 0 0 1035 112949 2022121713
0.00 0 0 0 1035 112949 2022121713
0.00 0 0 0 1035 112949 2022121713
187 18 0 0 1035 112949 2022121713
57.2 6 0 0 1035 112949 2022121713
0.00 0 0 0 1035 112949 2022121713
98.7 10 0 0 1036 117039 2022121713
0.00 0 0 0 1036 117039 2022121713
135 13 0 0 1038 209334 2022121713
0.00 0 0 0 1038 209334 2022121713
0.00 0 0 0 1038 209334 2022121713
0.00 0 0 0 1038 209334 2022121713
0.00 0 0 0 1038 209334 2022121713
199 19 0 0 1038 209334 2022121713
0.00 0 0 0 1038 209334 2022121713
0.00 0 0 0 1038 209334 2022121713
0.00 0 0 0 1038 209334 2022121713
0.00 0 0 0 1038 209334 2022121713
141 14 0 0 1041 116919 2022121713
26.0 3 0 0 1042 117721 2022121713
57.2 6 0 0 1043 116957 2022121713
52.0 5 0 0 1045 117852 2022121713
62.4 6 0 0 1045 118015 2022121713
104 11 0 0 1047 118174 2022121713
62.4 6 0 0 1049 118036 2022121713
57.2 6 0 0 1050 117368 2022121713
57.2 6 0 0 1052 118592 2022121713
120 12 0 0 1054 117290 2022121713
52.0 5 0 0 1056 118082 2022121713
62.4 6 0 0 1057 118155 2022121713
57.2 6 0 0 1059 117757 2022121713
114 11 0 0 1063 117923 2022121713
57.2 6 0 0 1064 113554 2022121713
52.0 5 0 0 1067 118398 2022121713
62.4 6 0 0 1068 118211 2022121713
109 11 0 0 1072 118500 2022121713
67.6 7 0 0 1074 118136 2022121713
57.2 6 0 0 1076 117417 2022121713
52.0 5 0 0 1079 118783 2022121713
125 12 0 0 1085 117764 2022121713
52.0 5 0 0 1087 118120 2022121713
62.4 6 0 0 1090 117929 2022121713
62.4 6 0 0 1093 117634 2022121713
114 11 0 0 1100 117978 2022121713
62.4 6 0 0 1103 117706 2022121713
52.0 5 0 0 1105 118155 2022121713
67.6 7 0 0 1108 117396 2022121713
114 11 0 0 1115 114093 2022121713
67.6 7 0 0 1119 117686 2022121713
57.2 6 0 0 1123 117391 2022121713
57.2 6 0 0 1127 118461 2022121713
125 13 0 0 1136 117671 2022121713
57.2 6 0 0 1140 118212 2022121713
72.7 7 0 0 1145 117388 2022121713
52.0 5 0 0 1150 121988 2022121713
130 13 0 0 1159 116991 2022121713
62.4 6 0 0 1165 113620 2022121713
57.2 6 0 0 1169 118214 2022121713
72.7 7 0 0 1174 117181 2022121713
120 12 0 0 1185 117952 2022121713
67.6 7 0 0 1191 117244 2022121713
62.4 6 0 0 1196 117339 2022121713
62.4 6 0 0 1202 117959 2022121713
130 13 0 0 1216 117235 2022121713
67.6 7 0 0 1221 117898 2022121713
67.6 7 0 0 1228 117389 2022121713
67.6 7 0 0 1231 113531 2022121713
135 13 0 0 1246 117119 2022121713
57.2 6 0 0 1254 113850 2022121713
72.7 7 0 0 1261 113591 2022121713
67.6 7 0 0 1265 121717 2022121713
135 14 0 0 1285 117926 2022121713
72.7 7 0 0 1293 117491 2022121713
104 10 0 0 1305 117114 2022121713
67.6 7 0 0 1311 117259 2022121713
41.6 4 0 0 1320 117590 2022121713
72.7 7 0 0 1330 117568 2022121713
140 14 0 0 1348 117635 2022121713
72.7 7 0 0 1358 117046 2022121713
72.7 7 0 0 1367 117313 2022121713
72.7 7 0 0 1377 117227 2022121713
145 14 0 0 1396 117767 2022121713
77.9 8 0 0 1402 118464 2022121713
77.9 8 0 0 1414 121722 2022121713
72.7 7 0 0 1435 117477 2022121713
120 12 0 0 1442 116933 2022121713
36.4 4 0 0 1453 122575 2022121713
166 17 0 0 1476 112919 2022121713
67.6 7 0 2 921 117016 2022121713
88.3 9 0 15 455 117976 2022121713
77.9 8 0 3 965 118701 2022121713
46.8 5 0 0 1054 117688 2022121713
72.7 7 0 0 1067 116884 2022121713
52.0 5 0 0 1081 116989 2022121713
31.2 3 0 0 1089 119047 2022121713
135 14 0 0 1115 117079 2022121713
46.8 5 0 0 1122 119191 2022121713
88.3 9 0 0 1132 117984 2022121713
46.8 5 0 0 1144 116855 2022121713
98.7 10 0 0 1166 118488 2022121713
0.00 0 0 0 1166 118488 2022121713
161 16 0 0 1194 118646 2022121713
0.00 0 0 0 1194 118646 2022121713
145 15 0 0 1207 118761 2022121713
72.7 7 0 0 1217 117947 2022121713
72.7 7 0 0 1225 117175 2022121713
52.0 5 0 0 1232 118821 2022121713
140 14 0 0 1249 117358 2022121713
57.2 6 0 0 1256 114711 2022121713
77.9 8 0 0 1265 117667 2022121713
67.6 7 0 0 1272 113082 2022121713
140 14 0 0 1286 117809 2022121713
67.6 7 0 0 1293 121058 2022121713
57.2 6 0 0 1298 122526 2022121713
83.1 8 0 0 1305 117259 2022121713
130 13 0 0 1318 118196 2022121713
77.9 8 0 0 1325 113152 2022121713
67.6 7 0 0 1329 113211 2022121713
67.6 7 0 0 1334 117857 2022121713
151 15 0 0 1347 113172 2022121713
67.6 7 0 0 1352 122112 2022121713
77.9 8 0 3 453 117752 2022121713
72.7 7 0 0 905 115181 2022121713
77.9 8 0 0 955 121054 2022121713
36.4 4 0 0 962 113370 2022121713
36.4 4 0 0 966 117974 2022121713
77.9 8 0 0 974 117427 2022121713
83.1 8 0 0 984 119155 2022121713
77.9 8 0 0 992 117471 2022121713
41.6 4 0 0 998 116988 2022121713
41.6 4 0 0 1025 119072 2022121713
0.00 0 0 0 1025 119072 2022121713
0.00 0 0 0 1025 119072 2022121713
0.00 0 0 0 1025 119072 2022121713
0.00 0 0 0 1025 119072 2022121713
0.00 0 0 0 1025 119072 2022121713
330 32 0 0 1025 119315 2022121713
0.00 0 1 0 1032 116945 2022121713
36.4 4 0 0 1036 117127 2022121713
125 12 0 0 1046 113094 2022121713
41.6 4 0 0 1049 116980 2022121713
41.6 4 0 0 1053 119118 2022121713
83.1 8 0 0 1059 116890 2022121713
93.5 10 0 0 1065 119246 2022121713
72.7 7 0 0 1071 119190 2022121713
52.0 5 0 0 1075 117556 2022121713
46.8 5 0 0 1076 119309 2022121713
125 13 0 0 1083 121332 2022121713
52.0 5 0 0 1086 119719 2022121713
77.9 8 0 0 1090 112982 2022121713
46.8 5 0 0 1093 113088 2022121713
130 13 0 0 1098 116965 2022121713
46.8 5 0 0 1101 117750 2022121713
52.0 5 0 0 1104 119534 2022121713
77.9 8 0 0 1107 113441 2022121713
104 11 0 0 1111 119094 2022121713
77.9 8 0 0 1114 117226 2022121713
46.8 5 0 0 1116 117987 2022121713
57.2 6 0 0 1118 119192 2022121713
125 12 0 0 1122 118175 2022121713
57.2 6 0 0 1123 119172 2022121713
72.7 7 0 0 1125 117747 2022121713
57.2 6 0 0 1127 117759 2022121713
125 12 0 0 1130 117661 2022121713
57.2 6 0 0 1132 117826 2022121713
57.2 6 0 0 1133 119204 2022121713
72.7 7 0 0 1134 117494 2022121713
109 11 0 0 1137 119002 2022121713
72.7 7 0 0 1138 117672 2022121713
57.2 6 0 0 1138 118163 2022121713
57.2 6 0 0 1140 118748 2022121713
130 13 0 0 1141 118098 2022121713
57.2 6 0 0 1143 117920 2022121713
72.7 7 0 0 1144 117833 2022121713
57.2 6 0 0 1144 117963 2022121713
130 13 0 0 1147 117990 2022121713
57.2 6 0 0 1147 118096 2022121713
57.2 6 0 0 1148 119157 2022121713
72.7 7 0 0 1148 117990 2022121713
114 12 0 0 1150 115436 2022121713
72.7 7 0 0 1150 114030 2022121713
57.2 6 0 0 1150 117769 2022121713
57.2 6 0 0 1150 117964 2022121713
130 13 0 0 1151 117930 2022121713
57.2 6 0 0 1151 119020 2022121713
72.7 7 0 0 1151 117432 2022121713
57.2 6 0 0 1151 117610 2022121713
114 12 0 60 730 118464 2022121713
5.20 1 0 58 712 120323 2022121713
0.00 0 1 0 857 119400 2022121713
0.00 0 0 0 857 119400 2022121713
0.00 0 0 0 857 119400 2022121713
0.00 0 0 0 857 119400 2022121713
0.00 0 0 0 857 119400 2022121713
241 23 0 0 876 117199 2022121713
83.0 8 0 0 883 117971 2022121713
67.6 7 0 0 890 119115 2022121713
72.7 7 0 0 903 119255 2022121713
67.6 7 0 0 914 117464 2022121713
36.4 4 0 0 919 117879 2022121713
41.6 4 0 0 925 119315 2022121713
109 11 0 0 941 117776 2022121713
41.6 4 0 0 952 117824 2022121713
77.9 8 0 0 959 117123 2022121713
31.2 3 0 0 963 122580 2022121713
77.9 8 0 0 973 117251 2022121713
36.4 4 0 0 979 117615 2022121713
120 12 0 0 991 117111 2022121713
41.6 4 0 0 996 117804 2022121713
41.6 4 0 0 999 119333 2022121713
77.9 8 0 0 1007 117821 2022121713
83.1 8 0 0 1016 119460 2022121713
77.9 8 0 0 1023 117480 2022121713
41.6 4 0 0 1031 119399 2022121713
0.00 0 0 0 1031 119399 2022121713
125 12 0 0 1046 117097 2022121713
0.00 0 0 0 1046 117097 2022121713
125 12 0 0 1053 117347 2022121713
88.3 9 0 0 1056 120401 2022121713
62.9 6 0 0 1060 120127 2022121713
72.2 7 0 0 1064 117088 2022121713
0.00 0 1 0 1067 117531 2022121713
135 13 0 0 1076 117136 2022121713
41.6 4 0 0 1078 122030 2022121713
88.3 9 0 0 1083 113500 2022121713
46.8 5 0 0 1086 117234 2022121713
130 13 0 0 1092 117145 2022121713
36.4 4 0 0 1094 118107 2022121713
52.0 5 0 0 1097 118840 2022121713
77.9 8 0 0 1100 117066 2022121713
98.7 10 0 0 1105 118755 2022121713
72.7 7 0 0 1108 117400 2022121713
57.2 6 0 0 1110 117652 2022121713
52.0 5 0 0 1112 118707 2022121713
130 13 0 0 1118 117540 2022121713
52.0 5 0 0 1119 118633 2022121713
72.7 7 0 0 1122 117397 2022121713
57.2 6 0 0 1123 117389 2022121713
130 13 0 0 1127 116930 2022121713
46.8 5 0 0 1129 117615 2022121713
46.8 5 0 0 1130 120574 2022121713
88.3 9 0 0 1132 117253 2022121713
93.5 10 0 0 1134 118070 2022121713
88.3 9 0 0 1136 117472 2022121713
52.0 5 0 0 1136 113511 2022121713
46.8 5 0 0 1137 117907 2022121713
135 14 0 0 1140 116934 2022121713
52.0 5 0 0 1140 119233 2022121713
88.3 9 0 0 1141 117117 2022121713
46.8 5 0 0 1143 117683 2022121713
135 14 0 0 1144 117176 2022121713
52.0 5 0 0 1145 117345 2022121713
46.8 5 0 0 1145 119352 2022121713
88.3 9 0 0 1147 117573 2022121713
98.7 10 0 0 1148 119522 2022121713
88.3 9 0 0 1148 117353 2022121713
52.0 5 0 0 1148 117687 2022121713
42.7 2587 18 279 1148 117687 2022121713
ts/sec 0 0 0 1621 5202368 2022121713
0.00 0 0 0 1621 5202368 2022121713
0.00 0 0 0 1621 5202368 2022121713
0.00 0 0 0 1621 5202368 2022121713
0.00 0 0 0 1621 5202368 2022121713
0.00 0 0 0 1621 5202368 2022121713
0.00 0 0 0 1621 5202368 2022121713
0.00 0 0 0 1621 5202368 2022121713
0.00 0 0 0 1621 5202368 2022121713
0.00 0 0 0 1621 5202368 2022121713
0.00 0 0 0 1621 5202368 2022121713
0.00 0 0 0 1621 5202368 2022121713
0.00 0 0 0 1621 5202368 2022121713
0.00 0 0 0 1621 5202368 2022121713
0.00 0 0 0 1621 5202368 2022121713
0.00 0 0 0 1621 5202368 2022121713
0.00 0 0 0 1621 5202368 2022121713
0.00 0 0 0 1621 5202368 2022121713
0.00 0 0 0 1621 5202368 2022121713
0.00 0 0 0 1621 5202368 2022121713
0.00 0 0 0 1621 5202368 2022121713
0.00 0 0 0 1621 5202368 2022121713
0.00 0 0 0 1621 5202368 2022121713
0.00 0 0 0 1621 5202368 2022121713
0.00 0 0 0 1621 5202368 2022121713
0.00 0 0 0 1621 5202368 2022121713
0.00 0 0 0 1621 5202368 2022121713
0.00 0 0 0 1621 5202368 2022121713
0.00 0 0 0 1621 5202368 2022121713
0.00 0 0 0 1621 5202368 2022121713
0.00 0 0 0 1621 5202368 2022121713
0.00 0 0 0 1621 5202368 2022121713
0.00 0 0 0 1621 5202368 2022121713
0.00 0 0 0 1621 5202368 2022121713
0.00 0 0 0 1621 5202368 2022121713
0.00 0 0 0 1621 5202368 2022121713
0.00 0 0 0 1621 5202368 2022121713
0.00 0 0 0 1621 5202368 2022121713
0.00 0 0 0 1621 5202368 2022121713
0.00 0 0 0 1621 5202368 2022121713
0.00 0 0 0 1621 5202368 2022121713
0.00 0 0 0 1621 5202368 2022121713
0.00 0 0 0 1621 5202368 2022121713
0.00 0 0 0 1621 5202368 2022121713
0.00 0 0 0 1621 5202368 2022121713
0.00 0 0 0 1621 5202368 2022121713
0.00 0 0 0 1621 5202368 2022121713
0.00 0 0 0 1621 5202368 2022121713
0.00 0 0 0 1621 5202368 2022121713
0.00 0 0 0 1621 5202368 2022121713
19.7 1327 9 278 1621 5202368 2022121713
