13.7 2 0 0 27 120168 2022121711
0.00 0 1 0 55 125220 2022121711
10.4 1 0 0 107 120203 2022121711
18.2 2 0 0 215 118564 2022121711
57.2 6 0 0 410 117073 2022121711
21.0 2 0 0 441 119301 2022121711
130 13 0 0 881 119234 2022121711
119 12 0 0 1133 116801 2022121711
98.7 10 0 0 1162 117384 2022121711
46.8 5 0 0 1192 113124 2022121711
41.6 4 0 0 1220 119537 2022121711
145 15 0 0 1307 116932 2022121711
52.0 5 0 0 1341 118726 2022121711
98.7 10 0 0 1396 117239 2022121711
52.0 5 0 0 1436 117243 2022121711
62.4 6 0 15 654 119222 2022121711
88.3 9 0 43 912 120363 2022121711
10.4 1 0 0 1021 117088 2022121711
67.6 7 0 0 1027 116931 2022121711
41.6 4 0 0 1036 119228 2022121711
114 11 0 0 1060 118158 2022121711
52.0 5 0 0 1070 119234 2022121711
77.9 8 0 0 1083 116785 2022121711
41.6 4 0 0 1092 117850 2022121711
130 13 0 0 1112 117070 2022121711
46.8 5 0 0 1121 117786 2022121711
57.2 6 0 0 1129 119250 2022121711
72.7 7 0 0 1141 113141 2022121711
109 11 0 0 1156 122855 2022121711
77.9 8 0 1 659 117223 2022121711
52.0 5 0 30 75 113923 2022121711
41.6 4 0 0 666 116136 2022121711
52.0 5 1 0 827 118980 2022121711
57.2 6 0 0 834 117999 2022121711
46.8 5 0 0 841 117786 2022121711
31.2 3 0 0 845 119091 2022121711
104 10 0 0 857 117566 2022121711
31.2 3 0 0 860 119405 2022121711
57.2 6 0 0 867 118907 2022121711
52.0 5 0 0 871 117447 2022121711
88.3 9 0 0 881 118597 2022121711
52.0 5 0 0 885 117225 2022121711
36.4 4 0 0 888 119489 2022121711
57.2 6 0 0 893 118474 2022121711
88.3 9 0 0 918 114492 2022121711
0.00 0 0 0 918 114492 2022121711
0.00 0 0 0 918 114492 2022121711
0.00 0 0 0 918 114492 2022121711
255 25 0 0 922 118371 2022121711
0.00 0 0 0 922 118371 2022121711
114 12 0 0 928 120509 2022121711
57.2 6 0 0 932 114451 2022121711
57.2 6 0 0 934 117228 2022121711
98.7 10 0 0 940 118115 2022121711
46.8 5 0 0 943 117187 2022121711
41.6 4 0 0 945 119165 2022121711
62.4 6 0 0 948 118455 2022121711
52.0 5 0 0 952 118318 2022121711
104 10 0 0 956 119373 2022121711
41.6 4 0 0 958 118301 2022121711
46.8 5 0 0 961 116954 2022121711
77.9 8 0 0 963 118287 2022121711
62.4 6 0 0 969 118133 2022121711
0.00 0 0 0 969 118133 2022121711
156 15 0 0 974 118457 2022121711
0.00 0 0 0 974 118457 2022121711
0.00 0 0 0 974 118457 2022121711
0.00 0 0 0 974 118457 2022121711
203 20 0 0 981 2993750 2022121711
0.00 0 0 0 988 2993750 2022121711
0.00 0 0 0 988 2993750 2022121711
0.00 0 0 0 1093 8235386 2022121711
105 10 0 0 1640 8235386 2022121711
0.00 0 0 0 1640 8235386 2022121711
0.00 0 0 0 1640 8235386 2022121711
0.00 0 0 0 1640 8235386 2022121711
0.00 0 0 0 1640 8235386 2022121711
0.00 0 0 0 1640 8235386 2022121711
0.00 0 0 0 1640 8235386 2022121711
0.00 0 0 190 1640 9658849 2022121711
0.00 0 0 0 1155 9658849 2022121711
0.00 0 0 0 1155 9658849 2022121711
0.00 0 0 0 1155 9658849 2022121711
0.00 0 0 0 1155 9658849 2022121711
0.00 0 0 0 1155 9658849 2022121711
0.00 0 0 0 1155 9658849 2022121711
0.00 0 0 0 1155 9658849 2022121711
0.00 0 0 0 1155 9658849 2022121711
0.00 0 0 0 1155 9658849 2022121711
0.00 0 0 0 1155 9658849 2022121711
0.00 0 0 0 1155 9658849 2022121711
0.00 0 0 0 1155 9658849 2022121711
0.00 0 0 0 1155 9658849 2022121711
0.00 0 0 0 1155 9658849 2022121711
0.00 0 0 0 1155 9658849 2022121711
0.00 0 0 0 1155 9658849 2022121711
0.00 0 0 0 1155 9658849 2022121711
0.00 0 0 0 1155 9658849 2022121711
0.00 0 0 0 1155 9658849 2022121711
0.00 0 0 0 1155 9658849 2022121711
0.00 0 0 0 1155 9658849 2022121711
0.00 0 0 0 1155 9658849 2022121711
0.00 0 0 0 1155 9658849 2022121711
0.00 0 0 0 1155 9658849 2022121711
0.00 0 0 0 1155 9658849 2022121711
0.00 0 0 0 1155 9658849 2022121711
0.00 0 0 0 1155 9658849 2022121711
0.00 0 0 0 1155 9658849 2022121711
0.00 0 0 0 1155 9658849 2022121711
0.00 0 0 0 1155 9658849 2022121711
0.00 0 0 0 1155 9658849 2022121711
0.00 0 0 0 1155 9658849 2022121711
0.00 0 0 0 1155 9658849 2022121711
0.00 0 0 0 1155 9658849 2022121711
0.00 0 0 0 1155 9658849 2022121711
0.00 0 0 0 1155 9658849 2022121711
0.00 0 0 0 1155 9658849 2022121711
0.00 0 0 0 1155 9658849 2022121711
0.00 0 0 0 1155 9658849 2022121711
0.00 0 0 0 1155 9658849 2022121711
0.00 0 0 0 1155 9658849 2022121711
0.00 0 0 0 1155 9658849 2022121711
0.00 0 0 0 1155 9658849 2022121711
0.00 0 0 0 1155 9658849 2022121711
0.00 0 0 0 1155 9658849 2022121711
0.00 0 0 0 1155 9658849 2022121711
0.00 0 0 0 1155 9658849 2022121711
0.00 0 0 0 1155 9658849 2022121711
0.00 0 0 0 1155 9658849 2022121711
0.00 0 0 0 1155 9658849 2022121711
0.00 0 0 0 1155 9658849 2022121711
0.00 0 0 0 1155 9658849 2022121711
0.00 0 0 0 1155 9658849 2022121711
0.00 0 0 0 1155 9658849 2022121711
0.00 0 0 0 1155 9658849 2022121711
0.00 0 0 0 1155 9658849 2022121711
0.00 0 0 0 1155 9658849 2022121711
0.00 0 0 0 1155 9658849 2022121711
0.00 0 0 0 1155 9658849 2022121711
0.00 0 0 0 1155 9658849 2022121711
0.00 0 0 0 1155 9658849 2022121711
0.00 0 0 0 1155 9658849 2022121711
0.00 0 0 0 1155 9658849 2022121711
0.00 0 0 0 1155 9658849 2022121711
0.00 0 0 0 1155 9658849 2022121711
0.00 0 0 0 1155 9658849 2022121711
0.00 0 0 0 1155 9658849 2022121711
0.00 0 0 0 1155 9658849 2022121711
0.00 0 0 0 1155 9658849 2022121711
0.00 0 0 0 1155 9658849 2022121711
0.00 0 0 0 1155 9658849 2022121711
0.00 0 0 0 1155 9658849 2022121711
0.00 0 0 0 1155 9658849 2022121711
0.00 0 0 0 1155 9658849 2022121711
0.00 0 0 0 1155 9658849 2022121711
0.00 0 0 0 1155 9658849 2022121711
0.00 0 0 0 1155 9658849 2022121711
0.00 0 0 0 1155 9658849 2022121711
0.00 0 0 0 1155 9658849 2022121711
0.00 0 0 0 1155 9658849 2022121711
0.00 0 0 0 1155 9658849 2022121711
136 13 0 0 1155 9658849 2022121711
0.00 0 0 0 1155 9658849 2022121711
0.00 0 0 0 1155 9658849 2022121711
52.4 5 0 0 1155 9658849 2022121711
0.00 0 0 0 1155 9658849 2022121711
0.00 0 0 0 1155 9658849 2022121711
0.00 0 0 0 1155 9658849 2022121711
0.00 0 0 0 1155 9658849 2022121711
0.00 0 0 0 1155 9658849 2022121711
0.00 0 0 0 1155 9658849 2022121711
0.00 0 0 0 1155 9658849 2022121711
0.00 0 0 0 1155 9658849 2022121711
0.00 0 0 0 1155 9658849 2022121711
0.00 0 0 0 1155 9658849 2022121711
0.00 0 0 0 1155 9658849 2022121711
0.00 0 0 0 1155 9658849 2022121711
0.00 0 0 0 1155 9658849 2022121711
0.00 0 0 0 1155 9658849 2022121711
0.00 0 0 0 1155 9658849 2022121711
0.00 0 0 0 1155 9658849 2022121711
0.00 0 0 0 1155 9658849 2022121711
0.00 0 0 0 1155 9658849 2022121711
0.00 0 0 0 1155 9658849 2022121711
0.00 0 0 0 1155 9658849 2022121711
0.00 0 0 0 1155 9658849 2022121711
0.00 0 0 0 1155 9658849 2022121711
0.00 0 0 0 1155 9658849 2022121711
0.00 0 0 0 1155 9658849 2022121711
0.00 0 0 0 1155 9658849 2022121711
0.00 0 0 0 1155 9658849 2022121711
0.00 0 0 0 1155 9658849 2022121711
0.00 0 0 0 1155 9658849 2022121711
0.00 0 0 0 1155 9658849 2022121711
0.00 0 0 0 1155 9658849 2022121711
0.00 0 0 0 1155 9658849 2022121711
0.00 0 0 0 1155 9658849 2022121711
0.00 0 0 0 1155 9658849 2022121711
0.00 0 0 0 1155 9658849 2022121711
0.00 0 0 0 1155 9658849 2022121711
0.00 0 0 0 1155 9658849 2022121711
0.00 0 0 0 1155 9658849 2022121711
0.00 0 0 0 1155 9658849 2022121711
0.00 0 0 0 1155 9658849 2022121711
0.00 0 0 0 1155 9658849 2022121711
0.00 0 0 0 1155 9658849 2022121711
0.00 0 0 0 1155 9658849 2022121711
0.00 0 0 0 1155 9658849 2022121711
0.00 0 0 0 1155 9658849 2022121711
0.00 0 0 0 1155 9658849 2022121711
0.00 0 0 0 1155 9658849 2022121711
0.00 0 0 0 1155 9658849 2022121711
0.00 0 0 0 1155 9658849 2022121711
0.00 0 0 0 1155 9658849 2022121711
0.00 0 0 0 1155 9658849 2022121711
0.00 0 0 0 1155 9658849 2022121711
0.00 0 0 0 1155 9658849 2022121711
0.00 0 0 0 1155 9658849 2022121711
0.00 0 0 0 1155 9658849 2022121711
0.00 0 0 0 1155 9658849 2022121711
0.00 0 0 0 1155 9658849 2022121711
0.00 0 0 0 1155 9658849 2022121711
0.00 0 0 0 1155 9658849 2022121711
0.00 0 0 0 1155 9658849 2022121711
0.00 0 0 0 1155 9658849 2022121711
0.00 0 0 0 1155 9658849 2022121711
0.00 0 0 0 1155 9658849 2022121711
0.00 0 0 0 1155 9658849 2022121711
0.00 0 0 0 1155 9658849 2022121711
0.00 0 0 0 1155 9658849 2022121711
0.00 0 0 0 1155 9658849 2022121711
0.00 0 0 0 1155 9658849 2022121711
0.00 0 0 0 1155 9658849 2022121711
0.00 0 0 0 1155 9658849 2022121711
0.00 0 0 0 1155 9658849 2022121711
0.00 0 0 0 1155 9658849 2022121711
0.00 0 0 0 1155 9658849 2022121711
0.00 0 0 0 1155 9658849 2022121711
0.00 0 0 0 1155 9658849 2022121711
0.00 0 0 0 1155 9658849 2022121711
0.00 0 0 0 1155 9658849 2022121711
0.00 0 0 0 1155 9658849 2022121711
0.00 0 0 0 1155 9658849 2022121711
0.00 0 0 0 1155 9658849 2022121711
0.00 0 0 0 1155 9658849 2022121711
0.00 0 0 0 1155 9658849 2022121711
0.00 0 0 0 1155 9658849 2022121711
0.00 0 0 0 1155 9658849 2022121711
0.00 0 0 0 1155 9658849 2022121711
0.00 0 0 0 1155 9658849 2022121711
0.00 0 0 0 1155 9658849 2022121711
0.00 0 0 0 1155 9658849 2022121711
0.00 0 0 0 1155 9658849 2022121711
0.00 0 0 0 1155 9658849 2022121711
249 24 0 0 1155 9658849 2022121711
0.00 0 0 0 1155 9658849 2022121711
0.00 0 0 0 1155 9658849 2022121711
0.00 0 0 0 1155 9658849 2022121711
125 12 0 0 1155 9658849 2022121711
0.00 0 0 0 1155 9658849 2022121711
192 19 0 0 1155 9658849 2022121711
0.00 0 0 0 1155 9658849 2022121711
0.00 0 0 0 1155 9658849 2022121711
52.4 5 0 0 1155 9658849 2022121711
0.00 0 0 0 1155 9658849 2022121711
0.00 0 0 0 1155 9658849 2022121711
0.00 0 0 0 1155 9658849 2022121711
0.00 0 0 0 1155 9658849 2022121711
0.00 0 0 0 1155 9658849 2022121711
0.00 0 0 0 1155 9658849 2022121711
0.00 0 0 0 1155 9658849 2022121711
0.00 0 0 0 1155 9658849 2022121711
0.00 0 0 0 1155 9658849 2022121711
0.00 0 0 0 1155 9658849 2022121711
0.00 0 0 0 1155 9658849 2022121711
0.00 0 0 0 1155 9658849 2022121711
0.00 0 0 0 1155 9658849 2022121711
0.00 0 0 0 1155 9658849 2022121711
0.00 0 0 0 1155 9658849 2022121711
0.00 0 0 0 1155 9658849 2022121711
0.00 0 0 0 1155 9658849 2022121711
0.00 0 0 0 1155 9658849 2022121711
0.00 0 0 0 1155 9658849 2022121711
0.00 0 0 0 1155 9658849 2022121711
0.00 0 0 0 1155 9658849 2022121711
0.00 0 0 0 1155 9658849 2022121711
0.00 0 0 0 1155 9658849 2022121711
0.00 0 0 0 1155 9658849 2022121711
0.00 0 0 0 1155 9658849 2022121711
0.00 0 0 0 1155 9658849 2022121711
0.00 0 0 0 1155 9658849 2022121711
0.00 0 0 0 1155 9658849 2022121711
0.00 0 0 0 1155 9658849 2022121711
0.00 0 0 0 1155 9658849 2022121711
0.00 0 0 0 1155 9658849 2022121711
0.00 0 0 0 1155 9658849 2022121711
0.00 0 0 0 1155 9658849 2022121711
0.00 0 0 0 1155 9658849 2022121711
0.00 0 0 0 1155 9658849 2022121711
0.00 0 0 0 1155 9658849 2022121711
0.00 0 0 0 1155 9658849 2022121711
0.00 0 0 0 1155 9658849 2022121711
0.00 0 0 0 1155 9658849 2022121711
0.00 0 0 0 1155 9658849 2022121711
0.00 0 0 0 1155 9658849 2022121711
0.00 0 0 0 1155 9658849 2022121711
0.00 0 0 0 1155 9658849 2022121711
0.00 0 0 0 1155 9658849 2022121711
0.00 0 0 0 1155 9658849 2022121711
0.00 0 0 0 1155 9658849 2022121711
0.00 0 0 0 1155 9658849 2022121711
0.00 0 0 0 1155 9658849 2022121711
0.00 0 0 0 1155 9658849 2022121711
0.00 0 0 0 1155 9658849 2022121711
0.00 0 0 0 1155 9658849 2022121711
0.00 0 0 0 1155 9658849 2022121711
0.00 0 0 0 1155 9658849 2022121711
0.00 0 0 0 1155 9658849 2022121711
0.00 0 0 0 1155 9658849 2022121711
0.00 0 0 0 1155 9658849 2022121711
0.00 0 0 0 1155 9658849 2022121711
0.00 0 0 0 1155 9658849 2022121711
0.00 0 0 0 1155 9658849 2022121711
0.00 0 0 0 1155 9658849 2022121711
0.00 0 0 0 1155 9658849 2022121711
0.00 0 0 0 1155 9658849 2022121711
0.00 0 0 0 1155 9658849 2022121711
0.00 0 0 0 1155 9658849 2022121711
0.00 0 0 0 1155 9658849 2022121711
0.00 0 0 0 1155 9658849 2022121711
0.00 0 0 0 1155 9658849 2022121711
0.00 0 0 0 1155 9658849 2022121711
0.00 0 0 0 1155 9658849 2022121711
0.00 0 0 0 1155 9658849 2022121711
0.00 0 0 0 1155 9658849 2022121711
0.00 0 0 0 1155 9658849 2022121711
0.00 0 0 0 1155 9658849 2022121711
0.00 0 0 0 1155 9658849 2022121711
0.00 0 0 0 1155 9658849 2022121711
0.00 0 0 0 1155 9658849 2022121711
0.00 0 0 0 1155 9658849 2022121711
0.00 0 0 0 1155 9658849 2022121711
0.00 0 0 0 1155 9658849 2022121711
0.00 0 0 0 1155 9658849 2022121711
0.00 0 0 0 1155 9658849 2022121711
0.00 0 0 0 1155 9658849 2022121711
0.00 0 0 0 1155 9658849 2022121711
0.00 0 0 0 1155 9658849 2022121711
0.00 0 0 0 1155 9658849 2022121711
0.00 0 0 0 1155 9658849 2022121711
0.00 0 0 0 1155 9658849 2022121711
0.00 0 0 0 1155 9658849 2022121711
0.00 0 0 0 1155 9658849 2022121711
0.00 0 0 0 1155 9658849 2022121711
0.00 0 0 0 1155 9658849 2022121711
0.00 0 0 0 1155 9658849 2022121711
0.00 0 0 0 1155 9658849 2022121711
0.00 0 0 0 1155 9658849 2022121711
0.00 0 0 0 1155 9658849 2022121711
0.00 0 0 0 1155 9658849 2022121711
0.00 0 0 0 1155 9658849 2022121711
0.00 0 0 0 1155 9658849 2022121711
0.00 0 0 0 1155 9658849 2022121711
0.00 0 0 0 1155 9658849 2022121711
0.00 0 0 0 1155 9658849 2022121711
0.00 0 0 0 1155 9658849 2022121711
0.00 0 0 0 1155 9658849 2022121711
0.00 0 0 0 1155 9658849 2022121711
166 16 0 0 1155 118067 2022121711
0.00 0 0 0 1155 118067 2022121711
62.4 6 0 0 1155 118339 2022121711
72.7 7 0 0 1155 117076 2022121711
93.5 9 0 0 1155 117234 2022121711
62.4 6 0 0 1155 117155 2022121711
52.0 5 0 0 1155 114147 2022121711
72.7 7 0 0 1156 113691 2022121711
120 12 0 0 1159 118540 2022121711
67.6 7 0 0 1162 117586 2022121711
62.4 6 0 0 1165 117309 2022121711
57.2 6 0 0 1167 118200 2022121711
130 13 0 0 1174 117002 2022121711
62.4 6 0 0 1177 118278 2022121711
72.7 7 0 0 1180 117057 2022121711
57.2 6 0 0 1184 116985 2022121711
125 12 0 0 1191 117879 2022121711
67.6 7 0 0 1195 117410 2022121711
62.4 6 0 0 1198 117846 2022121711
67.6 7 0 0 1202 117956 2022121711
125 13 0 0 1212 117872 2022121711
67.6 7 0 0 1216 117297 2022121711
67.6 7 0 0 1218 113486 2022121711
62.4 6 0 0 1224 118453 2022121711
135 13 0 0 1234 117320 2022121711
62.4 6 0 0 1239 118352 2022121711
72.7 7 0 0 1242 113501 2022121711
67.6 7 0 0 1247 117574 2022121711
135 13 0 0 1260 118120 2022121711
67.6 7 0 0 1265 117137 2022121711
62.4 6 0 0 1269 118171 2022121711
72.7 7 0 0 1276 117281 2022121711
135 14 0 0 1289 117908 2022121711
72.7 7 0 0 1297 117583 2022121711
67.6 7 0 0 1303 117630 2022121711
67.6 7 0 0 1309 117611 2022121711
140 14 0 0 1322 117680 2022121711
72.7 7 0 0 1329 117997 2022121711
72.7 7 0 0 1338 117803 2022121711
72.7 7 0 0 1344 117853 2022121711
145 15 0 0 1360 117634 2022121711
72.7 7 0 0 1367 117563 2022121711
72.7 7 0 0 1376 118291 2022121711
77.9 8 0 0 1384 117357 2022121711
145 14 0 2 937 117941 2022121711
77.9 8 0 12 932 119220 2022121711
5.20 1 0 0 932 119852 2022121711
0.00 0 1 0 988 113896 2022121711
151 15 0 0 1005 119045 2022121711
77.9 8 0 0 1019 117438 2022121711
46.8 5 0 0 1028 117079 2022121711
36.4 4 0 0 1035 118988 2022121711
125 12 0 0 1059 117084 2022121711
41.6 4 0 0 1065 119126 2022121711
83.1 8 0 0 1076 117356 2022121711
41.6 4 0 0 1085 117158 2022121711
120 12 0 0 1103 117361 2022121711
57.2 6 0 0 1111 117760 2022121711
52.0 5 0 0 1119 118871 2022121711
67.6 7 0 0 1127 117639 2022121711
114 12 0 0 1144 118875 2022121711
72.7 7 0 0 1152 117844 2022121711
57.2 6 0 0 1159 117280 2022121711
57.2 6 0 0 1166 118779 2022121711
120 12 0 0 1181 118319 2022121711
67.6 7 0 0 1189 118327 2022121711
67.6 7 0 0 1196 117538 2022121711
57.2 6 0 0 1202 114673 2022121711
140 14 0 0 1229 118158 2022121711
57.2 6 0 0 1236 117571 2022121711
0.00 0 0 0 1236 117571 2022121711
0.00 0 0 0 1236 117571 2022121711
234 23 0 0 1242 117087 2022121711
62.4 6 0 0 1247 118093 2022121711
140 14 0 0 1257 117300 2022121711
62.4 6 0 0 1261 118147 2022121711
72.7 7 0 0 1268 117611 2022121711
67.6 7 0 0 1274 117297 2022121711
140 14 0 0 1283 117608 2022121711
67.6 7 0 0 1287 117377 2022121711
62.4 6 0 0 1292 118569 2022121711
77.9 8 0 0 1294 117355 2022121711
120 12 0 0 1294 117228 2022121711
41.6 4 0 0 1309 117086 2022121711
62.4 6 0 0 1314 116857 2022121711
0.00 0 0 0 1314 116857 2022121711
0.00 0 0 0 1314 116857 2022121711
136 13 0 0 1314 120374 2022121711
0.00 0 0 0 1314 120374 2022121711
0.00 0 0 0 1314 120374 2022121711
207 20 0 2 930 119760 2022121711
0.00 0 0 0 930 119760 2022121711
0.00 0 0 0 930 119760 2022121711
145 14 0 0 954 118725 2022121711
0.00 0 0 0 954 118725 2022121711
156 15 0 0 967 117396 2022121711
0.00 0 0 0 967 117396 2022121711
72.7 7 0 0 972 117303 2022121711
83.1 8 0 0 980 117393 2022121711
36.4 4 0 0 988 117343 2022121711
83.1 8 0 0 1001 117774 2022121711
0.00 0 0 0 1001 117774 2022121711
41.9 4 0 0 1003 117527 2022121711
114 11 0 0 1019 324124 2022121711
0.00 0 0 0 1042 324124 2022121711
0.00 0 0 0 1042 324124 2022121711
105 10 0 0 1042 324124 2022121711
0.00 0 0 0 1042 324124 2022121711
0.00 0 0 0 1042 324124 2022121711
191 19 0 0 1061 117900 2022121711
0.00 0 0 0 1061 117900 2022121711
0.00 0 0 0 1061 117900 2022121711
0.00 0 0 0 1061 117900 2022121711
0.00 0 0 0 1061 117900 2022121711
260 25 0 0 1076 118868 2022121711
0.00 0 0 0 1076 118868 2022121711
0.00 0 0 0 1076 118868 2022121711
0.00 0 0 0 1076 118868 2022121711
0.00 0 0 0 1076 118868 2022121711
330 32 0 0 1087 116879 2022121711
0.00 0 0 0 1087 116879 2022121711
0.00 0 0 0 1087 116879 2022121711
0.00 0 0 0 1087 116879 2022121711
208 20 0 0 1092 117092 2022121711
88.3 9 0 0 1093 118632 2022121711
88.3 9 0 0 1094 116460 2022121711
135 14 0 0 1103 120052 2022121711
0.00 0 0 0 1103 120052 2022121711
135 13 0 0 1107 117067 2022121711
88.3 9 0 0 1110 118904 2022121711
0.00 0 0 0 1110 118904 2022121711
135 13 0 0 1115 9985753 2022121711
0.00 0 0 0 1634 9985753 2022121711
0.00 0 0 0 1634 9985753 2022121711
0.00 0 0 0 1634 9985753 2022121711
189 18 0 0 1634 9985753 2022121711
0.00 0 0 0 1634 9985753 2022121711
0.00 0 0 0 1634 9985753 2022121711
0.00 0 0 0 1634 9985753 2022121711
0.00 0 0 0 1634 9985753 2022121711
0.00 0 0 0 1634 9985753 2022121711
0.00 0 0 0 1634 9985753 2022121711
0.00 0 0 0 1634 9985753 2022121711
0.00 0 0 0 1634 9985753 2022121711
0.00 0 0 0 1634 9985753 2022121711
0.00 0 0 0 1634 9985753 2022121711
0.00 0 0 0 1634 9985753 2022121711
0.00 0 0 0 1634 9985753 2022121711
0.00 0 0 0 1634 9985753 2022121711
0.00 0 0 0 1634 9985753 2022121711
0.00 0 0 0 1634 9985753 2022121711
0.00 0 0 0 1634 9985753 2022121711
0.00 0 0 0 1634 9985753 2022121711
0.00 0 0 0 1634 9985753 2022121711
0.00 0 0 0 1634 9985753 2022121711
0.00 0 0 0 1634 9985753 2022121711
0.00 0 0 0 1634 9985753 2022121711
0.00 0 0 0 1634 9985753 2022121711
0.00 0 0 0 1634 9985753 2022121711
0.00 0 0 0 1634 9985753 2022121711
0.00 0 0 0 1634 9985753 2022121711
0.00 0 0 0 1634 9985753 2022121711
0.00 0 0 0 1634 9985753 2022121711
0.00 0 0 0 1634 9985753 2022121711
0.00 0 0 0 1634 9985753 2022121711
0.00 0 0 0 1634 9985753 2022121711
0.00 0 0 0 1634 9985753 2022121711
0.00 0 0 0 1634 9985753 2022121711
0.00 0 0 0 1634 9985753 2022121711
0.00 0 0 0 1634 9985753 2022121711
0.00 0 0 0 1634 9985753 2022121711
0.00 0 0 0 1634 9985753 2022121711
0.00 0 0 0 1634 9985753 2022121711
0.00 0 0 0 1634 9985753 2022121711
0.00 0 0 0 1634 9985753 2022121711
0.00 0 0 0 1634 9985753 2022121711
0.00 0 0 0 1634 9985753 2022121711
0.00 0 0 0 1634 9985753 2022121711
0.00 0 0 0 1634 9985753 2022121711
0.00 0 0 0 1634 9985753 2022121711
0.00 0 0 0 1634 9985753 2022121711
0.00 0 0 0 1634 9985753 2022121711
0.00 0 0 0 1634 9985753 2022121711
0.00 0 0 0 1634 9985753 2022121711
0.00 0 0 0 1634 9985753 2022121711
0.00 0 0 0 1634 9985753 2022121711
0.00 0 0 0 1634 9985753 2022121711
0.00 0 0 0 1634 9985753 2022121711
0.00 0 0 0 1634 9985753 2022121711
0.00 0 0 0 1634 9985753 2022121711
0.00 0 0 0 1634 9985753 2022121711
0.00 0 0 0 1634 9985753 2022121711
0.00 0 0 0 1634 9985753 2022121711
0.00 0 0 0 1634 9985753 2022121711
0.00 0 0 0 1634 9985753 2022121711
0.00 0 0 0 1634 9985753 2022121711
0.00 0 0 0 1634 9985753 2022121711
0.00 0 0 0 1634 9985753 2022121711
0.00 0 0 0 1634 9985753 2022121711
0.00 0 0 0 1634 9985753 2022121711
0.00 0 0 0 1634 9985753 2022121711
0.00 0 0 0 1634 9985753 2022121711
0.00 0 0 0 1634 9985753 2022121711
0.00 0 0 0 1634 9985753 2022121711
0.00 0 0 0 1634 9985753 2022121711
0.00 0 0 0 1634 9985753 2022121711
0.00 0 0 0 1634 9985753 2022121711
0.00 0 0 0 1634 9985753 2022121711
0.00 0 0 0 1634 9985753 2022121711
0.00 0 0 0 1634 9985753 2022121711
0.00 0 0 0 1634 9985753 2022121711
0.00 0 0 0 1634 9985753 2022121711
0.00 0 0 0 1634 9985753 2022121711
0.00 0 0 0 1634 9985753 2022121711
0.00 0 0 0 1634 9985753 2022121711
0.00 0 0 0 1634 9985753 2022121711
0.00 0 0 0 1634 9985753 2022121711
0.00 0 0 0 1634 9985753 2022121711
0.00 0 0 0 1634 9985753 2022121711
0.00 0 0 0 1634 9985753 2022121711
0.00 0 0 0 1634 9985753 2022121711
0.00 0 0 0 1634 9985753 2022121711
0.00 0 0 0 1634 9985753 2022121711
0.00 0 0 0 1634 9985753 2022121711
0.00 0 0 0 1634 9985753 2022121711
0.00 0 0 0 1634 9985753 2022121711
0.00 0 0 0 1634 9985753 2022121711
0.00 0 0 0 1634 9985753 2022121711
0.00 0 0 0 1634 9985753 2022121711
0.00 0 0 0 1634 9985753 2022121711
0.00 0 0 0 1634 9985753 2022121711
0.00 0 0 0 1634 9985753 2022121711
0.00 0 0 0 1634 9985753 2022121711
0.00 0 0 0 1634 9985753 2022121711
0.00 0 0 0 1634 9985753 2022121711
0.00 0 0 0 1634 9985753 2022121711
0.00 0 0 0 1634 9985753 2022121711
0.00 0 0 0 1634 9985753 2022121711
0.00 0 0 0 1634 9985753 2022121711
0.00 0 0 0 1634 9985753 2022121711
0.00 0 0 0 1634 9985753 2022121711
0.00 0 0 0 1634 9985753 2022121711
0.00 0 0 0 1634 9985753 2022121711
0.00 0 0 0 1634 9985753 2022121711
0.00 0 0 0 1634 9985753 2022121711
0.00 0 0 0 1634 9985753 2022121711
0.00 0 0 0 1634 9985753 2022121711
0.00 0 0 0 1634 9985753 2022121711
0.00 0 0 0 1634 9985753 2022121711
0.00 0 0 0 1634 9985753 2022121711
0.00 0 0 0 1634 9985753 2022121711
0.00 0 0 0 1634 9985753 2022121711
24.1 1485 3 295 1634 9985753 2022121711
0.00 0 0 0 981 119377 2022121711
0.00 0 0 0 981 119377 2022121711
0.00 0 0 0 981 119377 2022121711
0.00 0 0 0 981 119377 2022121711
0.00 0 0 0 981 119377 2022121711
0.00 0 0 0 981 119377 2022121711
0.00 0 0 0 981 119377 2022121711
0.00 0 0 0 981 119377 2022121711
0.00 0 0 0 981 119377 2022121711
0.00 0 0 0 981 119377 2022121711
0.00 0 0 0 981 119377 2022121711
0.00 0 0 0 981 119377 2022121711
0.00 0 0 0 981 119377 2022121711
0.00 0 0 0 981 119377 2022121711
0.00 0 0 0 981 119377 2022121711
0.00 0 0 0 981 119377 2022121711
0.00 0 0 0 981 119377 2022121711
0.00 0 0 0 981 119377 2022121711
0.00 0 0 0 981 119377 2022121711
0.00 0 0 0 981 119377 2022121711
0.00 0 0 0 981 119377 2022121711
0.00 0 0 0 981 119377 2022121711
0.00 0 0 0 981 119377 2022121711
0.00 0 0 0 981 119377 2022121711
0.00 0 0 0 981 119377 2022121711
0.00 0 0 0 981 119377 2022121711
0.00 0 0 0 981 119377 2022121711
0.00 0 0 0 981 119377 2022121711
0.00 0 0 0 981 119377 2022121711
0.00 0 0 0 981 119377 2022121711
0.00 0 0 0 981 119377 2022121711
0.00 0 0 0 981 119377 2022121711
0.00 0 0 0 981 119377 2022121711
0.00 0 0 0 981 119377 2022121711
0.00 0 0 0 981 119377 2022121711
0.00 0 0 0 981 119377 2022121711
0.00 0 0 0 981 119377 2022121711
0.00 0 0 0 981 119377 2022121711
0.00 0 0 0 981 119377 2022121711
0.00 0 0 0 981 119377 2022121711
0.00 0 0 0 981 119377 2022121711
0.00 0 0 0 981 119377 2022121711
0.00 0 0 0 981 119377 2022121711
0.00 0 0 0 981 119377 2022121711
0.00 0 0 0 981 119377 2022121711
0.00 0 0 0 981 119377 2022121711
0.00 0 0 0 981 119377 2022121711
0.00 0 0 0 981 119377 2022121711
0.00 0 0 0 981 119377 2022121711
0.00 0 0 0 981 119377 2022121711
0.00 0 0 0 981 119377 2022121711
0.00 0 0 0 981 119377 2022121711
0.00 0 0 0 981 119377 2022121711
0.00 0 0 0 981 119377 2022121711
0.00 0 0 0 981 119377 2022121711
0.00 0 0 0 981 119377 2022121711
0.00 0 0 0 981 119377 2022121711
0.00 0 0 0 981 119377 2022121711
0.00 0 0 0 981 119377 2022121711
0.00 0 0 0 981 119377 2022121711
0.00 0 0 0 981 119377 2022121711
0.00 0 0 0 981 119377 2022121711
0.00 0 0 0 981 119377 2022121711
0.00 0 0 0 981 119377 2022121711
0.00 0 0 0 981 119377 2022121711
0.00 0 0 0 981 119377 2022121711
0.00 0 0 0 981 119377 2022121711
0.00 0 0 0 981 119377 2022121711
0.00 0 0 0 981 119377 2022121711
0.00 0 0 0 981 119377 2022121711
0.00 0 0 0 981 119377 2022121711
0.00 0 0 0 981 119377 2022121711
0.00 0 0 0 981 119377 2022121711
13.7 952 7 113 981 119377 2022121711
