13.7 2 0 0 27 117854 2022121700
0.00 0 1 0 55 119390 2022121700
10.4 1 0 0 110 119395 2022121700
18.2 2 0 0 133 119266 2022121700
28.6 3 0 0 267 114238 2022121700
41.6 4 0 0 267 114238 2022121700
0.00 0 1 0 315 148585 2022121700
77.9 8 0 0 325 116955 2022121700
0.00 0 1 0 330 114767 2022121700
67.6 7 0 0 357 116912 2022121700
5.20 1 0 0 365 118450 2022121700
41.6 4 0 0 383 117627 2022121700
15.6 2 0 0 391 116842 2022121700
57.2 6 0 0 417 117083 2022121700
20.8 2 0 0 430 116961 2022121700
20.8 2 0 0 441 119552 2022121700
46.8 5 0 0 460 118395 2022121700
46.8 5 0 0 486 119426 2022121700
46.8 5 0 0 507 117913 2022121700
31.2 3 0 0 522 117127 2022121700
20.8 2 0 0 535 119265 2022121700
88.3 9 0 0 575 117233 2022121700
20.8 2 0 0 577 119257 2022121700
57.2 6 0 0 603 118143 2022121700
36.4 4 0 0 621 117674 2022121700
88.3 9 0 0 666 118074 2022121700
36.4 4 0 0 685 117376 2022121700
26.0 3 0 0 701 119188 2022121700
57.2 6 0 0 733 117825 2022121700
57.2 6 0 0 739 119187 2022121700
62.4 6 0 0 773 117684 2022121700
31.2 3 0 0 794 117454 2022121700
26.0 3 0 0 814 119113 2022121700
98.7 10 0 0 875 117392 2022121700
31.2 3 0 0 897 119074 2022121700
67.6 7 0 0 939 117385 2022121700
41.6 4 0 0 965 117102 2022121700
109 11 0 0 1013 116950 2022121700
41.6 4 0 0 1038 117547 2022121700
41.6 4 0 0 1065 116104 2022121700
77.9 8 0 34 168 117458 2022121700
20.8 2 0 28 110 122822 2022121700
10.4 2 0 110 761 119618 2022121700
88.3 9 0 0 762 112957 2022121700
10.4 1 0 0 772 120504 2022121700
67.6 7 0 0 783 117609 2022121700
57.2 6 0 0 801 119702 2022121700
67.6 7 0 0 814 118212 2022121700
36.4 4 0 0 823 120943 2022121700
93.5 10 0 0 839 122019 2022121700
36.4 4 0 0 846 113387 2022121700
31.2 3 0 0 850 118436 2022121700
67.6 7 0 0 860 118246 2022121700
72.7 7 0 0 871 122499 2022121700
67.6 7 0 0 881 117504 2022121700
41.6 4 0 0 888 117602 2022121700
31.2 3 0 0 892 118795 2022121700
67.6 7 0 0 897 116921 2022121700
83.1 8 0 0 911 117131 2022121700
31.2 3 0 0 915 114659 2022121700
72.7 7 0 0 921 117893 2022121700
77.9 8 0 0 932 120346 2022121700
72.7 7 0 0 940 113189 2022121700
36.4 4 0 0 945 117732 2022121700
41.6 4 0 0 948 119223 2022121700
67.6 7 0 0 955 118936 2022121700
83.1 8 0 0 965 118267 2022121700
72.7 7 0 0 970 118181 2022121700
31.2 3 0 0 974 118471 2022121700
52.0 5 0 0 979 118078 2022121700
109 11 0 0 984 117743 2022121700
46.8 5 0 0 988 117985 2022121700
57.2 6 0 0 992 118192 2022121700
57.2 6 0 0 996 118203 2022121700
104 11 0 0 1003 118181 2022121700
57.2 6 0 0 1016 118238 2022121700
0.00 0 0 0 1016 118238 2022121700
0.00 0 0 0 1016 118238 2022121700
213 21 0 0 1020 118390 2022121700
57.2 6 0 0 1023 118245 2022121700
57.2 6 0 0 1025 117556 2022121700
52.0 5 0 0 1028 118548 2022121700
120 12 0 0 1032 117598 2022121700
52.0 5 0 0 1035 118597 2022121700
57.2 6 0 0 1038 118587 2022121700
57.2 6 0 0 1039 117497 2022121700
109 11 0 0 1043 114196 2022121700
62.4 6 0 0 1047 113956 2022121700
52.0 5 0 0 1049 114051 2022121700
57.2 6 0 0 1052 118266 2022121700
114 12 0 0 1053 118286 2022121700
52.0 5 0 0 1056 129947 2022121700
73.4 7 0 0 1057 120519 2022121700
82.5 8 0 0 1061 117811 2022121700
0.00 0 0 0 1061 117811 2022121700
0.00 0 0 0 1061 117811 2022121700
130 13 0 0 1067 119381 2022121700
0.00 0 0 0 1067 119381 2022121700
0.00 0 0 0 1067 119381 2022121700
0.00 0 0 0 1067 119381 2022121700
0.00 0 0 0 1067 119381 2022121700
330 32 0 0 1072 118697 2022121700
0.00 0 0 0 1072 118697 2022121700
0.00 0 0 0 1072 118697 2022121700
0.00 0 0 0 1072 118697 2022121700
0.00 0 0 0 1072 118697 2022121700
0.00 0 0 0 1072 118697 2022121700
0.00 0 0 0 1072 118697 2022121700
52.4 5 0 0 1072 2708904 2022121700
10.5 1 0 0 1072 3817059 2022121700
0.00 0 0 0 1072 3817059 2022121700
0.00 0 0 0 1072 3817059 2022121700
0.00 0 0 0 1072 3817059 2022121700
0.00 0 0 0 1072 3817059 2022121700
0.00 0 0 0 1072 3817059 2022121700
0.00 0 0 0 1072 3817059 2022121700
0.00 0 0 0 1072 3817059 2022121700
0.00 0 0 0 1072 3817059 2022121700
0.00 0 0 0 1072 3817059 2022121700
0.00 0 0 0 1072 3817059 2022121700
0.00 0 0 0 1072 3817059 2022121700
0.00 0 0 0 1072 3817059 2022121700
0.00 0 0 0 1072 3817059 2022121700
0.00 0 0 0 1072 3817059 2022121700
0.00 0 0 0 1072 3817059 2022121700
0.00 0 0 0 1072 3817059 2022121700
0.00 0 0 0 1072 3817059 2022121700
0.00 0 0 0 1072 3817059 2022121700
0.00 0 0 0 1072 3817059 2022121700
0.00 0 0 0 1072 3817059 2022121700
0.00 0 0 0 1072 3817059 2022121700
0.00 0 0 0 1072 3817059 2022121700
0.00 0 0 0 1072 3817059 2022121700
0.00 0 0 0 1072 3817059 2022121700
0.00 0 0 0 1072 3817059 2022121700
0.00 0 0 0 1072 3817059 2022121700
0.00 0 0 0 1072 3817059 2022121700
0.00 0 0 0 1072 3817059 2022121700
0.00 0 0 0 1072 3817059 2022121700
0.00 0 0 0 1072 3817059 2022121700
0.00 0 0 0 1072 3817059 2022121700
0.00 0 0 0 1072 3817059 2022121700
0.00 0 0 0 1072 3817059 2022121700
0.00 0 0 0 1072 3817059 2022121700
0.00 0 0 0 1072 3817059 2022121700
0.00 0 0 0 1072 3817059 2022121700
0.00 0 0 0 1072 3817059 2022121700
0.00 0 0 0 1072 3817059 2022121700
0.00 0 0 0 1072 3817059 2022121700
0.00 0 0 0 1072 3817059 2022121700
0.00 0 0 0 1072 3817059 2022121700
0.00 0 0 0 1072 3817059 2022121700
0.00 0 0 0 1072 3817059 2022121700
0.00 0 0 0 1072 3817059 2022121700
0.00 0 0 0 1072 3817059 2022121700
0.00 0 0 0 1072 3817059 2022121700
0.00 0 0 0 1072 3817059 2022121700
0.00 0 0 0 1072 3817059 2022121700
0.00 0 0 0 1072 3817059 2022121700
0.00 0 0 0 1072 3817059 2022121700
0.00 0 0 0 1072 3817059 2022121700
0.00 0 0 0 1072 3817059 2022121700
0.00 0 0 0 1072 3817059 2022121700
0.00 0 0 0 1072 3817059 2022121700
0.00 0 0 0 1072 3817059 2022121700
0.00 0 0 0 1072 3817059 2022121700
0.00 0 0 0 1072 3817059 2022121700
0.00 0 0 0 1072 3817059 2022121700
0.00 0 0 0 1072 3817059 2022121700
0.00 0 0 0 1072 3817059 2022121700
0.00 0 0 0 1072 3817059 2022121700
0.00 0 0 0 1072 3817059 2022121700
0.00 0 0 0 1072 3817059 2022121700
0.00 0 0 0 1072 3817059 2022121700
0.00 0 0 0 1072 3817059 2022121700
0.00 0 0 0 1072 3817059 2022121700
0.00 0 0 0 1072 3817059 2022121700
0.00 0 0 0 1072 3817059 2022121700
0.00 0 0 0 1072 3817059 2022121700
0.00 0 0 0 1072 3817059 2022121700
0.00 0 0 0 1072 3817059 2022121700
0.00 0 0 0 1072 3817059 2022121700
0.00 0 0 0 1072 3817059 2022121700
0.00 0 0 0 1072 3817059 2022121700
0.00 0 0 0 1072 3817059 2022121700
0.00 0 0 0 1072 3817059 2022121700
0.00 0 0 0 1072 3817059 2022121700
0.00 0 0 0 1072 3817059 2022121700
0.00 0 0 0 1072 3817059 2022121700
0.00 0 0 0 1072 3817059 2022121700
0.00 0 0 0 1072 3817059 2022121700
0.00 0 0 0 1072 3817059 2022121700
0.00 0 0 0 1072 3817059 2022121700
0.00 0 0 0 1072 3817059 2022121700
0.00 0 0 0 1072 3817059 2022121700
0.00 0 0 0 1072 3817059 2022121700
0.00 0 0 0 1072 3817059 2022121700
0.00 0 0 0 1072 3817059 2022121700
0.00 0 0 0 1072 3817059 2022121700
0.00 0 0 0 1072 3817059 2022121700
0.00 0 0 0 1072 3817059 2022121700
0.00 0 0 0 1072 3817059 2022121700
0.00 0 0 0 1072 3817059 2022121700
0.00 0 0 0 1072 3817059 2022121700
0.00 0 0 0 1072 3817059 2022121700
0.00 0 0 0 1072 3817059 2022121700
0.00 0 0 0 1072 3817059 2022121700
0.00 0 0 0 1072 3817059 2022121700
0.00 0 0 0 1072 3817059 2022121700
0.00 0 0 0 1072 3817059 2022121700
0.00 0 0 0 1072 3817059 2022121700
0.00 0 0 0 1072 3817059 2022121700
0.00 0 0 0 1072 3817059 2022121700
0.00 0 0 0 1072 3817059 2022121700
0.00 0 0 0 1072 3817059 2022121700
0.00 0 0 0 1072 3817059 2022121700
0.00 0 0 0 1072 3817059 2022121700
0.00 0 0 0 1072 3817059 2022121700
0.00 0 0 0 1072 3817059 2022121700
0.00 0 0 0 1072 3817059 2022121700
83.9 8 0 0 1072 3817059 2022121700
0.00 0 0 0 1072 3817059 2022121700
0.00 0 0 0 1072 3817059 2022121700
0.00 0 0 0 1072 3817059 2022121700
0.00 0 0 0 1072 3817059 2022121700
0.00 0 0 0 1072 3817059 2022121700
0.00 0 0 0 1072 3817059 2022121700
0.00 0 0 0 1072 3817059 2022121700
0.00 0 0 0 1072 3817059 2022121700
0.00 0 0 0 1072 3817059 2022121700
0.00 0 0 0 1072 3817059 2022121700
0.00 0 0 0 1072 3817059 2022121700
0.00 0 0 0 1072 3817059 2022121700
0.00 0 0 0 1072 3817059 2022121700
0.00 0 0 0 1072 3817059 2022121700
0.00 0 0 0 1072 3817059 2022121700
0.00 0 0 0 1072 3817059 2022121700
0.00 0 0 0 1072 3817059 2022121700
0.00 0 0 0 1072 3817059 2022121700
0.00 0 0 0 1072 3817059 2022121700
0.00 0 0 0 1072 3817059 2022121700
0.00 0 0 0 1072 3817059 2022121700
0.00 0 0 0 1072 3817059 2022121700
0.00 0 0 0 1072 3817059 2022121700
0.00 0 0 0 1072 3817059 2022121700
0.00 0 0 0 1072 3817059 2022121700
0.00 0 0 0 1072 3817059 2022121700
0.00 0 0 0 1072 3817059 2022121700
0.00 0 0 0 1072 3817059 2022121700
0.00 0 0 0 1072 3817059 2022121700
0.00 0 0 0 1072 3817059 2022121700
0.00 0 0 0 1072 3817059 2022121700
0.00 0 0 0 1072 3817059 2022121700
0.00 0 0 0 1072 3817059 2022121700
0.00 0 0 0 1072 3817059 2022121700
0.00 0 0 0 1072 3817059 2022121700
0.00 0 0 0 1072 3817059 2022121700
0.00 0 0 0 1072 3817059 2022121700
0.00 0 0 0 1072 3817059 2022121700
0.00 0 0 0 1072 3817059 2022121700
0.00 0 0 0 1072 3817059 2022121700
0.00 0 0 0 1072 3817059 2022121700
0.00 0 0 0 1072 3817059 2022121700
0.00 0 0 0 1072 3817059 2022121700
0.00 0 0 0 1072 3817059 2022121700
0.00 0 0 0 1072 3817059 2022121700
0.00 0 0 0 1072 3817059 2022121700
0.00 0 0 0 1072 3817059 2022121700
0.00 0 0 0 1072 3817059 2022121700
0.00 0 0 0 1072 3817059 2022121700
0.00 0 0 0 1072 3817059 2022121700
0.00 0 0 0 1072 3817059 2022121700
0.00 0 0 0 1072 3817059 2022121700
0.00 0 0 0 1072 3817059 2022121700
0.00 0 0 0 1072 3817059 2022121700
0.00 0 0 0 1072 3817059 2022121700
0.00 0 0 0 1072 3817059 2022121700
0.00 0 0 0 1072 3817059 2022121700
0.00 0 0 0 1072 3817059 2022121700
0.00 0 0 0 1072 3817059 2022121700
0.00 0 0 0 1072 3817059 2022121700
0.00 0 0 0 1072 3817059 2022121700
0.00 0 0 0 1072 3817059 2022121700
0.00 0 0 0 1072 3817059 2022121700
0.00 0 0 0 1072 3817059 2022121700
0.00 0 0 0 1072 3817059 2022121700
0.00 0 0 0 1072 3817059 2022121700
0.00 0 0 0 1072 3817059 2022121700
0.00 0 0 0 1072 3817059 2022121700
0.00 0 0 0 1072 3817059 2022121700
0.00 0 0 0 1072 3817059 2022121700
0.00 0 0 0 1072 3817059 2022121700
0.00 0 0 0 1072 3817059 2022121700
0.00 0 0 0 1072 3817059 2022121700
0.00 0 0 0 1072 3817059 2022121700
0.00 0 0 0 1072 3817059 2022121700
0.00 0 0 0 1072 3817059 2022121700
0.00 0 0 0 1072 3817059 2022121700
0.00 0 0 0 1072 3817059 2022121700
0.00 0 0 0 1072 3817059 2022121700
0.00 0 0 0 1072 3817059 2022121700
0.00 0 0 0 1072 3817059 2022121700
0.00 0 0 0 1072 3817059 2022121700
0.00 0 0 0 1072 3817059 2022121700
0.00 0 0 0 1072 3817059 2022121700
0.00 0 0 0 1072 3817059 2022121700
0.00 0 0 0 1072 3817059 2022121700
0.00 0 0 0 1072 3817059 2022121700
0.00 0 0 0 1072 3817059 2022121700
0.00 0 0 0 1072 3817059 2022121700
0.00 0 0 0 1072 3817059 2022121700
0.00 0 0 0 1072 3817059 2022121700
0.00 0 0 0 1072 3817059 2022121700
0.00 0 0 0 1072 3817059 2022121700
0.00 0 0 0 1072 3817059 2022121700
0.00 0 0 0 1072 3817059 2022121700
0.00 0 0 0 1072 3817059 2022121700
0.00 0 0 0 1072 3817059 2022121700
0.00 0 0 0 1072 3817059 2022121700
0.00 0 0 0 1072 3817059 2022121700
0.00 0 0 0 1072 3817059 2022121700
0.00 0 0 0 1072 3817059 2022121700
0.00 0 0 0 1072 3817059 2022121700
0.00 0 0 0 1072 3817059 2022121700
0.00 0 0 0 1072 3817059 2022121700
0.00 0 0 0 1072 3817059 2022121700
0.00 0 0 0 1072 3817059 2022121700
0.00 0 0 0 1072 3817059 2022121700
0.00 0 0 0 1072 3817059 2022121700
0.00 0 0 0 1072 3817059 2022121700
0.00 0 0 0 1072 3817059 2022121700
0.00 0 0 0 1072 3817059 2022121700
0.00 0 0 0 1072 3817059 2022121700
0.00 0 0 0 1072 3817059 2022121700
0.00 0 0 0 1072 3817059 2022121700
0.00 0 0 0 1072 3817059 2022121700
73.4 7 0 0 1875 183808 2022121700
0.00 0 0 0 1875 183808 2022121700
0.00 0 0 0 1875 183808 2022121700
0.00 0 0 0 1875 183808 2022121700
0.00 0 0 0 1875 183808 2022121700
0.00 0 0 0 1875 183808 2022121700
0.00 0 0 0 1875 183808 2022121700
0.00 0 0 0 1875 183808 2022121700
0.00 0 0 0 1875 183808 2022121700
0.00 0 0 0 1875 183808 2022121700
0.00 0 0 0 1875 183808 2022121700
0.00 0 0 0 1875 183808 2022121700
0.00 0 0 0 1875 183808 2022121700
0.00 0 0 0 1875 183808 2022121700
0.00 0 0 0 1875 183808 2022121700
0.00 0 0 0 1875 183808 2022121700
0.00 0 0 0 1875 183808 2022121700
0.00 0 0 0 1875 183808 2022121700
0.00 0 0 0 1875 183808 2022121700
0.00 0 0 0 1875 183808 2022121700
0.00 0 0 0 1875 183808 2022121700
0.00 0 0 0 1875 183808 2022121700
0.00 0 0 0 1875 183808 2022121700
0.00 0 0 0 1875 183808 2022121700
0.00 0 0 0 1875 183808 2022121700
0.00 0 0 0 1875 183808 2022121700
0.00 0 0 0 1875 183808 2022121700
0.00 0 0 0 1875 183808 2022121700
0.00 0 0 0 1875 183808 2022121700
0.00 0 0 0 1875 183808 2022121700
0.00 0 0 0 1875 183808 2022121700
0.00 0 0 0 1875 183808 2022121700
0.00 0 0 0 1875 183808 2022121700
0.00 0 0 0 1875 183808 2022121700
0.00 0 0 0 1875 183808 2022121700
0.00 0 0 0 1875 183808 2022121700
0.00 0 0 0 1875 183808 2022121700
0.00 0 0 0 1875 183808 2022121700
0.00 0 0 0 1875 183808 2022121700
0.00 0 0 0 1875 183808 2022121700
0.00 0 0 0 1875 183808 2022121700
0.00 0 0 0 1875 183808 2022121700
0.00 0 0 0 1875 183808 2022121700
0.00 0 0 0 1875 183808 2022121700
0.00 0 0 0 1875 183808 2022121700
0.00 0 0 0 1875 183808 2022121700
0.00 0 0 0 1875 183808 2022121700
0.00 0 0 0 1875 183808 2022121700
0.00 0 0 0 1875 183808 2022121700
0.00 0 0 0 1875 183808 2022121700
0.00 0 0 0 1875 183808 2022121700
0.00 0 0 0 1875 183808 2022121700
0.00 0 0 0 1875 183808 2022121700
0.00 0 0 0 1875 183808 2022121700
0.00 0 0 0 1875 183808 2022121700
0.00 0 0 0 1875 183808 2022121700
0.00 0 0 0 1875 183808 2022121700
0.00 0 0 0 1875 183808 2022121700
0.00 0 0 0 1875 183808 2022121700
0.00 0 0 0 1875 183808 2022121700
0.00 0 0 0 1875 183808 2022121700
0.00 0 0 0 1875 183808 2022121700
0.00 0 0 0 1875 183808 2022121700
0.00 0 0 0 1875 183808 2022121700
0.00 0 0 0 1875 183808 2022121700
0.00 0 0 0 1875 183808 2022121700
0.00 0 0 0 1875 183808 2022121700
0.00 0 0 0 1875 183808 2022121700
0.00 0 0 0 1875 183808 2022121700
0.00 0 0 0 1875 183808 2022121700
0.00 0 0 0 1875 183808 2022121700
0.00 0 0 0 1875 183808 2022121700
0.00 0 0 0 1875 183808 2022121700
0.00 0 0 0 1875 183808 2022121700
0.00 0 0 0 1875 183808 2022121700
0.00 0 0 0 1875 183808 2022121700
0.00 0 0 0 1875 183808 2022121700
0.00 0 0 0 1875 183808 2022121700
0.00 0 0 0 1875 183808 2022121700
0.00 0 0 0 1875 183808 2022121700
0.00 0 0 0 1875 183808 2022121700
0.00 0 0 0 1875 183808 2022121700
0.00 0 0 0 1875 183808 2022121700
0.00 0 0 0 1875 183808 2022121700
0.00 0 0 0 1875 183808 2022121700
0.00 0 0 0 1875 183808 2022121700
315 30 0 0 1875 183808 2022121700
0.00 0 0 0 1875 183808 2022121700
0.00 0 0 0 1875 183808 2022121700
32.8 4 0 0 1875 116994 2022121700
77.9 8 1 1 1526 118539 2022121700
0.00 0 0 0 1526 118539 2022121700
140 14 0 0 1573 118695 2022121700
0.00 0 0 0 1573 118695 2022121700
0.00 0 0 0 1573 118695 2022121700
0.00 0 0 0 1573 118695 2022121700
10.5 1 0 0 1573 1097500 2022121700
0.00 0 0 0 1573 1097500 2022121700
0.00 0 0 0 1573 1097500 2022121700
0.00 0 0 0 1573 1097500 2022121700
0.00 0 0 0 1573 1097500 2022121700
0.00 0 0 0 1573 1097500 2022121700
0.00 0 0 0 1573 1097500 2022121700
0.00 0 0 0 1573 1097500 2022121700
0.00 0 0 0 1573 1097500 2022121700
0.00 0 0 0 1573 1097500 2022121700
0.00 0 0 0 1573 1097500 2022121700
0.00 0 0 0 1573 1097500 2022121700
0.00 0 0 0 1573 1097500 2022121700
0.00 0 0 0 1573 1097500 2022121700
0.00 0 0 0 1573 1097500 2022121700
0.00 0 0 0 1573 1097500 2022121700
0.00 0 0 0 1573 1097500 2022121700
0.00 0 0 0 1573 1097500 2022121700
0.00 0 0 0 1573 1097500 2022121700
0.00 0 0 0 1573 1097500 2022121700
0.00 0 0 0 1573 1097500 2022121700
0.00 0 0 0 1573 1097500 2022121700
0.00 0 0 0 1573 1097500 2022121700
0.00 0 0 0 1573 1097500 2022121700
0.00 0 0 0 1573 1097500 2022121700
0.00 0 0 0 1573 1097500 2022121700
0.00 0 0 0 1573 1097500 2022121700
0.00 0 0 0 1573 1097500 2022121700
0.00 0 0 0 1573 1097500 2022121700
0.00 0 0 0 1573 1097500 2022121700
0.00 0 0 0 1573 1097500 2022121700
0.00 0 0 0 1573 1097500 2022121700
0.00 0 0 0 1573 1097500 2022121700
0.00 0 0 0 1573 1097500 2022121700
0.00 0 0 0 1573 1097500 2022121700
0.00 0 0 0 1573 1097500 2022121700
0.00 0 0 0 1573 1097500 2022121700
0.00 0 0 0 1573 1097500 2022121700
0.00 0 0 0 1573 1097500 2022121700
0.00 0 0 0 1573 1097500 2022121700
0.00 0 0 0 1573 1097500 2022121700
0.00 0 0 0 1573 1097500 2022121700
0.00 0 0 0 1573 1097500 2022121700
0.00 0 0 0 1573 1097500 2022121700
0.00 0 0 0 1573 1097500 2022121700
0.00 0 0 0 1573 1097500 2022121700
0.00 0 0 0 1573 1097500 2022121700
0.00 0 0 0 1573 1097500 2022121700
0.00 0 0 0 1573 1097500 2022121700
0.00 0 0 0 1573 1097500 2022121700
0.00 0 0 0 1573 1097500 2022121700
0.00 0 0 0 1573 1097500 2022121700
0.00 0 0 0 1573 1097500 2022121700
0.00 0 0 0 1573 1097500 2022121700
0.00 0 0 0 1573 1097500 2022121700
0.00 0 0 0 1573 1097500 2022121700
0.00 0 0 0 1573 1097500 2022121700
0.00 0 0 0 1573 1097500 2022121700
0.00 0 0 0 1573 1097500 2022121700
0.00 0 0 0 1573 1097500 2022121700
0.00 0 0 0 1573 1097500 2022121700
0.00 0 0 0 1573 1097500 2022121700
0.00 0 0 0 1573 1097500 2022121700
0.00 0 0 0 1573 1097500 2022121700
0.00 0 0 0 1573 1097500 2022121700
0.00 0 0 0 1573 1097500 2022121700
0.00 0 0 0 1573 1097500 2022121700
0.00 0 0 0 1573 1097500 2022121700
0.00 0 0 0 1573 1097500 2022121700
0.00 0 0 0 1573 1097500 2022121700
0.00 0 0 0 1573 1097500 2022121700
0.00 0 0 0 1573 1097500 2022121700
0.00 0 0 0 1573 1097500 2022121700
0.00 0 0 0 1573 1097500 2022121700
0.00 0 0 0 1573 1097500 2022121700
0.00 0 0 0 1573 1097500 2022121700
0.00 0 0 0 1573 1097500 2022121700
0.00 0 0 0 1573 1097500 2022121700
0.00 0 0 0 1573 1097500 2022121700
0.00 0 0 0 1573 1097500 2022121700
0.00 0 0 0 1573 1097500 2022121700
0.00 0 0 0 1573 1097500 2022121700
0.00 0 0 0 1573 1097500 2022121700
0.00 0 0 0 1573 1097500 2022121700
0.00 0 0 0 1573 1097500 2022121700
0.00 0 0 0 1573 1097500 2022121700
0.00 0 0 0 1573 1097500 2022121700
0.00 0 0 0 1573 1097500 2022121700
0.00 0 0 0 1573 1097500 2022121700
0.00 0 0 0 1573 1097500 2022121700
0.00 0 0 0 1573 1097500 2022121700
0.00 0 0 0 1573 1097500 2022121700
0.00 0 0 0 1573 1097500 2022121700
0.00 0 0 0 1573 1097500 2022121700
0.00 0 0 0 1573 1097500 2022121700
0.00 0 0 0 1573 1097500 2022121700
0.00 0 0 0 1573 1097500 2022121700
0.00 0 0 0 1573 1097500 2022121700
0.00 0 0 0 1573 1097500 2022121700
0.00 0 0 0 1573 1097500 2022121700
0.00 0 0 0 1573 1097500 2022121700
0.00 0 0 0 1573 1097500 2022121700
0.00 0 0 0 1573 1097500 2022121700
0.00 0 0 0 1573 1097500 2022121700
0.00 0 0 0 1573 1097500 2022121700
0.00 0 0 0 1573 1097500 2022121700
0.00 0 0 0 1573 1097500 2022121700
273 26 0 0 1573 1097500 2022121700
0.00 0 0 0 1573 1097500 2022121700
0.00 0 0 0 1573 1097500 2022121700
0.00 0 0 0 1573 1097500 2022121700
58.4 6 0 0 1573 116979 2022121700
5.20 1 0 0 1603 116954 2022121700
114 11 0 0 1664 116820 2022121700
88.3 9 0 0 1676 118033 2022121700
135 13 0 6 89 118965 2022121700
0.00 0 0 0 89 118965 2022121700
104 11 0 0 1195 117029 2022121700
0.00 0 1 0 1203 119185 2022121700
83.1 8 0 0 1216 117013 2022121700
52.0 5 0 0 1221 116983 2022121700
93.5 9 0 0 1228 117015 2022121700
36.4 4 0 0 1236 118231 2022121700
135 13 0 0 1253 116964 2022121700
62.4 6 0 0 1260 117676 2022121700
72.7 7 0 0 1267 117551 2022121700
67.6 7 0 0 1272 116961 2022121700
140 14 0 0 1283 117680 2022121700
67.6 7 0 0 1294 116949 2022121700
88.3 9 0 0 1300 116978 2022121700
77.9 8 0 0 1305 118063 2022121700
67.6 7 0 0 1311 117279 2022121700
67.6 7 0 0 1319 117557 2022121700
135 13 0 0 1332 8196157 2022121700
0.00 0 0 0 1417 8196157 2022121700
0.00 0 0 0 1417 8196157 2022121700
31.5 3 0 0 1417 8196157 2022121700
0.00 0 0 0 1417 8196157 2022121700
0.00 0 0 0 1417 8196157 2022121700
0.00 0 0 0 1417 8196157 2022121700
0.00 0 0 0 1417 8196157 2022121700
0.00 0 0 0 1417 8196157 2022121700
0.00 0 0 0 1417 8196157 2022121700
0.00 0 0 0 1417 8196157 2022121700
0.00 0 0 0 1417 8196157 2022121700
0.00 0 0 0 1417 8196157 2022121700
0.00 0 0 0 1417 8196157 2022121700
0.00 0 0 0 1417 8196157 2022121700
0.00 0 0 0 1417 8196157 2022121700
0.00 0 0 0 1417 8196157 2022121700
0.00 0 0 0 1417 8196157 2022121700
0.00 0 0 0 1417 8196157 2022121700
0.00 0 0 0 1417 8196157 2022121700
0.00 0 0 0 1417 8196157 2022121700
0.00 0 0 0 1417 8196157 2022121700
0.00 0 0 0 1417 8196157 2022121700
0.00 0 0 0 1417 8196157 2022121700
0.00 0 0 0 1417 8196157 2022121700
0.00 0 0 0 1417 8196157 2022121700
0.00 0 0 0 1417 8196157 2022121700
0.00 0 0 0 1417 8196157 2022121700
0.00 0 0 0 1417 8196157 2022121700
0.00 0 0 0 1417 8196157 2022121700
0.00 0 0 0 1417 8196157 2022121700
0.00 0 0 0 1417 8196157 2022121700
0.00 0 0 0 1417 8196157 2022121700
0.00 0 0 0 1417 8196157 2022121700
0.00 0 0 0 1417 8196157 2022121700
0.00 0 0 0 1417 8196157 2022121700
0.00 0 0 0 1417 8196157 2022121700
0.00 0 0 0 1417 8196157 2022121700
0.00 0 0 0 1417 8196157 2022121700
0.00 0 0 0 1417 8196157 2022121700
0.00 0 0 0 1417 8196157 2022121700
0.00 0 0 0 1417 8196157 2022121700
0.00 0 0 0 1417 8196157 2022121700
0.00 0 0 0 1417 8196157 2022121700
0.00 0 0 0 1417 8196157 2022121700
0.00 0 0 0 1417 8196157 2022121700
0.00 0 0 0 1417 8196157 2022121700
0.00 0 0 0 1417 8196157 2022121700
0.00 0 0 0 1417 8196157 2022121700
0.00 0 0 0 1417 8196157 2022121700
0.00 0 0 0 1417 8196157 2022121700
0.00 0 0 0 1417 8196157 2022121700
0.00 0 0 0 1417 8196157 2022121700
0.00 0 0 0 1417 8196157 2022121700
0.00 0 0 0 1417 8196157 2022121700
0.00 0 0 0 1417 8196157 2022121700
0.00 0 0 0 1417 8196157 2022121700
0.00 0 0 0 1417 8196157 2022121700
0.00 0 0 0 1417 8196157 2022121700
0.00 0 0 0 1417 8196157 2022121700
0.00 0 0 0 1417 8196157 2022121700
0.00 0 0 0 1417 8196157 2022121700
0.00 0 0 0 1417 8196157 2022121700
0.00 0 0 0 1417 8196157 2022121700
0.00 0 0 0 1417 8196157 2022121700
0.00 0 0 0 1417 8196157 2022121700
0.00 0 0 0 1417 8196157 2022121700
0.00 0 0 0 1417 8196157 2022121700
0.00 0 0 0 1417 8196157 2022121700
0.00 0 0 0 1417 8196157 2022121700
0.00 0 0 0 1417 8196157 2022121700
0.00 0 0 0 1417 8196157 2022121700
0.00 0 0 0 1417 8196157 2022121700
0.00 0 0 0 1417 8196157 2022121700
0.00 0 0 0 1417 8196157 2022121700
0.00 0 0 0 1417 8196157 2022121700
0.00 0 0 0 1417 8196157 2022121700
0.00 0 0 0 1417 8196157 2022121700
0.00 0 0 0 1417 8196157 2022121700
0.00 0 0 0 1417 8196157 2022121700
0.00 0 0 0 1417 8196157 2022121700
0.00 0 0 0 1417 8196157 2022121700
0.00 0 0 0 1417 8196157 2022121700
0.00 0 0 0 1417 8196157 2022121700
0.00 0 0 0 1417 8196157 2022121700
0.00 0 0 0 1417 8196157 2022121700
0.00 0 0 0 1417 8196157 2022121700
0.00 0 0 0 1417 8196157 2022121700
0.00 0 0 0 1417 8196157 2022121700
0.00 0 0 0 1417 8196157 2022121700
0.00 0 0 0 1417 8196157 2022121700
0.00 0 0 0 1417 8196157 2022121700
0.00 0 0 0 1417 8196157 2022121700
0.00 0 0 0 1417 8196157 2022121700
0.00 0 0 0 1417 8196157 2022121700
0.00 0 0 0 1417 8196157 2022121700
0.00 0 0 0 1417 8196157 2022121700
0.00 0 0 0 1417 8196157 2022121700
0.00 0 0 0 1417 8196157 2022121700
0.00 0 0 0 1417 8196157 2022121700
12.5 836 5 179 1417 8196157 2022121700
