13.7 2 0 0 27 119932 2022121704
0.00 0 1 0 55 120110 2022121704
10.4 1 0 0 110 119529 2022121704
18.2 2 0 0 220 118845 2022121704
36.4 4 0 0 311 117318 2022121704
10.5 1 0 0 424 117235 2022121704
109 11 0 0 754 117174 2022121704
93.5 9 0 0 992 117688 2022121704
140 14 0 0 307 117231 2022121704
52.0 5 0 13 91 117532 2022121704
20.8 2 0 0 694 119803 2022121704
0.00 0 1 0 694 117238 2022121704
62.4 7 0 0 699 117383 2022121704
36.4 4 0 0 710 117602 2022121704
36.4 4 0 0 719 117508 2022121704
36.4 4 0 0 729 117353 2022121704
67.6 7 0 0 736 117250 2022121704
36.4 4 0 0 748 117508 2022121704
41.6 4 0 0 758 117623 2022121704
41.6 4 0 0 762 117552 2022121704
77.9 8 0 0 774 117743 2022121704
41.6 4 0 0 774 117653 2022121704
36.4 4 0 0 774 117701 2022121704
46.8 5 0 0 774 117691 2022121704
57.2 6 0 0 774 117534 2022121704
41.6 4 0 0 774 117407 2022121704
36.4 4 0 0 774 117788 2022121704
41.6 4 0 0 774 117487 2022121704
72.7 7 0 0 774 113721 2022121704
36.4 4 0 0 774 113760 2022121704
41.6 4 0 0 774 117618 2022121704
36.4 4 0 0 774 117643 2022121704
83.1 8 0 0 774 117408 2022121704
36.4 4 0 0 774 117650 2022121704
41.6 4 0 0 774 117649 2022121704
36.4 4 0 0 774 113341 2022121704
77.9 8 0 0 819 117430 2022121704
41.6 4 0 0 819 117413 2022121704
41.6 4 0 0 819 117397 2022121704
41.6 4 0 0 819 117826 2022121704
83.1 8 0 0 819 117198 2022121704
15.6 2 0 0 819 117366 2022121704
41.6 4 0 0 819 117743 2022121704
41.6 4 0 0 819 117460 2022121704
57.2 6 0 0 819 117525 2022121704
41.6 4 0 0 819 117312 2022121704
41.6 4 0 0 819 122268 2022121704
36.4 4 0 0 859 117474 2022121704
0.00 0 0 0 859 117474 2022121704
83.1 8 0 0 900 117558 2022121704
88.3 9 0 0 941 118892 2022121704
36.4 4 0 0 950 117419 2022121704
57.2 6 0 0 952 118923 2022121704
57.2 6 0 0 958 118571 2022121704
98.7 10 0 0 961 118704 2022121704
57.2 6 0 0 963 117892 2022121704
41.6 4 0 0 965 118893 2022121704
57.2 6 0 0 966 114854 2022121704
98.7 10 0 0 970 101808 2022121704
57.2 6 0 0 972 118473 2022121704
57.2 6 0 0 973 117381 2022121704
104 11 0 0 976 118250 2022121704
57.2 6 0 0 976 118361 2022121704
46.8 5 0 0 977 114475 2022121704
57.2 6 0 0 979 117998 2022121704
104 11 0 0 981 118321 2022121704
52.0 5 0 0 981 118681 2022121704
57.2 6 0 0 983 118021 2022121704
52.0 5 0 0 984 118632 2022121704
109 11 0 0 985 118075 2022121704
46.8 5 0 0 987 118096 2022121704
57.2 6 0 0 987 122997 2022121704
57.2 6 0 0 988 118068 2022121704
104 11 0 0 990 117502 2022121704
46.8 5 0 0 990 117923 2022121704
41.6 4 0 0 990 119381 2022121704
72.7 7 0 0 991 117746 2022121704
88.3 9 0 0 991 118367 2022121704
62.4 6 0 0 991 117128 2022121704
52.0 5 0 0 992 117376 2022121704
52.0 5 0 0 992 118239 2022121704
109 11 0 0 992 118089 2022121704
0.00 0 0 0 992 118089 2022121704
130 13 0 0 992 118062 2022121704
62.4 6 0 0 992 118027 2022121704
46.8 5 0 0 992 118209 2022121704
57.2 6 0 0 992 118292 2022121704
109 11 0 0 992 118032 2022121704
52.0 5 0 0 992 118373 2022121704
57.2 6 0 0 992 118507 2022121704
52.0 5 0 0 992 118186 2022121704
83.4 8 0 0 992 191430 2022121704
0.00 0 0 0 992 191430 2022121704
41.9 4 0 0 992 116836 2022121704
0.00 0 0 0 992 116836 2022121704
0.00 0 0 0 992 116836 2022121704
51.3 5 0 0 992 4746781 2022121704
0.00 0 0 0 1118 4746781 2022121704
0.00 0 0 0 1118 4746781 2022121704
52.4 5 0 0 1118 4746781 2022121704
0.00 0 0 0 1118 4746781 2022121704
0.00 0 0 0 1118 4746781 2022121704
0.00 0 0 0 1118 4746781 2022121704
0.00 0 0 0 1118 4746781 2022121704
0.00 0 0 0 1118 4746781 2022121704
0.00 0 0 0 1118 4746781 2022121704
0.00 0 0 0 1118 4746781 2022121704
0.00 0 0 0 1118 4746781 2022121704
0.00 0 0 0 1118 4746781 2022121704
0.00 0 0 0 1118 4746781 2022121704
0.00 0 0 0 1118 4746781 2022121704
0.00 0 0 0 1118 4746781 2022121704
0.00 0 0 0 1118 4746781 2022121704
0.00 0 0 0 1118 4746781 2022121704
0.00 0 0 0 1118 4746781 2022121704
0.00 0 0 0 1118 4746781 2022121704
0.00 0 0 0 1118 4746781 2022121704
0.00 0 0 0 1118 4746781 2022121704
0.00 0 0 0 1118 4746781 2022121704
0.00 0 0 0 1118 4746781 2022121704
0.00 0 0 0 1118 4746781 2022121704
0.00 0 0 0 1118 4746781 2022121704
0.00 0 0 0 1118 4746781 2022121704
0.00 0 0 0 1118 4746781 2022121704
0.00 0 0 0 1118 4746781 2022121704
0.00 0 0 0 1118 4746781 2022121704
0.00 0 0 0 1118 4746781 2022121704
0.00 0 0 0 1118 4746781 2022121704
0.00 0 0 0 1118 4746781 2022121704
0.00 0 0 0 1118 4746781 2022121704
0.00 0 0 0 1118 4746781 2022121704
0.00 0 0 0 1118 4746781 2022121704
0.00 0 0 0 1118 4746781 2022121704
0.00 0 0 0 1118 4746781 2022121704
0.00 0 0 0 1118 4746781 2022121704
0.00 0 0 0 1118 4746781 2022121704
0.00 0 0 0 1118 4746781 2022121704
0.00 0 0 0 1118 4746781 2022121704
0.00 0 0 0 1118 4746781 2022121704
0.00 0 0 0 1118 4746781 2022121704
0.00 0 0 0 1118 4746781 2022121704
0.00 0 0 0 1118 4746781 2022121704
0.00 0 0 0 1118 4746781 2022121704
0.00 0 0 0 1118 4746781 2022121704
0.00 0 0 0 1118 4746781 2022121704
0.00 0 0 0 1118 4746781 2022121704
0.00 0 0 0 1118 4746781 2022121704
0.00 0 0 0 1118 4746781 2022121704
0.00 0 0 0 1118 4746781 2022121704
0.00 0 0 0 1118 4746781 2022121704
0.00 0 0 0 1118 4746781 2022121704
0.00 0 0 0 1118 4746781 2022121704
0.00 0 0 0 1118 4746781 2022121704
213 21 0 0 1118 92008 2022121704
0.00 0 0 0 1118 92008 2022121704
177 17 0 0 1122 93239 2022121704
93.5 9 1 0 1127 92084 2022121704
88.3 9 0 0 1132 91931 2022121704
93.5 10 0 0 1140 92113 2022121704
93.5 9 1 0 1145 92073 2022121704
156 15 0 0 1152 92006 2022121704
125 12 0 0 1161 91956 2022121704
5.20 1 0 0 1166 92028 2022121704
156 16 0 0 1174 91943 2022121704
125 12 0 0 1185 92057 2022121704
98.7 10 0 0 1195 91993 2022121704
93.5 9 0 0 1196 91992 2022121704
62.4 7 0 361 623 91971 2022121704
15.6 2 1 81 591 91981 2022121704
72.7 7 1 6 601 91927 2022121704
98.7 10 0 0 852 91991 2022121704
36.4 4 0 47 706 91888 2022121704
31.2 3 1 128 566 92043 2022121704
98.7 10 0 0 602 92437 2022121704
52.0 5 0 24 486 91866 2022121704
0.00 0 1 0 424 91765 2022121704
77.9 8 0 0 430 91811 2022121704
36.4 4 0 0 435 92066 2022121704
46.8 5 0 0 441 92077 2022121704
41.6 5 0 0 445 91886 2022121704
20.8 2 0 0 449 91893 2022121704
46.8 5 0 0 453 91856 2022121704
41.6 5 0 0 457 91841 2022121704
46.8 5 0 0 460 91891 2022121704
52.0 5 0 0 466 94873 2022121704
15.6 2 0 0 467 91978 2022121704
57.2 6 0 0 470 93693 2022121704
41.6 5 0 0 474 92184 2022121704
46.8 5 0 0 478 93449 2022121704
26.0 3 0 0 479 92612 2022121704
41.6 4 0 0 482 93139 2022121704
46.8 5 0 0 485 93512 2022121704
46.8 5 0 0 488 93752 2022121704
26.0 3 0 0 489 92542 2022121704
46.8 5 0 0 490 95923 2022121704
46.8 5 0 0 493 91989 2022121704
46.8 5 0 0 495 92323 2022121704
46.8 5 0 0 497 95119 2022121704
26.0 3 0 0 499 91992 2022121704
57.2 6 0 0 500 94955 2022121704
52.0 5 0 0 501 92166 2022121704
52.0 6 0 0 503 94171 2022121704
15.6 2 0 0 504 93824 2022121704
46.8 5 0 0 506 92416 2022121704
57.2 6 0 0 508 94447 2022121704
46.8 5 0 0 508 93945 2022121704
31.2 3 0 0 510 93853 2022121704
46.8 5 0 0 510 92279 2022121704
46.8 5 0 0 511 94695 2022121704
46.8 5 0 0 511 94498 2022121704
36.4 4 0 0 512 94818 2022121704
41.6 4 0 0 512 92055 2022121704
46.8 5 0 0 514 96185 2022121704
57.2 6 0 0 514 93053 2022121704
26.0 3 0 0 514 91991 2022121704
52.0 5 0 0 514 94930 2022121704
62.4 6 0 0 515 92092 2022121704
46.8 5 0 0 515 92109 2022121704
20.8 2 0 0 515 92252 2022121704
57.2 6 0 0 515 93869 2022121704
46.8 5 0 0 515 92431 2022121704
46.8 5 0 0 515 94739 2022121704
36.4 4 0 0 515 91974 2022121704
46.8 5 0 0 515 94373 2022121704
46.8 5 0 0 515 93650 2022121704
52.0 5 0 0 515 92065 2022121704
26.0 3 0 0 515 94876 2022121704
52.0 6 0 0 515 94388 2022121704
52.1 5 0 0 515 221916 2022121704
0.00 0 0 0 515 221916 2022121704
51.8 5 0 0 515 221916 2022121704
0.00 0 2 1 504 170604 2022121704
0.00 0 1 11 15 127904 2022121704
0.00 0 2 14 19 104442 2022121704
0.00 0 2 31 22 96875 2022121704
0.00 0 2 21 26 98233 2022121704
0.00 0 1 11 28 99393 2022121704
0.00 0 2 46 31 99744 2022121704
0.00 0 1 0 31 99744 2022121704
5.20 1 1 30 27 100265 2022121704
5.20 1 1 21 28 100053 2022121704
0.00 0 1 12 31 100024 2022121704
5.20 1 1 26 27 100552 2022121704
5.20 1 1 23 28 100232 2022121704
0.00 0 1 11 28 100079 2022121704
5.20 1 1 24 24 95723 2022121704
5.20 1 1 23 27 97071 2022121704
0.00 0 1 7 22 99236 2022121704
0.00 0 2 41 39 100007 2022121704
10.4 2 0 12 48 95636 2022121704
0.00 0 1 0 361 95321 2022121704
0.00 0 1 0 369 97820 2022121704
26.0 3 1 0 379 98797 2022121704
26.0 3 0 0 384 97676 2022121704
36.4 4 1 0 391 98817 2022121704
52.0 6 0 0 398 99083 2022121704
10.4 1 0 0 402 97985 2022121704
31.2 3 1 0 408 96980 2022121704
57.2 6 0 0 415 100782 2022121704
10.4 1 0 0 419 96721 2022121704
36.4 4 0 0 424 98253 2022121704
57.2 6 0 0 430 99733 2022121704
10.4 1 0 0 432 97308 2022121704
36.4 4 0 0 438 95874 2022121704
57.2 6 0 0 446 97724 2022121704
36.4 4 0 0 448 93864 2022121704
10.4 1 0 0 449 92260 2022121704
52.0 6 0 0 455 98321 2022121704
46.8 5 0 0 460 97318 2022121704
15.6 2 0 0 461 97649 2022121704
46.8 5 0 0 466 98670 2022121704
52.0 6 0 0 470 97570 2022121704
15.6 2 0 0 472 98410 2022121704
46.8 5 0 0 475 99139 2022121704
52.0 6 0 0 478 98425 2022121704
15.6 2 0 0 481 98539 2022121704
52.0 6 0 0 483 98935 2022121704
52.0 5 0 0 486 97847 2022121704
36.4 4 0 0 489 94850 2022121704
15.6 2 0 0 490 96904 2022121704
67.6 7 0 0 493 97783 2022121704
41.6 4 0 0 495 97634 2022121704
20.8 2 0 0 496 92536 2022121704
52.0 5 0 0 497 97559 2022121704
52.0 6 0 0 500 107220 2022121704
20.8 2 0 0 500 117818 2022121704
26.0 3 0 0 500 118067 2022121704
10.4 1 0 0 500 119635 2022121704
20.8 3 0 0 500 114142 2022121704
15.6 2 0 0 500 118016 2022121704
10.4 1 0 0 500 117957 2022121704
10.4 1 0 0 500 114709 2022121704
10.4 1 0 0 500 121349 2022121704
15.6 2 0 0 500 118603 2022121704
20.8 2 0 0 500 115332 2022121704
0.00 0 0 0 500 115332 2022121704
20.8 2 0 0 500 118332 2022121704
10.4 1 0 0 500 114783 2022121704
10.4 1 0 0 500 117837 2022121704
10.4 1 0 0 500 117805 2022121704
26.0 3 0 0 500 118033 2022121704
10.4 1 0 0 500 117911 2022121704
10.4 1 0 0 500 117817 2022121704
10.4 1 0 0 500 118186 2022121704
20.8 2 0 0 500 118044 2022121704
5.20 1 0 0 500 118108 2022121704
10.4 1 0 0 500 118181 2022121704
15.6 2 0 0 500 118272 2022121704
15.6 2 0 0 500 117954 2022121704
10.4 1 0 0 500 118036 2022121704
10.4 1 0 0 500 118178 2022121704
10.4 1 0 0 500 118113 2022121704
15.6 2 0 0 500 118101 2022121704
10.4 1 0 0 500 118144 2022121704
10.4 1 0 0 500 118512 2022121704
10.4 1 0 0 500 114760 2022121704
15.6 2 0 0 500 121908 2022121704
10.4 1 0 0 500 114763 2022121704
10.4 1 0 0 500 114007 2022121704
10.4 1 0 0 500 118068 2022121704
15.6 2 0 0 500 118326 2022121704
10.4 1 0 0 500 118190 2022121704
10.4 1 0 0 500 118144 2022121704
10.4 1 0 0 500 118339 2022121704
20.8 2 0 0 500 117848 2022121704
10.4 1 0 0 500 117783 2022121704
10.4 1 0 0 500 118010 2022121704
10.4 1 0 0 500 118121 2022121704
20.8 2 0 0 500 118050 2022121704
15.6 2 0 0 500 118034 2022121704
5.20 1 0 0 500 118199 2022121704
15.6 2 0 0 500 117769 2022121704
20.8 2 0 0 500 118033 2022121704
10.4 1 0 0 500 118135 2022121704
10.4 1 0 0 500 117945 2022121704
5.20 1 0 0 500 121542 2022121704
26.0 3 0 0 500 114068 2022121704
10.4 1 0 0 500 117734 2022121704
10.4 1 0 0 500 118152 2022121704
10.4 1 0 0 500 118201 2022121704
26.0 3 0 0 500 118073 2022121704
10.4 1 0 0 500 118070 2022121704
10.4 1 0 0 500 118076 2022121704
10.4 1 0 0 500 118275 2022121704
26.0 3 0 0 500 118203 2022121704
10.4 1 0 0 500 118248 2022121704
10.4 1 0 0 500 118270 2022121704
10.4 1 0 0 500 118043 2022121704
20.8 2 0 0 500 117925 2022121704
10.4 1 0 0 500 117986 2022121704
15.6 2 0 0 500 117900 2022121704
15.6 2 0 0 500 114451 2022121704
0.00 0 0 0 500 114451 2022121704
0.00 0 0 0 500 114451 2022121704
36.4 4 0 0 500 118360 2022121704
0.00 0 0 0 500 118360 2022121704
0.00 0 0 0 500 118360 2022121704
0.00 0 0 0 500 118360 2022121704
57.2 6 0 0 500 118292 2022121704
0.00 0 0 0 500 118292 2022121704
0.00 0 0 0 500 118292 2022121704
0.00 0 0 0 500 118292 2022121704
0.00 0 0 0 500 118292 2022121704
0.00 0 0 0 500 118292 2022121704
0.00 0 0 0 500 118292 2022121704
83.1 8 0 0 500 121148 2022121704
0.00 0 0 0 500 121148 2022121704
0.00 0 0 0 500 121148 2022121704
0.00 0 0 0 500 121148 2022121704
0.00 0 0 0 500 121148 2022121704
0.00 0 0 0 500 121148 2022121704
77.9 8 0 0 500 118240 2022121704
0.00 0 0 0 500 118240 2022121704
0.00 0 0 0 500 118240 2022121704
41.6 4 0 0 500 118357 2022121704
0.00 0 0 0 500 118357 2022121704
26.0 3 0 0 500 118117 2022121704
0.00 0 0 0 500 118117 2022121704
20.8 2 0 0 500 118134 2022121704
0.00 0 0 0 500 118134 2022121704
0.00 0 0 0 500 118134 2022121704
36.4 4 0 0 500 118666 2022121704
20.8 2 0 0 500 118398 2022121704
0.00 0 0 0 500 118398 2022121704
26.0 3 0 0 500 118373 2022121704
5.20 1 0 0 500 118381 2022121704
10.4 1 0 0 500 117914 2022121704
10.4 1 0 0 500 115239 2022121704
15.6 2 0 0 500 115029 2022121704
10.4 1 0 0 500 116984 2022121704
10.4 1 0 0 500 118413 2022121704
5.20 1 0 0 500 118212 2022121704
20.8 2 0 0 500 118091 2022121704
5.20 1 0 0 500 118085 2022121704
10.4 1 0 0 500 118136 2022121704
10.4 1 0 0 500 118123 2022121704
20.8 2 0 0 500 118023 2022121704
15.6 2 0 0 500 118275 2022121704
5.20 1 0 0 500 118067 2022121704
10.4 1 0 0 500 118301 2022121704
20.8 2 0 0 500 118414 2022121704
5.20 1 0 0 500 118086 2022121704
10.4 1 0 0 500 118106 2022121704
10.4 1 0 0 500 117989 2022121704
10.4 1 0 0 500 115239 2022121704
15.6 2 0 0 500 117581 2022121704
15.6 2 0 0 500 114116 2022121704
10.4 1 0 0 500 118448 2022121704
10.4 1 0 0 500 118331 2022121704
10.4 1 0 0 500 118160 2022121704
20.8 3 0 0 500 118095 2022121704
15.6 2 0 0 500 117926 2022121704
10.4 1 0 0 500 118179 2022121704
10.4 1 0 0 500 118029 2022121704
20.8 2 0 0 500 118135 2022121704
10.4 1 0 0 500 118144 2022121704
10.4 1 0 0 500 118207 2022121704
10.4 1 0 0 500 118178 2022121704
20.8 2 0 0 500 118195 2022121704
15.6 2 0 0 500 118040 2022121704
10.4 1 0 0 500 118416 2022121704
10.4 1 0 0 500 118524 2022121704
15.6 2 0 0 500 118516 2022121704
15.6 2 0 0 500 114253 2022121704
10.4 1 0 0 500 117394 2022121704
10.4 1 0 0 500 118093 2022121704
20.8 2 0 0 500 117989 2022121704
10.4 1 0 0 500 118210 2022121704
10.4 1 0 0 500 118338 2022121704
15.6 2 0 0 500 118723 2022121704
5.20 1 0 0 500 118004 2022121704
15.6 2 0 0 500 118280 2022121704
20.8 2 0 0 500 118464 2022121704
10.4 1 0 0 500 118259 2022121704
10.4 1 0 0 500 118124 2022121704
10.4 1 0 0 500 117626 2022121704
20.8 2 0 0 500 118158 2022121704
10.4 1 0 0 500 118806 2022121704
10.4 1 0 0 500 117569 2022121704
5.20 1 0 0 500 117132 2022121704
20.8 2 0 0 500 118122 2022121704
10.4 1 0 0 500 117961 2022121704
10.4 1 0 0 500 118266 2022121704
10.4 1 0 0 500 118380 2022121704
20.8 2 0 0 500 118063 2022121704
0.00 0 0 0 500 118063 2022121704
15.6 2 0 0 500 118074 2022121704
15.6 2 0 0 500 118225 2022121704
20.8 2 0 0 500 118121 2022121704
0.00 0 1 0 500 118279 2022121704
20.8 2 0 0 500 118152 2022121704
15.6 2 0 0 500 118283 2022121704
5.20 1 0 0 500 117464 2022121704
15.6 2 0 0 500 118004 2022121704
15.6 2 0 0 500 115953 2022121704
10.4 1 0 0 500 114895 2022121704
0.00 0 1 0 500 114649 2022121704
10.4 1 0 0 500 121414 2022121704
20.8 2 0 0 500 114376 2022121704
10.4 1 0 0 500 117953 2022121704
10.4 1 0 0 500 118228 2022121704
10.4 1 0 0 500 117915 2022121704
20.8 2 0 0 500 118196 2022121704
10.4 1 0 0 500 118751 2022121704
10.4 1 0 0 500 117991 2022121704
10.4 1 0 0 500 117820 2022121704
20.8 2 0 0 500 117958 2022121704
10.4 1 0 0 500 118748 2022121704
10.4 1 0 0 500 118301 2022121704
5.20 1 0 0 500 118138 2022121704
20.8 2 0 0 500 117823 2022121704
10.4 1 0 0 500 118849 2022121704
10.4 1 0 0 500 118262 2022121704
5.20 1 0 0 500 118798 2022121704
20.8 2 0 0 500 117999 2022121704
5.20 1 0 0 500 117503 2022121704
10.4 1 0 0 500 118119 2022121704
10.4 1 0 0 500 117935 2022121704
20.8 2 0 0 500 119498 2022121704
10.4 1 0 0 500 118004 2022121704
5.20 1 0 0 500 118669 2022121704
15.6 2 0 0 500 118311 2022121704
10.4 2 0 0 500 117889 2022121704
10.4 1 0 0 500 118094 2022121704
10.4 1 0 0 500 118119 2022121704
10.4 1 0 0 500 117949 2022121704
20.8 2 0 0 500 118101 2022121704
5.20 1 0 0 500 118064 2022121704
10.4 1 0 0 500 118109 2022121704
10.4 1 0 0 500 118071 2022121704
20.8 2 0 0 500 118749 2022121704
10.4 1 0 0 500 118114 2022121704
5.20 1 0 0 500 117774 2022121704
15.6 2 0 0 500 118143 2022121704
20.8 2 0 0 500 118319 2022121704
10.4 1 0 0 500 118187 2022121704
10.4 1 0 0 500 118065 2022121704
10.4 1 0 0 500 118336 2022121704
20.8 2 0 0 500 118599 2022121704
5.20 1 0 0 500 117951 2022121704
10.4 1 0 0 500 118177 2022121704
10.4 1 0 0 500 114749 2022121704
26.0 3 0 0 500 118396 2022121704
0.00 0 1 0 500 119130 2022121704
10.4 1 0 0 500 118798 2022121704
15.6 2 0 0 500 118338 2022121704
15.6 2 0 0 500 118047 2022121704
10.4 1 0 0 500 118196 2022121704
10.4 1 0 0 500 118175 2022121704
10.4 1 0 0 500 117862 2022121704
26.0 3 0 0 500 118188 2022121704
10.4 1 0 0 500 117569 2022121704
10.4 1 0 0 500 121194 2022121704
10.4 1 0 0 500 115489 2022121704
20.8 2 0 0 500 118498 2022121704
10.4 1 0 0 500 118298 2022121704
10.4 1 0 0 500 118324 2022121704
10.4 1 0 0 500 117989 2022121704
15.6 2 0 0 500 118092 2022121704
10.4 1 0 0 500 118062 2022121704
10.4 1 0 0 500 117907 2022121704
10.4 1 0 0 500 118189 2022121704
26.0 3 0 0 500 118241 2022121704
10.4 1 0 0 500 118497 2022121704
10.4 1 0 0 500 118318 2022121704
5.20 1 0 0 500 118355 2022121704
15.6 2 0 0 500 118075 2022121704
10.4 1 0 0 500 117868 2022121704
5.20 1 0 0 500 117874 2022121704
10.4 1 0 0 500 117946 2022121704
15.6 2 0 0 500 118061 2022121704
10.4 1 0 0 500 117697 2022121704
10.4 1 0 0 500 120684 2022121704
10.4 1 0 0 500 118300 2022121704
20.8 2 0 0 500 114697 2022121704
10.4 1 0 0 500 118128 2022121704
5.20 1 0 0 500 118891 2022121704
20.8 2 0 0 500 118209 2022121704
0.00 0 1 0 500 118361 2022121704
10.4 1 0 0 500 118122 2022121704
20.8 2 0 0 500 118017 2022121704
10.4 1 0 0 500 118291 2022121704
10.4 1 0 0 500 117958 2022121704
10.4 1 0 0 500 118058 2022121704
20.8 2 0 0 500 118257 2022121704
10.4 1 0 0 500 118190 2022121704
10.4 1 0 0 500 118130 2022121704
10.4 1 0 0 500 118112 2022121704
15.6 2 0 0 500 117984 2022121704
10.4 1 0 0 500 117939 2022121704
10.4 1 0 0 500 118271 2022121704
10.4 1 0 0 500 117978 2022121704
15.6 2 0 0 500 117984 2022121704
15.6 2 0 0 500 119174 2022121704
5.20 1 0 0 500 118162 2022121704
10.4 1 0 0 500 117965 2022121704
15.6 2 0 0 500 118386 2022121704
5.20 1 0 0 500 118202 2022121704
15.6 2 0 0 500 120076 2022121704
0.00 0 1 0 500 120076 2022121704
15.6 2 0 0 500 117982 2022121704
10.4 1 0 0 500 119262 2022121704
10.4 1 0 0 500 118131 2022121704
10.4 1 0 0 500 118097 2022121704
15.6 2 0 0 500 118212 2022121704
10.4 1 0 0 500 117932 2022121704
10.4 1 0 0 500 117879 2022121704
10.4 1 0 0 500 117958 2022121704
20.8 2 0 0 500 117912 2022121704
10.4 1 0 0 500 117789 2022121704
10.4 1 0 0 500 118094 2022121704
10.4 1 0 0 500 118058 2022121704
20.8 2 0 0 500 117920 2022121704
10.4 1 0 0 500 118300 2022121704
10.4 1 0 0 500 118228 2022121704
10.4 1 0 0 500 118225 2022121704
20.8 2 0 0 500 118335 2022121704
10.4 1 0 0 500 118193 2022121704
5.20 1 0 0 500 118253 2022121704
10.4 1 0 0 500 117873 2022121704
20.8 2 0 0 500 121031 2022121704
10.4 1 0 0 500 118492 2022121704
5.20 1 0 0 500 118383 2022121704
10.4 1 0 0 500 118748 2022121704
20.8 2 0 0 500 118070 2022121704
5.20 1 0 0 500 118412 2022121704
10.4 1 0 0 500 115144 2022121704
10.4 1 0 0 500 121073 2022121704
20.8 2 0 0 500 115483 2022121704
10.4 1 0 0 500 117485 2022121704
5.20 1 0 0 500 118277 2022121704
10.4 1 0 0 500 118140 2022121704
20.8 2 0 0 500 118186 2022121704
5.20 1 0 0 500 118041 2022121704
10.4 1 0 0 500 118134 2022121704
5.20 1 0 0 500 118121 2022121704
20.8 2 0 0 500 118247 2022121704
5.20 1 0 0 500 118189 2022121704
5.20 1 0 0 500 118149 2022121704
10.4 1 0 0 500 118207 2022121704
24.6 1543 42 1025 500 118207 2022121704
