13.7 2 0 0 27 138712 2022121710
0.00 0 1 0 55 123286 2022121710
9.60 1 0 0 110 119652 2022121710
16.7 2 0 0 220 118085 2022121710
36.4 4 0 0 430 116981 2022121710
10.5 1 0 0 441 117996 2022121710
161 16 0 0 882 118315 2022121710
130 13 0 0 1108 116972 2022121710
93.5 10 0 22 82 117696 2022121710
41.6 4 0 4 590 119079 2022121710
5.20 1 0 0 590 119838 2022121710
5.20 1 0 0 803 118713 2022121710
83.1 8 0 0 820 117320 2022121710
67.6 7 0 0 832 118143 2022121710
36.4 4 0 0 841 117307 2022121710
98.7 10 0 0 859 117762 2022121710
41.6 4 0 0 867 117520 2022121710
26.0 3 0 0 872 119180 2022121710
72.7 7 0 0 882 118200 2022121710
72.7 7 0 0 894 119388 2022121710
67.6 7 0 0 905 118184 2022121710
46.8 5 0 0 912 117093 2022121710
26.0 3 0 0 918 119073 2022121710
72.7 7 0 0 926 117813 2022121710
77.9 8 0 0 939 120620 2022121710
72.7 7 0 0 947 117384 2022121710
41.6 4 0 0 988 117153 2022121710
0.00 0 0 0 988 117153 2022121710
0.00 0 0 0 988 117153 2022121710
0.00 0 0 0 988 117153 2022121710
0.00 0 0 0 988 117153 2022121710
330 32 0 0 996 120174 2022121710
0.00 0 0 0 996 120174 2022121710
0.00 0 0 0 996 120174 2022121710
140 14 0 0 1002 117876 2022121710
93.5 9 0 0 1010 119434 2022121710
72.7 7 0 0 1017 118168 2022121710
46.8 5 0 0 1021 117970 2022121710
46.8 5 0 0 1025 119463 2022121710
120 12 0 0 1034 118020 2022121710
46.8 5 0 0 1038 119392 2022121710
72.7 7 0 0 1043 117840 2022121710
52.0 5 0 0 1047 117885 2022121710
46.8 5 0 0 1052 117869 2022121710
83.1 8 0 0 1059 117531 2022121710
83.1 8 0 0 1064 117076 2022121710
72.7 7 0 0 1065 119228 2022121710
52.0 5 0 0 1065 119228 2022121710
46.8 5 0 0 1074 181202 2022121710
52.0 5 0 0 1076 116955 2022121710
36.4 4 0 0 1085 118009 2022121710
0.00 0 0 0 1085 118009 2022121710
88.3 9 0 0 1090 117881 2022121710
0.00 0 0 0 1090 117881 2022121710
182 18 0 0 1096 118338 2022121710
125 12 0 0 1098 8521899 2022121710
0.00 0 0 0 1221 8521899 2022121710
52.4 5 0 0 1221 8521899 2022121710
0.00 0 0 0 1221 8521899 2022121710
0.00 0 0 0 1221 8521899 2022121710
0.00 0 0 0 1221 8521899 2022121710
0.00 0 0 0 1221 8521899 2022121710
0.00 0 0 0 1221 8521899 2022121710
0.00 0 0 0 1221 8521899 2022121710
0.00 0 0 0 1221 8521899 2022121710
0.00 0 0 0 1221 8521899 2022121710
0.00 0 0 0 1221 8521899 2022121710
0.00 0 0 0 1221 8521899 2022121710
0.00 0 0 0 1221 8521899 2022121710
0.00 0 0 0 1221 8521899 2022121710
0.00 0 0 0 1221 8521899 2022121710
0.00 0 0 0 1221 8521899 2022121710
0.00 0 0 0 1221 8521899 2022121710
0.00 0 0 0 1221 8521899 2022121710
0.00 0 0 0 1221 8521899 2022121710
0.00 0 0 0 1221 8521899 2022121710
0.00 0 0 0 1221 8521899 2022121710
0.00 0 0 0 1221 8521899 2022121710
0.00 0 0 0 1221 8521899 2022121710
0.00 0 0 0 1221 8521899 2022121710
0.00 0 0 0 1221 8521899 2022121710
0.00 0 0 0 1221 8521899 2022121710
0.00 0 0 0 1221 8521899 2022121710
0.00 0 0 0 1221 8521899 2022121710
0.00 0 0 0 1221 8521899 2022121710
0.00 0 0 0 1221 8521899 2022121710
0.00 0 0 0 1221 8521899 2022121710
0.00 0 0 0 1221 8521899 2022121710
0.00 0 0 0 1221 8521899 2022121710
0.00 0 0 0 1221 8521899 2022121710
0.00 0 0 0 1221 8521899 2022121710
0.00 0 0 0 1221 8521899 2022121710
0.00 0 0 0 1221 8521899 2022121710
0.00 0 0 0 1221 8521899 2022121710
0.00 0 0 0 1221 8521899 2022121710
0.00 0 0 0 1221 8521899 2022121710
0.00 0 0 0 1221 8521899 2022121710
0.00 0 0 0 1221 8521899 2022121710
0.00 0 0 0 1221 8521899 2022121710
0.00 0 0 0 1221 8521899 2022121710
0.00 0 0 0 1221 8521899 2022121710
0.00 0 0 0 1221 8521899 2022121710
0.00 0 0 0 1221 8521899 2022121710
0.00 0 0 0 1221 8521899 2022121710
0.00 0 0 0 1221 8521899 2022121710
0.00 0 0 0 1221 8521899 2022121710
0.00 0 0 0 1221 8521899 2022121710
0.00 0 0 0 1221 8521899 2022121710
0.00 0 0 0 1221 8521899 2022121710
0.00 0 0 0 1221 8521899 2022121710
0.00 0 0 0 1221 8521899 2022121710
0.00 0 0 0 1221 8521899 2022121710
0.00 0 0 0 1221 8521899 2022121710
0.00 0 0 0 1221 8521899 2022121710
0.00 0 0 0 1221 8521899 2022121710
0.00 0 0 0 1221 8521899 2022121710
0.00 0 0 0 1221 8521899 2022121710
0.00 0 0 0 1221 8521899 2022121710
0.00 0 0 0 1221 8521899 2022121710
0.00 0 0 0 1221 8521899 2022121710
0.00 0 0 0 1221 8521899 2022121710
0.00 0 0 0 1221 8521899 2022121710
0.00 0 0 0 1221 8521899 2022121710
0.00 0 0 0 1221 8521899 2022121710
0.00 0 0 0 1221 8521899 2022121710
0.00 0 0 0 1221 8521899 2022121710
0.00 0 0 0 1221 8521899 2022121710
0.00 0 0 0 1221 8521899 2022121710
0.00 0 0 0 1221 8521899 2022121710
0.00 0 0 0 1221 8521899 2022121710
0.00 0 0 0 1221 8521899 2022121710
0.00 0 0 0 1221 8521899 2022121710
0.00 0 0 0 1221 8521899 2022121710
0.00 0 0 0 1221 8521899 2022121710
0.00 0 0 0 1221 8521899 2022121710
0.00 0 0 0 1221 8521899 2022121710
0.00 0 0 0 1221 8521899 2022121710
0.00 0 0 0 1221 8521899 2022121710
0.00 0 0 0 1221 8521899 2022121710
0.00 0 0 0 1221 8521899 2022121710
0.00 0 0 0 1221 8521899 2022121710
0.00 0 0 0 1221 8521899 2022121710
0.00 0 0 0 1221 8521899 2022121710
0.00 0 0 0 1221 8521899 2022121710
0.00 0 0 0 1221 8521899 2022121710
0.00 0 0 0 1221 8521899 2022121710
0.00 0 0 0 1221 8521899 2022121710
0.00 0 0 0 1221 8521899 2022121710
129 13 0 0 1221 117095 2022121710
5.20 1 0 1 650 116967 2022121710
41.6 4 0 23 103 119272 2022121710
52.0 5 0 0 854 116779 2022121710
52.0 5 1 0 871 118694 2022121710
72.7 7 0 0 886 117709 2022121710
41.6 4 0 0 896 117388 2022121710
31.2 3 0 0 901 118659 2022121710
114 11 0 0 921 117113 2022121710
31.2 3 0 0 928 118637 2022121710
72.7 7 0 0 941 117054 2022121710
36.4 4 0 0 947 117858 2022121710
114 12 0 0 963 117194 2022121710
36.4 4 0 0 970 117761 2022121710
41.6 4 0 0 984 117984 2022121710
83.1 8 0 0 985 116915 2022121710
31.2 3 0 0 992 122201 2022121710
83.1 8 0 0 1005 117549 2022121710
77.9 8 0 0 1017 113275 2022121710
88.3 9 0 0 1025 117083 2022121710
41.6 4 0 0 1032 117505 2022121710
36.4 4 0 0 1036 118253 2022121710
130 13 0 0 1050 117462 2022121710
36.4 4 0 0 1054 117665 2022121710
88.3 9 0 0 1064 117242 2022121710
46.8 5 0 0 1070 117212 2022121710
130 13 0 0 1081 117174 2022121710
41.6 4 0 0 1085 117238 2022121710
41.6 4 0 0 1089 117597 2022121710
88.3 9 0 0 1096 117019 2022121710
88.3 9 0 0 1103 117980 2022121710
93.5 9 0 0 1111 117257 2022121710
41.6 4 0 1 592 117597 2022121710
46.8 5 0 37 73 118248 2022121710
41.6 4 1 3 785 124007 2022121710
46.8 5 0 0 791 113937 2022121710
0.00 0 0 0 791 113937 2022121710
114 11 0 0 806 116847 2022121710
0.00 0 0 0 806 116847 2022121710
62.4 6 0 0 810 121579 2022121710
104 10 0 0 823 117439 2022121710
31.2 3 0 0 830 117269 2022121710
67.6 7 0 0 836 117759 2022121710
0.00 0 0 0 836 117759 2022121710
135 14 0 0 845 117236 2022121710
31.2 3 0 0 849 117373 2022121710
41.6 4 0 0 853 119338 2022121710
52.0 5 0 0 857 118629 2022121710
83.1 9 0 0 864 118893 2022121710
57.2 6 0 0 868 118701 2022121710
46.8 5 0 0 878 118597 2022121710
0.00 0 0 0 878 118597 2022121710
145 14 0 0 894 120018 2022121710
0.00 0 0 0 894 120018 2022121710
0.00 0 0 0 894 120018 2022121710
0.00 0 0 0 894 120018 2022121710
213 21 0 0 901 117092 2022121710
0.00 0 0 0 901 117092 2022121710
0.00 0 0 0 901 117092 2022121710
145 14 0 0 904 8197544 2022121710
10.5 1 0 0 1019 119018 2022121710
0.00 0 0 0 1019 119018 2022121710
0.00 0 0 0 1019 119018 2022121710
0.00 0 0 0 1019 119018 2022121710
0.00 0 0 0 1019 119018 2022121710
0.00 0 0 0 1019 119018 2022121710
0.00 0 0 0 1019 119018 2022121710
0.00 0 0 0 1019 119018 2022121710
0.00 0 0 0 1019 119018 2022121710
0.00 0 0 0 1019 119018 2022121710
0.00 0 0 0 1019 119018 2022121710
0.00 0 0 0 1019 119018 2022121710
0.00 0 0 0 1019 119018 2022121710
0.00 0 0 0 1019 119018 2022121710
0.00 0 0 0 1019 119018 2022121710
0.00 0 0 0 1019 119018 2022121710
0.00 0 0 0 1019 119018 2022121710
0.00 0 0 0 1019 119018 2022121710
0.00 0 0 0 1019 119018 2022121710
0.00 0 0 0 1019 119018 2022121710
0.00 0 0 0 1019 119018 2022121710
0.00 0 0 0 1019 119018 2022121710
0.00 0 0 0 1019 119018 2022121710
0.00 0 0 0 1019 119018 2022121710
0.00 0 0 0 1019 119018 2022121710
0.00 0 0 0 1019 119018 2022121710
0.00 0 0 0 1019 119018 2022121710
0.00 0 0 0 1019 119018 2022121710
0.00 0 0 0 1019 119018 2022121710
0.00 0 0 0 1019 119018 2022121710
0.00 0 0 0 1019 119018 2022121710
0.00 0 0 0 1019 119018 2022121710
0.00 0 0 0 1019 119018 2022121710
0.00 0 0 0 1019 119018 2022121710
0.00 0 0 0 1019 119018 2022121710
0.00 0 0 0 1019 119018 2022121710
0.00 0 0 0 1019 119018 2022121710
0.00 0 0 0 1019 119018 2022121710
0.00 0 0 0 1019 119018 2022121710
0.00 0 0 0 1019 119018 2022121710
0.00 0 0 0 1019 119018 2022121710
0.00 0 0 0 1019 119018 2022121710
0.00 0 0 0 1019 119018 2022121710
0.00 0 0 0 1019 119018 2022121710
0.00 0 0 0 1019 119018 2022121710
0.00 0 0 0 1019 119018 2022121710
0.00 0 0 0 1019 119018 2022121710
0.00 0 0 0 1019 119018 2022121710
0.00 0 0 0 1019 119018 2022121710
0.00 0 0 0 1019 119018 2022121710
0.00 0 0 0 1019 119018 2022121710
0.00 0 0 0 1019 119018 2022121710
0.00 0 0 0 1019 119018 2022121710
0.00 0 0 0 1019 119018 2022121710
0.00 0 0 0 1019 119018 2022121710
0.00 0 0 0 1019 119018 2022121710
0.00 0 0 0 1019 119018 2022121710
0.00 0 0 0 1019 119018 2022121710
0.00 0 0 0 1019 119018 2022121710
0.00 0 0 0 1019 119018 2022121710
0.00 0 0 0 1019 119018 2022121710
0.00 0 0 0 1019 119018 2022121710
0.00 0 0 0 1019 119018 2022121710
0.00 0 0 0 1019 119018 2022121710
0.00 0 0 0 1019 119018 2022121710
0.00 0 0 0 1019 119018 2022121710
0.00 0 0 0 1019 119018 2022121710
0.00 0 0 0 1019 119018 2022121710
0.00 0 0 0 1019 119018 2022121710
0.00 0 0 0 1019 119018 2022121710
0.00 0 0 0 1019 119018 2022121710
0.00 0 0 0 1019 119018 2022121710
0.00 0 0 0 1019 119018 2022121710
0.00 0 0 0 1019 119018 2022121710
0.00 0 0 0 1019 119018 2022121710
0.00 0 0 0 1019 119018 2022121710
0.00 0 0 0 1019 119018 2022121710
0.00 0 0 0 1019 119018 2022121710
0.00 0 0 0 1019 119018 2022121710
0.00 0 0 0 1019 119018 2022121710
0.00 0 0 0 1019 119018 2022121710
0.00 0 0 0 1019 119018 2022121710
0.00 0 0 0 1019 119018 2022121710
0.00 0 0 0 1019 119018 2022121710
0.00 0 0 0 1019 119018 2022121710
0.00 0 0 0 1019 119018 2022121710
0.00 0 0 0 1019 119018 2022121710
0.00 0 0 0 1019 119018 2022121710
0.00 0 0 0 1019 119018 2022121710
0.00 0 0 0 1019 119018 2022121710
10.5 1 0 0 1019 119018 2022121710
0.00 0 0 0 1019 119018 2022121710
176 17 0 0 1031 119709 2022121710
0.00 0 0 0 1031 119709 2022121710
0.00 0 0 0 1031 119709 2022121710
0.00 0 0 0 1031 119709 2022121710
0.00 0 0 0 1031 119709 2022121710
0.00 0 0 0 1031 119709 2022121710
0.00 0 0 0 1031 119709 2022121710
330 32 0 12 773 124871 2022121710
0.00 0 0 0 773 124871 2022121710
0.00 0 0 0 773 124871 2022121710
0.00 0 0 0 773 124871 2022121710
0.00 0 0 0 773 124871 2022121710
0.00 0 0 0 773 124871 2022121710
0.00 0 0 0 773 124871 2022121710
0.00 0 0 0 773 124871 2022121710
199 19 0 0 773 124871 2022121710
130 13 0 0 830 177014 2022121710
0.00 0 0 0 849 177014 2022121710
0.00 0 0 0 849 177014 2022121710
0.00 0 0 0 849 177014 2022121710
0.00 0 0 0 849 177014 2022121710
105 10 0 0 849 177014 2022121710
0.00 0 0 0 849 177014 2022121710
115 11 0 0 878 3067724 2022121710
0.00 0 0 0 475 3067724 2022121710
0.00 0 0 0 475 3067724 2022121710
0.00 0 0 0 475 3067724 2022121710
0.00 0 0 0 475 3067724 2022121710
105 10 0 0 475 3067724 2022121710
0.00 0 0 0 475 3067724 2022121710
0.00 0 0 0 475 3067724 2022121710
0.00 0 0 0 475 3067724 2022121710
0.00 0 0 0 475 3067724 2022121710
0.00 0 0 0 475 3067724 2022121710
0.00 0 0 0 475 3067724 2022121710
0.00 0 0 0 475 3067724 2022121710
0.00 0 0 0 475 3067724 2022121710
0.00 0 0 0 475 3067724 2022121710
0.00 0 0 0 475 3067724 2022121710
0.00 0 0 0 475 3067724 2022121710
0.00 0 0 0 475 3067724 2022121710
0.00 0 0 0 475 3067724 2022121710
0.00 0 0 0 475 3067724 2022121710
0.00 0 0 0 475 3067724 2022121710
0.00 0 0 0 475 3067724 2022121710
0.00 0 0 0 475 3067724 2022121710
0.00 0 0 0 475 3067724 2022121710
0.00 0 0 0 475 3067724 2022121710
0.00 0 0 0 475 3067724 2022121710
0.00 0 0 0 475 3067724 2022121710
0.00 0 0 0 475 3067724 2022121710
0.00 0 0 0 475 3067724 2022121710
0.00 0 0 0 475 3067724 2022121710
0.00 0 0 0 475 3067724 2022121710
0.00 0 0 0 475 3067724 2022121710
0.00 0 0 0 475 3067724 2022121710
0.00 0 0 0 475 3067724 2022121710
0.00 0 0 0 475 3067724 2022121710
0.00 0 0 0 475 3067724 2022121710
0.00 0 0 0 475 3067724 2022121710
0.00 0 0 0 475 3067724 2022121710
0.00 0 0 0 475 3067724 2022121710
0.00 0 0 0 475 3067724 2022121710
0.00 0 0 0 475 3067724 2022121710
0.00 0 0 0 475 3067724 2022121710
0.00 0 0 0 475 3067724 2022121710
0.00 0 0 0 475 3067724 2022121710
0.00 0 0 0 475 3067724 2022121710
0.00 0 0 0 475 3067724 2022121710
0.00 0 0 0 475 3067724 2022121710
0.00 0 0 0 475 3067724 2022121710
0.00 0 0 0 475 3067724 2022121710
0.00 0 0 0 475 3067724 2022121710
0.00 0 0 0 475 3067724 2022121710
0.00 0 0 0 475 3067724 2022121710
0.00 0 0 0 475 3067724 2022121710
0.00 0 0 0 475 3067724 2022121710
0.00 0 0 0 475 3067724 2022121710
0.00 0 0 0 475 3067724 2022121710
0.00 0 0 0 475 3067724 2022121710
0.00 0 0 0 475 3067724 2022121710
0.00 0 0 0 475 3067724 2022121710
0.00 0 0 0 475 3067724 2022121710
0.00 0 0 0 475 3067724 2022121710
0.00 0 0 0 475 3067724 2022121710
0.00 0 0 0 475 3067724 2022121710
0.00 0 0 0 475 3067724 2022121710
0.00 0 0 0 475 3067724 2022121710
0.00 0 0 0 475 3067724 2022121710
0.00 0 0 0 475 3067724 2022121710
0.00 0 0 0 475 3067724 2022121710
0.00 0 0 0 475 3067724 2022121710
0.00 0 0 0 475 3067724 2022121710
0.00 0 0 0 475 3067724 2022121710
0.00 0 0 0 475 3067724 2022121710
0.00 0 0 0 475 3067724 2022121710
0.00 0 0 0 475 3067724 2022121710
0.00 0 0 0 475 3067724 2022121710
0.00 0 0 0 475 3067724 2022121710
0.00 0 0 0 475 3067724 2022121710
0.00 0 0 0 475 3067724 2022121710
0.00 0 0 0 475 3067724 2022121710
0.00 0 0 0 475 3067724 2022121710
0.00 0 0 0 475 3067724 2022121710
0.00 0 0 0 475 3067724 2022121710
0.00 0 0 0 475 3067724 2022121710
0.00 0 0 0 475 3067724 2022121710
0.00 0 0 0 475 3067724 2022121710
0.00 0 0 0 475 3067724 2022121710
0.00 0 0 0 475 3067724 2022121710
0.00 0 0 0 475 3067724 2022121710
0.00 0 0 0 475 3067724 2022121710
0.00 0 0 0 475 3067724 2022121710
0.00 0 0 0 475 3067724 2022121710
0.00 0 0 0 475 3067724 2022121710
0.00 0 0 0 475 3067724 2022121710
0.00 0 0 0 475 3067724 2022121710
0.00 0 0 0 475 3067724 2022121710
0.00 0 0 0 475 3067724 2022121710
0.00 0 0 0 475 3067724 2022121710
0.00 0 0 0 475 3067724 2022121710
0.00 0 0 0 475 3067724 2022121710
0.00 0 0 0 475 3067724 2022121710
0.00 0 0 0 475 3067724 2022121710
0.00 0 0 0 475 3067724 2022121710
0.00 0 0 0 475 3067724 2022121710
0.00 0 0 0 475 3067724 2022121710
0.00 0 0 0 475 3067724 2022121710
0.00 0 0 0 475 3067724 2022121710
0.00 0 0 0 475 3067724 2022121710
0.00 0 0 0 475 3067724 2022121710
0.00 0 0 0 475 3067724 2022121710
0.00 0 0 0 475 3067724 2022121710
0.00 0 0 0 475 3067724 2022121710
0.00 0 0 0 475 3067724 2022121710
0.00 0 0 0 475 3067724 2022121710
0.00 0 0 0 475 3067724 2022121710
0.00 0 0 0 475 3067724 2022121710
0.00 0 0 0 475 3067724 2022121710
0.00 0 0 0 475 3067724 2022121710
0.00 0 0 0 475 3067724 2022121710
0.00 0 0 0 475 3067724 2022121710
0.00 0 0 0 475 3067724 2022121710
0.00 0 0 0 475 3067724 2022121710
0.00 0 0 0 475 3067724 2022121710
0.00 0 0 0 475 3067724 2022121710
0.00 0 0 0 475 3067724 2022121710
0.00 0 0 0 475 3067724 2022121710
0.00 0 0 0 475 3067724 2022121710
0.00 0 0 0 475 3067724 2022121710
0.00 0 0 0 475 3067724 2022121710
0.00 0 0 0 475 3067724 2022121710
0.00 0 0 0 475 3067724 2022121710
0.00 0 0 0 475 3067724 2022121710
0.00 0 0 0 475 3067724 2022121710
0.00 0 0 0 475 3067724 2022121710
0.00 0 0 0 475 3067724 2022121710
0.00 0 0 0 475 3067724 2022121710
0.00 0 0 0 475 3067724 2022121710
0.00 0 0 0 475 3067724 2022121710
0.00 0 0 0 475 3067724 2022121710
0.00 0 0 0 475 3067724 2022121710
0.00 0 0 0 475 3067724 2022121710
0.00 0 0 0 475 3067724 2022121710
0.00 0 0 0 475 3067724 2022121710
0.00 0 0 0 475 3067724 2022121710
0.00 0 0 0 475 3067724 2022121710
0.00 0 0 0 475 3067724 2022121710
0.00 0 0 0 475 3067724 2022121710
0.00 0 0 0 475 3067724 2022121710
0.00 0 0 0 475 3067724 2022121710
0.00 0 0 0 475 3067724 2022121710
0.00 0 0 0 475 3067724 2022121710
0.00 0 0 0 475 3067724 2022121710
0.00 0 0 0 475 3067724 2022121710
0.00 0 0 0 475 3067724 2022121710
0.00 0 0 0 475 3067724 2022121710
0.00 0 0 0 475 3067724 2022121710
0.00 0 0 0 475 3067724 2022121710
0.00 0 0 0 475 3067724 2022121710
0.00 0 0 0 475 3067724 2022121710
0.00 0 0 0 475 3067724 2022121710
0.00 0 0 0 475 3067724 2022121710
0.00 0 0 0 475 3067724 2022121710
0.00 0 0 0 475 3067724 2022121710
0.00 0 0 0 475 3067724 2022121710
0.00 0 0 0 475 3067724 2022121710
0.00 0 0 0 475 3067724 2022121710
0.00 0 0 0 475 3067724 2022121710
0.00 0 0 0 475 3067724 2022121710
0.00 0 0 0 475 3067724 2022121710
0.00 0 0 0 475 3067724 2022121710
0.00 0 0 0 475 3067724 2022121710
0.00 0 0 0 475 3067724 2022121710
0.00 0 0 0 475 3067724 2022121710
0.00 0 0 0 475 3067724 2022121710
0.00 0 0 0 475 3067724 2022121710
0.00 0 0 0 475 3067724 2022121710
0.00 0 0 0 475 3067724 2022121710
0.00 0 0 0 475 3067724 2022121710
0.00 0 0 0 475 3067724 2022121710
0.00 0 0 0 475 3067724 2022121710
0.00 0 0 0 475 3067724 2022121710
0.00 0 0 0 475 3067724 2022121710
0.00 0 0 0 475 3067724 2022121710
0.00 0 0 0 475 3067724 2022121710
0.00 0 0 0 475 3067724 2022121710
178 17 0 0 1136 117688 2022121710
0.00 0 0 0 1136 117688 2022121710
0.00 0 0 0 1136 117688 2022121710
109 11 0 0 1490 119042 2022121710
120 12 0 21 1178 116922 2022121710
0.00 0 0 0 1178 116922 2022121710
0.00 0 0 0 1178 116922 2022121710
145 14 0 54 714 115787 2022121710
0.00 0 0 0 714 115787 2022121710
88.3 9 0 0 836 115395 2022121710
98.7 10 0 0 854 113072 2022121710
0.00 0 0 0 854 113072 2022121710
0.00 0 0 0 854 113072 2022121710
83.1 8 0 0 865 117419 2022121710
109 11 0 0 874 117607 2022121710
0.00 0 0 0 874 117607 2022121710
104 11 0 0 882 119190 2022121710
67.6 7 0 0 888 117038 2022121710
41.6 4 0 0 893 117208 2022121710
104 11 0 0 901 117445 2022121710
41.6 4 0 0 905 117251 2022121710
36.4 4 0 0 910 119339 2022121710
67.6 7 0 0 915 117276 2022121710
77.9 8 0 0 921 119145 2022121710
72.7 7 0 0 926 117464 2022121710
41.6 4 0 0 929 117568 2022121710
36.4 4 0 0 932 119426 2022121710
114 11 0 0 940 117271 2022121710
36.4 4 0 0 943 119193 2022121710
72.7 7 0 0 947 117304 2022121710
41.6 4 0 0 950 116961 2022121710
41.6 4 0 0 952 119160 2022121710
114 11 0 0 958 117501 2022121710
41.6 4 0 0 961 117764 2022121710
62.4 6 0 0 962 113387 2022121710
83.1 9 0 0 962 117768 2022121710
26.0 3 0 0 962 117801 2022121710
31.2 3 0 0 962 117807 2022121710
31.2 3 0 0 962 117562 2022121710
52.0 5 0 0 962 117716 2022121710
26.0 3 0 0 962 117929 2022121710
31.2 3 0 0 962 113789 2022121710
26.0 3 0 0 962 121160 2022121710
77.9 8 0 0 962 117398 2022121710
26.0 3 0 0 962 121156 2022121710
26.0 3 0 0 962 121185 2022121710
20.8 2 0 0 962 121327 2022121710
62.4 7 0 0 962 117404 2022121710
20.8 2 0 0 962 117658 2022121710
26.0 3 0 0 962 117757 2022121710
26.0 3 0 0 962 117809 2022121710
52.0 6 0 0 962 117847 2022121710
26.0 3 0 0 962 117284 2022121710
26.0 3 0 0 962 117426 2022121710
31.2 3 0 0 962 118024 2022121710
52.0 6 0 0 962 114021 2022121710
31.2 3 0 0 962 117442 2022121710
31.2 3 0 0 962 113832 2022121710
36.4 4 0 0 962 117557 2022121710
52.0 5 0 0 962 117255 2022121710
15.6 2 0 0 962 117751 2022121710
67.6 7 0 0 962 117495 2022121710
36.4 4 0 0 962 117467 2022121710
31.2 3 0 0 962 117155 2022121710
36.4 4 0 0 962 117269 2022121710
0.00 0 0 0 962 117269 2022121710
0.00 0 0 0 962 117269 2022121710
161 16 0 0 962 117374 2022121710
36.4 4 0 0 962 113377 2022121710
83.1 9 0 0 962 117842 2022121710
36.4 4 0 0 962 117421 2022121710
31.2 3 0 0 962 117637 2022121710
36.4 4 0 0 962 113483 2022121710
72.7 8 0 0 962 118040 2022121710
26.0 3 0 0 962 117760 2022121710
20.8 2 0 0 962 117585 2022121710
36.4 4 0 0 962 117647 2022121710
62.4 6 0 0 962 117432 2022121710
26.0 3 0 0 962 117644 2022121710
31.2 3 0 0 962 117512 2022121710
31.2 3 0 0 962 118221 2022121710
52.0 6 0 0 962 117639 2022121710
31.2 3 0 0 962 117604 2022121710
31.2 3 0 0 962 117507 2022121710
36.4 4 0 0 962 113409 2022121710
67.6 7 0 0 962 117737 2022121710
31.2 3 0 0 962 121385 2022121710
31.2 3 0 0 962 114788 2022121710
36.4 4 0 0 962 113596 2022121710
52.0 5 0 0 962 117769 2022121710
31.2 3 0 0 962 117418 2022121710
36.4 4 0 0 962 117556 2022121710
31.2 3 0 0 962 117392 2022121710
21.0 1265 3 178 962 117392 2022121710
6 2022121710
0.00 0 0 0 1483 9934846 2022121710
0.00 0 0 0 1483 9934846 2022121710
0.00 0 0 0 1483 9934846 2022121710
0.00 0 0 0 1483 9934846 2022121710
0.00 0 0 0 1483 9934846 2022121710
0.00 0 0 0 1483 9934846 2022121710
0.00 0 0 0 1483 9934846 2022121710
0.00 0 0 0 1483 9934846 2022121710
0.00 0 0 0 1483 9934846 2022121710
0.00 0 0 0 1483 9934846 2022121710
0.00 0 0 0 1483 9934846 2022121710
0.00 0 0 0 1483 9934846 2022121710
0.00 0 0 0 1483 9934846 2022121710
0.00 0 0 0 1483 9934846 2022121710
0.00 0 0 0 1483 9934846 2022121710
0.00 0 0 0 1483 9934846 2022121710
30.3 1910 3 81 1483 9934846 2022121710
