13.7 2 0 0 27 117539 2022121708
0.00 0 1 0 55 119318 2022121708
10.4 1 0 0 110 119400 2022121708
18.2 2 0 0 220 118353 2022121708
31.2 3 0 0 388 117000 2022121708
10.5 1 0 0 441 119284 2022121708
140 14 0 0 791 119229 2022121708
114 11 0 0 809 117071 2022121708
52.0 5 0 0 861 116995 2022121708
93.5 9 0 0 888 117634 2022121708
41.6 4 0 0 915 118729 2022121708
104 11 0 0 979 117425 2022121708
41.6 4 0 0 1009 118847 2022121708
62.4 6 0 0 1047 117701 2022121708
52.0 5 0 0 1079 121496 2022121708
46.8 5 0 0 1111 115196 2022121708
125 13 0 0 1189 117763 2022121708
52.0 5 0 0 1225 123045 2022121708
77.9 8 0 0 1272 117829 2022121708
120 12 0 0 1349 122295 2022121708
83.1 8 0 16 606 114597 2022121708
67.6 7 0 18 133 117925 2022121708
36.4 4 0 1 559 120359 2022121708
72.7 8 0 0 985 116452 2022121708
52.0 5 0 0 1006 117185 2022121708
36.4 4 0 0 1016 113104 2022121708
36.4 4 0 0 1023 118416 2022121708
120 12 0 0 1039 121316 2022121708
46.5 5 0 0 1053 114012 2022121708
88.3 9 0 0 1067 117091 2022121708
46.8 5 0 0 1075 116869 2022121708
36.4 4 0 0 1081 117523 2022121708
135 14 0 0 1096 117395 2022121708
41.6 4 0 0 1112 118900 2022121708
77.9 8 0 0 1121 116949 2022121708
10.4 1 0 2 617 117576 2022121708
57.2 6 0 20 784 119312 2022121708
83.1 8 0 0 784 124955 2022121708
10.4 1 0 0 791 117026 2022121708
26.0 3 0 0 797 117168 2022121708
98.7 10 0 0 809 117222 2022121708
31.2 3 0 0 813 113440 2022121708
31.2 3 0 0 817 119008 2022121708
67.6 7 0 0 824 113195 2022121708
67.6 7 0 0 832 119106 2022121708
67.6 7 0 0 838 121906 2022121708
31.2 3 0 0 842 113373 2022121708
104 11 0 0 852 117867 2022121708
36.4 4 0 0 856 117907 2022121708
36.4 4 0 0 859 119333 2022121708
62.4 6 0 0 864 117832 2022121708
72.7 7 0 0 870 119370 2022121708
67.6 7 0 0 875 117741 2022121708
41.6 4 0 0 879 117844 2022121708
36.4 4 0 0 881 120507 2022121708
67.6 7 0 0 885 117325 2022121708
72.7 8 0 0 890 119273 2022121708
67.6 7 0 0 894 117394 2022121708
41.6 4 0 0 897 117006 2022121708
36.4 4 0 0 900 119373 2022121708
109 11 0 0 907 117327 2022121708
36.4 4 0 0 908 117063 2022121708
67.6 7 0 0 911 119209 2022121708
41.6 4 0 0 912 114709 2022121708
104 10 0 0 918 113236 2022121708
46.8 5 0 0 919 113090 2022121708
41.6 4 0 0 921 119575 2022121708
109 11 0 0 925 117489 2022121708
41.6 4 0 0 926 115323 2022121708
62.4 6 0 0 929 116963 2022121708
41.6 4 0 0 930 117697 2022121708
104 11 0 0 933 117077 2022121708
46.8 5 0 0 934 117946 2022121708
46.8 5 0 0 936 118422 2022121708
57.2 6 0 0 937 117113 2022121708
98.7 10 0 0 939 117997 2022121708
52.0 5 0 0 940 117661 2022121708
46.8 5 0 0 941 117877 2022121708
52.0 5 0 0 943 118082 2022121708
52.0 5 0 0 943 118116 2022121708
104 10 0 0 945 118344 2022121708
52.0 5 0 0 945 118252 2022121708
52.0 5 0 0 947 118266 2022121708
52.0 5 0 0 948 116972 2022121708
104 10 0 0 950 117074 2022121708
31.2 3 0 0 950 113820 2022121708
41.6 4 0 0 950 114852 2022121708
114 12 0 0 951 117415 2022121708
41.6 4 0 0 951 118887 2022121708
57.2 6 0 0 951 117968 2022121708
52.0 5 0 0 951 117964 2022121708
104 11 0 0 952 117626 2022121708
52.0 5 0 0 952 117680 2022121708
46.8 5 0 0 952 118756 2022121708
57.2 6 0 0 952 118184 2022121708
98.7 10 0 0 952 118797 2022121708
57.2 6 0 0 952 118160 2022121708
52.0 5 0 0 952 117896 2022121708
46.8 5 0 0 952 118706 2022121708
109 11 0 0 952 118020 2022121708
46.8 5 0 0 952 118717 2022121708
57.2 6 0 0 952 118201 2022121708
52.0 5 0 0 952 122231 2022121708
46.8 5 0 0 952 123021 2022121708
109 11 0 0 952 117944 2022121708
46.8 5 0 0 952 117580 2022121708
77.9 8 0 0 952 121024 2022121708
26.0 3 0 0 952 122278 2022121708
83.1 8 0 0 952 117280 2022121708
72.7 7 0 0 952 117716 2022121708
83.1 8 0 0 952 117093 2022121708
31.2 3 0 0 952 119362 2022121708
41.6 4 0 0 952 119315 2022121708
114 11 0 0 952 117510 2022121708
41.6 4 0 0 952 119385 2022121708
72.7 7 0 0 952 117662 2022121708
46.8 5 0 0 952 117045 2022121708
109 11 0 0 954 117069 2022121708
41.6 4 0 0 954 119267 2022121708
41.6 4 0 0 954 119078 2022121708
67.6 7 0 0 954 117644 2022121708
88.3 9 0 0 955 119153 2022121708
67.6 7 0 0 955 117648 2022121708
46.8 5 0 0 955 117919 2022121708
41.6 4 0 0 956 119204 2022121708
114 12 0 0 958 117661 2022121708
41.6 4 0 0 958 118046 2022121708
67.6 7 0 0 959 117072 2022121708
46.8 5 0 0 13 118981 2022121708
0.00 0 0 0 13 118981 2022121708
0.00 0 0 0 13 118981 2022121708
0.00 0 0 0 13 118981 2022121708
0.00 0 0 0 13 118981 2022121708
0.00 0 0 0 13 118981 2022121708
0.00 0 0 0 13 118981 2022121708
0.00 0 0 0 13 118981 2022121708
0.00 0 0 0 13 118981 2022121708
0.00 0 0 0 13 118981 2022121708
0.00 0 0 0 13 118981 2022121708
0.00 0 0 0 13 118981 2022121708
0.00 0 0 0 13 118981 2022121708
0.00 0 0 0 13 118981 2022121708
0.00 0 0 0 13 118981 2022121708
0.00 0 0 0 13 118981 2022121708
0.00 0 0 0 13 118981 2022121708
0.00 0 0 0 13 118981 2022121708
0.00 0 0 0 13 118981 2022121708
0.00 0 0 0 13 118981 2022121708
0.00 0 0 0 13 118981 2022121708
0.00 0 0 0 13 118981 2022121708
0.00 0 0 0 13 118981 2022121708
0.00 0 0 0 13 118981 2022121708
0.00 0 0 0 13 118981 2022121708
0.00 0 0 0 13 118981 2022121708
0.00 0 0 0 13 118981 2022121708
0.00 0 0 0 13 118981 2022121708
0.00 0 0 0 13 118981 2022121708
0.00 0 0 0 13 118981 2022121708
0.00 0 0 0 13 118981 2022121708
0.00 0 0 0 13 118981 2022121708
0.00 0 0 0 13 118981 2022121708
0.00 0 0 0 13 118981 2022121708
0.00 0 0 0 13 118981 2022121708
0.00 0 0 0 13 118981 2022121708
0.00 0 0 0 13 118981 2022121708
0.00 0 0 0 13 118981 2022121708
0.00 0 0 0 13 118981 2022121708
0.00 0 0 0 13 118981 2022121708
0.00 0 0 0 13 118981 2022121708
0.00 0 0 0 13 118981 2022121708
0.00 0 0 0 13 118981 2022121708
0.00 0 0 0 13 118981 2022121708
0.00 0 0 0 13 118981 2022121708
0.00 0 0 0 13 118981 2022121708
0.00 0 0 0 13 118981 2022121708
0.00 0 0 0 13 118981 2022121708
0.00 0 0 0 13 118981 2022121708
0.00 0 0 0 13 118981 2022121708
0.00 0 0 0 13 118981 2022121708
0.00 0 0 0 13 118981 2022121708
0.00 0 0 0 13 118981 2022121708
0.00 0 0 0 13 118981 2022121708
0.00 0 0 0 13 118981 2022121708
0.00 0 0 0 13 118981 2022121708
0.00 0 0 0 13 118981 2022121708
0.00 0 0 0 13 118981 2022121708
0.00 0 0 0 13 118981 2022121708
0.00 0 0 0 13 118981 2022121708
0.00 0 0 0 13 118981 2022121708
0.00 0 0 0 13 118981 2022121708
0.00 0 0 0 13 118981 2022121708
0.00 0 0 0 13 118981 2022121708
0.00 0 0 0 13 118981 2022121708
0.00 0 0 0 13 118981 2022121708
0.00 0 0 0 13 118981 2022121708
0.00 0 0 0 13 118981 2022121708
0.00 0 0 0 13 118981 2022121708
0.00 0 0 0 13 118981 2022121708
0.00 0 0 0 13 118981 2022121708
0.00 0 0 0 13 118981 2022121708
0.00 0 0 0 13 118981 2022121708
0.00 0 0 0 13 118981 2022121708
0.00 0 0 0 13 118981 2022121708
0.00 0 0 0 13 118981 2022121708
0.00 0 0 0 13 118981 2022121708
0.00 0 0 0 13 118981 2022121708
0.00 0 0 0 13 118981 2022121708
0.00 0 0 0 13 118981 2022121708
0.00 0 0 0 13 118981 2022121708
0.00 0 0 0 13 118981 2022121708
0.00 0 0 0 13 118981 2022121708
0.00 0 0 0 13 118981 2022121708
0.00 0 0 0 13 118981 2022121708
0.00 0 0 0 13 118981 2022121708
0.00 0 0 0 13 118981 2022121708
0.00 0 0 0 13 118981 2022121708
0.00 0 0 0 13 118981 2022121708
0.00 0 0 0 13 118981 2022121708
0.00 0 0 0 13 118981 2022121708
0.00 0 0 0 13 118981 2022121708
0.00 0 0 0 13 118981 2022121708
0.00 0 0 0 13 118981 2022121708
0.00 0 0 0 13 118981 2022121708
0.00 0 0 0 13 118981 2022121708
0.00 0 0 0 13 118981 2022121708
0.00 0 0 0 13 118981 2022121708
0.00 0 0 0 13 118981 2022121708
334 32 0 0 55 119731 2022121708
0.00 0 0 0 55 119731 2022121708
0.00 0 0 0 55 119731 2022121708
5.20 1 1 0 220 118648 2022121708
0.00 0 1 0 220 118648 2022121708
0.00 0 1 0 441 119182 2022121708
26.0 3 0 0 711 117146 2022121708
31.2 3 1 0 926 117304 2022121708
31.2 3 0 0 955 117601 2022121708
31.2 3 0 0 955 118170 2022121708
77.9 8 0 0 974 117666 2022121708
72.7 7 0 0 983 118267 2022121708
83.1 8 0 0 985 117996 2022121708
46.8 5 0 0 988 117617 2022121708
31.2 3 0 0 990 117655 2022121708
130 13 0 0 996 117387 2022121708
31.2 3 0 0 998 118223 2022121708
83.1 8 0 0 1001 117872 2022121708
46.8 5 0 0 1003 117175 2022121708
120 12 0 0 1009 117463 2022121708
36.4 4 0 0 1012 117706 2022121708
41.6 4 0 0 1014 117985 2022121708
83.1 8 0 0 1020 117684 2022121708
83.1 8 0 0 1024 118470 2022121708
83.1 8 0 0 1030 113525 2022121708
41.6 4 0 0 1034 113805 2022121708
41.6 4 0 0 1035 118121 2022121708
125 13 0 0 1043 117947 2022121708
46.8 5 0 0 1047 118502 2022121708
83.1 8 0 0 1053 117349 2022121708
41.6 4 0 0 1057 117883 2022121708
130 13 0 2 548 118846 2022121708
5.20 1 0 0 741 119691 2022121708
41.6 4 0 0 757 118204 2022121708
36.4 4 0 0 765 117589 2022121708
83.1 8 0 0 781 117361 2022121708
36.4 4 0 0 790 113128 2022121708
26.0 3 0 0 794 117837 2022121708
67.6 7 0 0 806 114086 2022121708
62.4 7 0 0 819 116930 2022121708
67.6 7 0 0 819 117571 2022121708
36.4 4 0 0 831 117203 2022121708
26.0 3 0 0 838 121173 2022121708
109 11 0 0 857 117810 2022121708
31.2 3 0 0 861 119159 2022121708
67.6 7 0 0 872 117900 2022121708
36.4 4 0 0 876 117717 2022121708
104 11 0 0 890 118004 2022121708
41.6 4 0 0 896 113622 2022121708
31.2 3 0 0 899 117291 2022121708
72.7 7 0 0 908 117958 2022121708
72.7 7 0 0 916 119044 2022121708
77.9 8 0 0 923 117685 2022121708
36.4 4 0 0 929 117557 2022121708
36.4 4 0 0 932 119256 2022121708
114 11 0 0 943 117482 2022121708
36.4 4 0 0 947 119179 2022121708
72.7 7 0 0 952 117848 2022121708
46.8 5 0 0 956 117444 2022121708
114 12 0 0 966 117692 2022121708
41.6 4 0 0 970 117475 2022121708
36.4 4 0 0 972 119310 2022121708
77.9 8 0 0 979 119347 2022121708
77.9 8 0 0 987 117579 2022121708
77.9 8 0 0 988 119673 2022121708
46.8 5 0 0 991 117753 2022121708
36.4 4 0 0 994 119431 2022121708
125 13 0 0 1001 117574 2022121708
36.4 4 0 0 1003 122168 2022121708
83.1 8 0 0 1006 114044 2022121708
46.8 5 0 0 1009 117398 2022121708
36.4 4 0 0 1012 122880 2022121708
125 13 0 0 1017 113918 2022121708
41.6 4 0 1 659 114487 2022121708
46.8 5 0 0 661 119702 2022121708
88.3 9 0 0 674 119170 2022121708
36.4 4 0 0 681 116756 2022121708
15.6 2 0 0 692 119175 2022121708
57.2 6 0 0 701 117321 2022121708
36.4 4 0 0 701 119307 2022121708
77.9 8 0 0 714 118611 2022121708
36.4 4 0 0 719 119269 2022121708
57.2 6 0 0 726 117191 2022121708
26.0 3 0 0 729 118491 2022121708
88.3 9 0 0 741 117262 2022121708
26.0 3 0 0 744 117921 2022121708
41.6 4 0 0 748 118659 2022121708
46.8 5 0 0 755 117464 2022121708
36.4 4 0 0 762 117372 2022121708
62.4 6 0 0 765 117107 2022121708
72.7 7 0 0 773 117119 2022121708
36.4 4 0 0 777 117547 2022121708
36.4 4 0 0 780 119068 2022121708
52.0 5 0 0 785 117777 2022121708
72.7 7 0 0 806 114741 2022121708
0.00 0 0 0 806 114741 2022121708
0.00 0 0 0 806 114741 2022121708
0.00 0 0 0 806 114741 2022121708
223 22 0 0 809 117866 2022121708
36.4 4 0 0 812 121397 2022121708
52.0 5 0 0 814 118942 2022121708
41.6 4 0 0 817 113463 2022121708
93.5 9 0 0 821 118836 2022121708
41.6 4 0 0 825 117582 2022121708
36.4 4 0 0 827 117794 2022121708
57.2 6 0 0 828 118901 2022121708
77.9 8 0 0 834 118172 2022121708
57.2 6 0 0 834 118019 2022121708
41.6 4 0 0 836 117865 2022121708
36.4 4 0 0 838 118973 2022121708
98.7 10 0 0 842 117808 2022121708
41.6 4 0 0 843 119061 2022121708
57.2 6 0 0 845 117893 2022121708
36.4 4 0 0 846 117965 2022121708
98.7 10 0 0 849 117445 2022121708
41.6 4 0 0 849 118351 2022121708
41.6 4 0 0 850 119257 2022121708
57.2 6 0 0 852 117716 2022121708
83.1 8 0 0 853 8733937 2022121708
10.5 1 0 0 1067 8733937 2022121708
0.00 0 0 0 1067 8733937 2022121708
0.00 0 0 0 1067 8733937 2022121708
0.00 0 0 0 1067 8733937 2022121708
0.00 0 0 0 1067 8733937 2022121708
0.00 0 0 0 1067 8733937 2022121708
0.00 0 0 0 1067 8733937 2022121708
0.00 0 0 0 1067 8733937 2022121708
0.00 0 0 0 1067 8733937 2022121708
0.00 0 0 0 1067 8733937 2022121708
0.00 0 0 0 1067 8733937 2022121708
0.00 0 0 0 1067 8733937 2022121708
0.00 0 0 0 1067 8733937 2022121708
0.00 0 0 0 1067 8733937 2022121708
0.00 0 0 0 1067 8733937 2022121708
0.00 0 0 0 1067 8733937 2022121708
0.00 0 0 0 1067 8733937 2022121708
0.00 0 0 0 1067 8733937 2022121708
0.00 0 0 0 1067 8733937 2022121708
0.00 0 0 0 1067 8733937 2022121708
0.00 0 0 0 1067 8733937 2022121708
0.00 0 0 0 1067 8733937 2022121708
0.00 0 0 0 1067 8733937 2022121708
0.00 0 0 0 1067 8733937 2022121708
0.00 0 0 0 1067 8733937 2022121708
0.00 0 0 0 1067 8733937 2022121708
0.00 0 0 0 1067 8733937 2022121708
0.00 0 0 0 1067 8733937 2022121708
0.00 0 0 0 1067 8733937 2022121708
0.00 0 0 0 1067 8733937 2022121708
0.00 0 0 0 1067 8733937 2022121708
0.00 0 0 0 1067 8733937 2022121708
0.00 0 0 0 1067 8733937 2022121708
0.00 0 0 0 1067 8733937 2022121708
0.00 0 0 0 1067 8733937 2022121708
0.00 0 0 0 1067 8733937 2022121708
0.00 0 0 0 1067 8733937 2022121708
0.00 0 0 0 1067 8733937 2022121708
0.00 0 0 0 1067 8733937 2022121708
0.00 0 0 0 1067 8733937 2022121708
0.00 0 0 0 1067 8733937 2022121708
0.00 0 0 0 1067 8733937 2022121708
0.00 0 0 0 1067 8733937 2022121708
0.00 0 0 0 1067 8733937 2022121708
0.00 0 0 0 1067 8733937 2022121708
0.00 0 0 0 1067 8733937 2022121708
0.00 0 0 0 1067 8733937 2022121708
0.00 0 0 0 1067 8733937 2022121708
0.00 0 0 0 1067 8733937 2022121708
0.00 0 0 0 1067 8733937 2022121708
0.00 0 0 0 1067 8733937 2022121708
0.00 0 0 0 1067 8733937 2022121708
0.00 0 0 0 1067 8733937 2022121708
0.00 0 0 0 1067 8733937 2022121708
0.00 0 0 0 1067 8733937 2022121708
0.00 0 0 0 1067 8733937 2022121708
0.00 0 0 0 1067 8733937 2022121708
0.00 0 0 0 1067 8733937 2022121708
0.00 0 0 0 1067 8733937 2022121708
0.00 0 0 0 1067 8733937 2022121708
0.00 0 0 0 1067 8733937 2022121708
0.00 0 0 0 1067 8733937 2022121708
0.00 0 0 0 1067 8733937 2022121708
0.00 0 0 0 1067 8733937 2022121708
0.00 0 0 0 1067 8733937 2022121708
0.00 0 0 0 1067 8733937 2022121708
0.00 0 0 0 1067 8733937 2022121708
0.00 0 0 0 1067 8733937 2022121708
0.00 0 0 0 1067 8733937 2022121708
0.00 0 0 0 1067 8733937 2022121708
0.00 0 0 0 1067 8733937 2022121708
0.00 0 0 0 1067 8733937 2022121708
0.00 0 0 0 1067 8733937 2022121708
0.00 0 0 0 1067 8733937 2022121708
0.00 0 0 0 1067 8733937 2022121708
0.00 0 0 0 1067 8733937 2022121708
0.00 0 0 0 1067 8733937 2022121708
0.00 0 0 0 1067 8733937 2022121708
0.00 0 0 0 1067 8733937 2022121708
0.00 0 0 0 1067 8733937 2022121708
0.00 0 0 0 1067 8733937 2022121708
0.00 0 0 0 1067 8733937 2022121708
0.00 0 0 0 1067 8733937 2022121708
0.00 0 0 0 1067 8733937 2022121708
0.00 0 0 0 1067 8733937 2022121708
0.00 0 0 0 1067 8733937 2022121708
0.00 0 0 0 1067 8733937 2022121708
0.00 0 0 0 1067 8733937 2022121708
0.00 0 0 0 1067 8733937 2022121708
0.00 0 0 0 1067 8733937 2022121708
0.00 0 0 0 1067 8733937 2022121708
0.00 0 0 0 1067 8733937 2022121708
0.00 0 0 0 1067 8733937 2022121708
0.00 0 0 0 1067 8733937 2022121708
0.00 0 0 0 1067 8733937 2022121708
0.00 0 0 0 1067 8733937 2022121708
119 12 0 0 1068 8559735 2022121708
0.00 0 0 0 1603 8559735 2022121708
0.00 0 0 0 1603 8559735 2022121708
10.5 1 0 0 1603 8742277 2022121708
0.00 0 0 0 1603 8742277 2022121708
0.00 0 0 0 1603 8742277 2022121708
0.00 0 0 0 1603 8742277 2022121708
0.00 0 0 0 1603 8742277 2022121708
0.00 0 0 0 1603 8742277 2022121708
0.00 0 0 0 1603 8742277 2022121708
0.00 0 0 0 1603 8742277 2022121708
0.00 0 0 0 1603 8742277 2022121708
0.00 0 0 0 1603 8742277 2022121708
0.00 0 0 0 1603 8742277 2022121708
0.00 0 0 0 1603 8742277 2022121708
0.00 0 0 0 1603 8742277 2022121708
0.00 0 0 0 1603 8742277 2022121708
0.00 0 0 0 1603 8742277 2022121708
0.00 0 0 0 1603 8742277 2022121708
0.00 0 0 0 1603 8742277 2022121708
0.00 0 0 0 1603 8742277 2022121708
0.00 0 0 0 1603 8742277 2022121708
0.00 0 0 0 1603 8742277 2022121708
0.00 0 0 0 1603 8742277 2022121708
0.00 0 0 0 1603 8742277 2022121708
0.00 0 0 0 1603 8742277 2022121708
0.00 0 0 0 1603 8742277 2022121708
0.00 0 0 0 1603 8742277 2022121708
0.00 0 0 0 1603 8742277 2022121708
0.00 0 0 0 1603 8742277 2022121708
0.00 0 0 0 1603 8742277 2022121708
0.00 0 0 0 1603 8742277 2022121708
0.00 0 0 0 1603 8742277 2022121708
0.00 0 0 0 1603 8742277 2022121708
0.00 0 0 0 1603 8742277 2022121708
0.00 0 0 0 1603 8742277 2022121708
0.00 0 0 0 1603 8742277 2022121708
0.00 0 0 0 1603 8742277 2022121708
0.00 0 0 0 1603 8742277 2022121708
0.00 0 0 0 1603 8742277 2022121708
0.00 0 0 0 1603 8742277 2022121708
0.00 0 0 0 1603 8742277 2022121708
0.00 0 0 0 1603 8742277 2022121708
0.00 0 0 0 1603 8742277 2022121708
0.00 0 0 0 1603 8742277 2022121708
0.00 0 0 0 1603 8742277 2022121708
0.00 0 0 0 1603 8742277 2022121708
0.00 0 0 0 1603 8742277 2022121708
0.00 0 0 0 1603 8742277 2022121708
0.00 0 0 0 1603 8742277 2022121708
0.00 0 0 0 1603 8742277 2022121708
0.00 0 0 0 1603 8742277 2022121708
0.00 0 0 0 1603 8742277 2022121708
0.00 0 0 0 1603 8742277 2022121708
0.00 0 0 0 1603 8742277 2022121708
0.00 0 0 0 1603 8742277 2022121708
0.00 0 0 0 1603 8742277 2022121708
0.00 0 0 0 1603 8742277 2022121708
0.00 0 0 0 1603 8742277 2022121708
0.00 0 0 0 1603 8742277 2022121708
0.00 0 0 0 1603 8742277 2022121708
0.00 0 0 0 1603 8742277 2022121708
0.00 0 0 0 1603 8742277 2022121708
0.00 0 0 0 1603 8742277 2022121708
0.00 0 0 0 1603 8742277 2022121708
0.00 0 0 0 1603 8742277 2022121708
0.00 0 0 0 1603 8742277 2022121708
0.00 0 0 0 1603 8742277 2022121708
0.00 0 0 0 1603 8742277 2022121708
0.00 0 0 0 1603 8742277 2022121708
0.00 0 0 0 1603 8742277 2022121708
0.00 0 0 0 1603 8742277 2022121708
0.00 0 0 0 1603 8742277 2022121708
0.00 0 0 0 1603 8742277 2022121708
0.00 0 0 0 1603 8742277 2022121708
0.00 0 0 0 1603 8742277 2022121708
0.00 0 0 0 1603 8742277 2022121708
0.00 0 0 0 1603 8742277 2022121708
0.00 0 0 0 1603 8742277 2022121708
0.00 0 0 0 1603 8742277 2022121708
0.00 0 0 0 1603 8742277 2022121708
0.00 0 0 0 1603 8742277 2022121708
0.00 0 0 0 1603 8742277 2022121708
0.00 0 0 0 1603 8742277 2022121708
0.00 0 0 0 1603 8742277 2022121708
0.00 0 0 0 1603 8742277 2022121708
0.00 0 0 0 1603 8742277 2022121708
0.00 0 0 0 1603 8742277 2022121708
0.00 0 0 0 1603 8742277 2022121708
0.00 0 0 0 1603 8742277 2022121708
0.00 0 0 0 1603 8742277 2022121708
0.00 0 0 0 1603 8742277 2022121708
0.00 0 0 0 1603 8742277 2022121708
0.00 0 0 0 1603 8742277 2022121708
0.00 0 0 0 1603 8742277 2022121708
0.00 0 0 0 1603 8742277 2022121708
0.00 0 0 0 1603 8742277 2022121708
0.00 0 0 0 1603 8742277 2022121708
105 10 0 0 1603 8742277 2022121708
0.00 0 0 0 1603 8742277 2022121708
0.00 0 0 0 1603 8742277 2022121708
0.00 0 0 0 1603 8742277 2022121708
0.00 0 0 0 1603 8742277 2022121708
0.00 0 0 0 1603 8742277 2022121708
0.00 0 0 0 1603 8742277 2022121708
0.00 0 0 0 1603 8742277 2022121708
0.00 0 0 0 1603 8742277 2022121708
0.00 0 0 0 1603 8742277 2022121708
0.00 0 0 0 1603 8742277 2022121708
0.00 0 0 0 1603 8742277 2022121708
0.00 0 0 0 1603 8742277 2022121708
0.00 0 0 0 1603 8742277 2022121708
0.00 0 0 0 1603 8742277 2022121708
0.00 0 0 0 1603 8742277 2022121708
0.00 0 0 0 1603 8742277 2022121708
0.00 0 0 0 1603 8742277 2022121708
0.00 0 0 0 1603 8742277 2022121708
0.00 0 0 0 1603 8742277 2022121708
0.00 0 0 0 1603 8742277 2022121708
0.00 0 0 0 1603 8742277 2022121708
0.00 0 0 0 1603 8742277 2022121708
0.00 0 0 0 1603 8742277 2022121708
0.00 0 0 0 1603 8742277 2022121708
0.00 0 0 0 1603 8742277 2022121708
0.00 0 0 0 1603 8742277 2022121708
0.00 0 0 0 1603 8742277 2022121708
0.00 0 0 0 1603 8742277 2022121708
0.00 0 0 0 1603 8742277 2022121708
0.00 0 0 0 1603 8742277 2022121708
0.00 0 0 0 1603 8742277 2022121708
0.00 0 0 0 1603 8742277 2022121708
0.00 0 0 0 1603 8742277 2022121708
0.00 0 0 0 1603 8742277 2022121708
0.00 0 0 0 1603 8742277 2022121708
0.00 0 0 0 1603 8742277 2022121708
0.00 0 0 0 1603 8742277 2022121708
0.00 0 0 0 1603 8742277 2022121708
0.00 0 0 0 1603 8742277 2022121708
0.00 0 0 0 1603 8742277 2022121708
0.00 0 0 0 1603 8742277 2022121708
0.00 0 0 0 1603 8742277 2022121708
0.00 0 0 0 1603 8742277 2022121708
0.00 0 0 0 1603 8742277 2022121708
0.00 0 0 0 1603 8742277 2022121708
0.00 0 0 0 1603 8742277 2022121708
0.00 0 0 0 1603 8742277 2022121708
0.00 0 0 0 1603 8742277 2022121708
0.00 0 0 0 1603 8742277 2022121708
0.00 0 0 0 1603 8742277 2022121708
0.00 0 0 0 1603 8742277 2022121708
0.00 0 0 0 1603 8742277 2022121708
0.00 0 0 0 1603 8742277 2022121708
0.00 0 0 0 1603 8742277 2022121708
0.00 0 0 0 1603 8742277 2022121708
0.00 0 0 0 1603 8742277 2022121708
0.00 0 0 0 1603 8742277 2022121708
0.00 0 0 0 1603 8742277 2022121708
0.00 0 0 0 1603 8742277 2022121708
0.00 0 0 0 1603 8742277 2022121708
0.00 0 0 0 1603 8742277 2022121708
0.00 0 0 0 1603 8742277 2022121708
0.00 0 0 0 1603 8742277 2022121708
0.00 0 0 0 1603 8742277 2022121708
0.00 0 0 0 1603 8742277 2022121708
0.00 0 0 0 1603 8742277 2022121708
0.00 0 0 0 1603 8742277 2022121708
0.00 0 0 0 1603 8742277 2022121708
0.00 0 0 0 1603 8742277 2022121708
0.00 0 0 0 1603 8742277 2022121708
0.00 0 0 0 1603 8742277 2022121708
0.00 0 0 0 1603 8742277 2022121708
0.00 0 0 0 1603 8742277 2022121708
0.00 0 0 0 1603 8742277 2022121708
0.00 0 0 0 1603 8742277 2022121708
0.00 0 0 0 1603 8742277 2022121708
0.00 0 0 0 1603 8742277 2022121708
0.00 0 0 0 1603 8742277 2022121708
0.00 0 0 0 1603 8742277 2022121708
0.00 0 0 0 1603 8742277 2022121708
0.00 0 0 0 1603 8742277 2022121708
0.00 0 0 0 1603 8742277 2022121708
0.00 0 0 0 1603 8742277 2022121708
0.00 0 0 0 1603 8742277 2022121708
0.00 0 0 0 1603 8742277 2022121708
0.00 0 0 0 1603 8742277 2022121708
0.00 0 0 0 1603 8742277 2022121708
0.00 0 0 0 1603 8742277 2022121708
0.00 0 0 0 1603 8742277 2022121708
0.00 0 0 0 1603 8742277 2022121708
0.00 0 0 0 1603 8742277 2022121708
0.00 0 0 0 1603 8742277 2022121708
0.00 0 0 0 1603 8742277 2022121708
0.00 0 0 0 1603 8742277 2022121708
0.00 0 0 0 1603 8742277 2022121708
0.00 0 0 0 1603 8742277 2022121708
0.00 0 0 0 1603 8742277 2022121708
0.00 0 0 0 1603 8742277 2022121708
0.00 0 0 0 1603 8742277 2022121708
23.5 1527 5 60 1603 8742277 2022121708
