8.47 1 1 0 24 96117 2022121707
5.20 1 1 2 19 94791 2022121707
0.11 1 1 6 8 96290 2022121707
0.00 0 1 4 9 98114 2022121707
0.68 1 1 0 16 98959 2022121707
0.79 1 1 0 19 99196 2022121707
6.21 2 0 0 19 99478 2022121707
0.00 0 1 3 8 99608 2022121707
0.00 0 2 0 12 99751 2022121707
0.00 0 2 0 13 102794 2022121707
0.00 0 1 0 13 101262 2022121707
5.20 1 1 0 16 100435 2022121707
0.00 0 1 0 16 97129 2022121707
0.00 0 2 0 16 97094 2022121707
0.00 0 1 0 16 98516 2022121707
5.20 1 1 0 16 104060 2022121707
0.00 0 2 0 17 101742 2022121707
0.00 0 1 0 17 100747 2022121707
0.00 0 2 0 19 100282 2022121707
5.20 1 1 0 19 105142 2022121707
0.00 0 1 0 20 102298 2022121707
0.00 0 2 0 20 100988 2022121707
5.20 1 1 0 22 104088 2022121707
0.00 0 1 0 22 101820 2022121707
0.00 0 2 0 23 100608 2022121707
5.20 1 1 0 23 100359 2022121707
0.00 0 1 0 23 99962 2022121707
0.00 0 2 0 24 101172 2022121707
5.20 1 1 0 26 100183 2022121707
0.00 0 1 0 26 100094 2022121707
5.20 1 1 0 27 100049 2022121707
0.00 0 2 3 19 100063 2022121707
0.00 0 1 0 19 100053 2022121707
5.20 1 1 0 20 100076 2022121707
0.00 0 2 0 22 106500 2022121707
0.00 0 1 1 13 101759 2022121707
0.00 0 2 0 15 104688 2022121707
5.20 1 1 0 16 107764 2022121707
0.00 0 1 0 16 104663 2022121707
0.00 0 2 0 17 102577 2022121707
0.00 0 2 2 12 100838 2022121707
0.00 0 1 0 12 100608 2022121707
5.20 1 1 0 13 104841 2022121707
0.00 0 2 0 15 101956 2022121707
0.00 0 1 0 15 101323 2022121707
5.20 1 1 0 16 104547 2022121707
0.00 0 2 0 16 102084 2022121707
0.00 0 1 0 16 101847 2022121707
0.00 0 2 0 17 100597 2022121707
5.20 1 0 0 17 100378 2022121707
0.00 0 1 0 17 100785 2022121707
0.00 0 1 0 17 110863 2022121707
0.00 0 1 0 19 119731 2022121707
5.20 1 0 0 19 117718 2022121707
0.00 0 1 0 20 118575 2022121707
0.00 0 1 0 20 119331 2022121707
0.00 0 2 0 22 120024 2022121707
0.00 0 1 0 22 120098 2022121707
5.20 1 0 0 22 120153 2022121707
0.00 0 1 0 23 120268 2022121707
0.00 0 2 0 23 120310 2022121707
5.20 1 0 0 24 120316 2022121707
0.00 0 1 0 24 120279 2022121707
0.00 0 1 0 26 120106 2022121707
5.20 1 1 0 26 120140 2022121707
0.00 0 1 0 27 120100 2022121707
0.00 0 1 0 27 120100 2022121707
0.00 0 1 0 27 120087 2022121707
5.20 1 1 0 28 120202 2022121707
0.00 0 1 0 28 120128 2022121707
5.20 1 0 0 28 120140 2022121707
0.00 0 1 0 30 118347 2022121707
5.20 1 1 0 30 118716 2022121707
0.00 0 1 0 31 119597 2022121707
0.00 0 1 0 31 119791 2022121707
5.20 1 0 0 31 120022 2022121707
5.20 1 1 0 33 120030 2022121707
0.00 0 1 0 33 120020 2022121707
0.00 0 1 0 34 119987 2022121707
5.20 1 0 0 34 119974 2022121707
0.00 Mbit[ ID] Interval Transfer Bandwidth Write Err Rtry Cwnd RTT 2022121707
36.4 4 0 0 481 12868723 2022121707
21.0 2 0 0 632 12868723 2022121707
0.00 0 0 0 632 12868723 2022121707
0.00 0 0 0 632 12868723 2022121707
0.00 0 0 0 632 12868723 2022121707
0.00 0 0 0 632 12868723 2022121707
0.00 0 0 0 632 12868723 2022121707
0.00 0 0 0 632 12868723 2022121707
0.00 0 0 0 632 12868723 2022121707
0.00 0 0 0 632 12868723 2022121707
0.00 0 0 0 632 12868723 2022121707
0.00 0 0 0 632 12868723 2022121707
0.00 0 0 0 632 12868723 2022121707
0.00 0 0 0 632 12868723 2022121707
0.00 0 0 0 632 12868723 2022121707
0.00 0 0 0 632 12868723 2022121707
0.00 0 0 0 632 12868723 2022121707
0.00 0 0 0 632 12868723 2022121707
0.00 0 0 0 632 12868723 2022121707
0.00 0 0 0 632 12868723 2022121707
0.00 0 0 0 632 12868723 2022121707
0.00 0 0 0 632 12868723 2022121707
0.00 0 0 0 632 12868723 2022121707
0.00 0 0 0 632 12868723 2022121707
0.00 0 0 0 632 12868723 2022121707
0.00 0 0 0 632 12868723 2022121707
0.00 0 0 0 632 12868723 2022121707
0.00 0 0 0 632 12868723 2022121707
0.00 0 0 0 632 12868723 2022121707
0.00 0 0 0 632 12868723 2022121707
0.00 0 0 0 632 12868723 2022121707
0.00 0 0 0 632 12868723 2022121707
0.00 0 0 0 632 12868723 2022121707
0.00 0 0 0 632 12868723 2022121707
0.00 0 0 0 632 12868723 2022121707
0.00 0 0 0 632 12868723 2022121707
0.00 0 0 0 632 12868723 2022121707
0.00 0 0 0 632 12868723 2022121707
0.00 0 0 0 632 12868723 2022121707
0.00 0 0 0 632 12868723 2022121707
0.00 0 0 0 632 12868723 2022121707
0.00 0 0 0 632 12868723 2022121707
0.00 0 0 0 632 12868723 2022121707
0.00 0 0 0 632 12868723 2022121707
0.00 0 0 0 632 12868723 2022121707
0.00 0 0 0 632 12868723 2022121707
0.00 0 0 0 632 12868723 2022121707
0.00 0 0 0 632 12868723 2022121707
0.00 0 0 0 632 12868723 2022121707
0.00 0 0 0 632 12868723 2022121707
0.00 0 0 0 632 12868723 2022121707
0.00 0 0 0 632 12868723 2022121707
0.00 0 0 0 632 12868723 2022121707
0.00 0 0 0 632 12868723 2022121707
0.00 0 0 0 632 12868723 2022121707
0.00 0 0 0 632 12868723 2022121707
83.9 8 0 0 13 117826 2022121707
0.00 0 0 0 13 117826 2022121707
0.00 0 0 0 13 117826 2022121707
0.00 0 0 0 13 117826 2022121707
0.00 0 0 0 13 117826 2022121707
0.00 0 0 0 13 117826 2022121707
0.00 0 0 0 13 117826 2022121707
0.00 0 0 0 13 117826 2022121707
0.00 0 0 0 13 117826 2022121707
0.00 0 0 0 13 117826 2022121707
0.00 0 0 0 13 117826 2022121707
0.00 0 0 0 13 117826 2022121707
0.00 0 0 0 13 117826 2022121707
0.00 0 0 0 13 117826 2022121707
0.00 0 0 0 13 117826 2022121707
0.00 0 0 0 13 117826 2022121707
0.00 0 0 0 13 117826 2022121707
0.00 0 0 0 13 117826 2022121707
0.00 0 0 0 13 117826 2022121707
0.00 0 0 0 13 117826 2022121707
0.00 0 0 0 13 117826 2022121707
0.00 0 0 0 13 117826 2022121707
0.00 0 0 0 13 117826 2022121707
0.00 0 0 0 13 117826 2022121707
0.00 0 0 0 13 117826 2022121707
0.00 0 0 0 13 117826 2022121707
0.00 0 0 0 13 117826 2022121707
0.00 0 0 0 13 117826 2022121707
0.00 0 0 0 13 117826 2022121707
0.00 0 0 0 13 117826 2022121707
0.00 0 0 0 13 117826 2022121707
0.00 0 0 0 13 117826 2022121707
0.00 0 0 0 13 117826 2022121707
0.00 0 0 0 13 117826 2022121707
0.00 0 0 0 13 117826 2022121707
0.00 0 0 0 13 117826 2022121707
0.00 0 0 0 13 117826 2022121707
0.00 0 0 0 13 117826 2022121707
0.00 0 0 0 13 117826 2022121707
0.00 0 0 0 13 117826 2022121707
0.00 0 0 0 13 117826 2022121707
0.00 0 0 0 13 117826 2022121707
0.00 0 0 0 13 117826 2022121707
0.00 0 0 0 13 117826 2022121707
0.00 0 0 0 13 117826 2022121707
0.00 0 0 0 13 117826 2022121707
0.00 0 0 0 13 117826 2022121707
0.00 0 0 0 13 117826 2022121707
0.00 0 0 0 13 117826 2022121707
0.00 0 0 0 13 117826 2022121707
0.00 0 0 0 13 117826 2022121707
0.00 0 0 0 13 117826 2022121707
0.00 0 0 0 13 117826 2022121707
0.00 0 0 0 13 117826 2022121707
0.00 0 0 0 13 117826 2022121707
0.00 0 0 0 13 117826 2022121707
0.00 0 0 0 13 117826 2022121707
0.00 0 0 0 13 117826 2022121707
0.00 0 0 0 13 117826 2022121707
0.00 0 0 0 13 117826 2022121707
0.00 0 0 0 13 117826 2022121707
0.00 0 0 0 13 117826 2022121707
0.00 0 0 0 13 117826 2022121707
0.00 0 0 0 13 117826 2022121707
0.00 0 0 0 13 117826 2022121707
0.00 0 0 0 13 117826 2022121707
0.00 0 0 0 13 117826 2022121707
0.00 0 0 0 13 117826 2022121707
0.00 0 0 0 13 117826 2022121707
0.00 0 0 0 13 117826 2022121707
0.00 0 0 0 13 117826 2022121707
0.00 0 0 0 13 117826 2022121707
0.00 0 0 0 13 117826 2022121707
0.00 0 0 0 13 117826 2022121707
0.00 0 0 0 13 117826 2022121707
0.00 0 0 0 13 117826 2022121707
0.00 0 0 0 13 117826 2022121707
0.00 0 0 0 13 117826 2022121707
0.00 0 0 0 13 117826 2022121707
0.00 0 0 0 13 117826 2022121707
0.00 0 0 0 13 117826 2022121707
0.00 0 0 0 13 117826 2022121707
0.00 0 0 0 13 117826 2022121707
0.00 0 0 0 13 117826 2022121707
0.00 0 0 0 13 117826 2022121707
0.00 0 0 0 13 117826 2022121707
0.00 0 0 0 13 117826 2022121707
0.00 0 0 0 13 117826 2022121707
0.00 0 0 0 13 117826 2022121707
0.00 0 0 0 13 117826 2022121707
0.00 0 0 0 13 117826 2022121707
0.00 0 0 0 13 117826 2022121707
0.00 0 0 0 13 117826 2022121707
0.00 0 0 0 13 117826 2022121707
0.00 0 0 0 13 117826 2022121707
0.00 0 0 0 13 117826 2022121707
26.0 3 0 0 326 121432 2022121707
5.20 1 0 0 326 118303 2022121707
10.4 1 0 0 326 120915 2022121707
20.8 2 0 0 326 117511 2022121707
5.20 1 0 0 326 118007 2022121707
10.4 1 0 0 326 118081 2022121707
10.4 1 0 0 326 118155 2022121707
15.6 2 0 0 326 117902 2022121707
10.4 1 0 0 326 117836 2022121707
5.20 1 0 0 326 118544 2022121707
5.20 1 0 0 326 118128 2022121707
10.4 1 0 0 326 117962 2022121707
15.6 2 0 0 326 118109 2022121707
5.20 1 0 0 326 117862 2022121707
10.4 1 0 0 326 117896 2022121707
5.20 1 0 0 326 118728 2022121707
10.4 1 1 0 326 118430 2022121707
10.4 1 0 0 326 118212 2022121707
10.4 1 0 0 326 118618 2022121707
0.00 0 1 0 326 118075 2022121707
20.8 2 0 0 326 117769 2022121707
5.20 1 0 0 326 117953 2022121707
10.4 1 0 0 326 117742 2022121707
5.20 1 0 0 326 114263 2022121707
20.8 2 0 0 326 114496 2022121707
5.20 1 0 0 326 117486 2022121707
10.4 1 0 0 326 114701 2022121707
15.6 2 0 0 326 117810 2022121707
5.20 1 0 0 326 118365 2022121707
10.4 1 0 0 326 115060 2022121707
5.20 1 0 0 326 118095 2022121707
10.4 1 0 0 326 117910 2022121707
15.6 2 0 0 326 118215 2022121707
10.4 1 0 0 326 118348 2022121707
5.20 1 0 0 326 118118 2022121707
10.4 1 0 0 326 118176 2022121707
15.6 2 0 0 326 118326 2022121707
10.4 1 0 0 326 118402 2022121707
5.20 1 0 0 326 6555308 2022121707
10.5 1 0 0 326 6555308 2022121707
0.00 0 0 0 326 6555308 2022121707
0.00 0 0 0 326 6555308 2022121707
0.00 0 0 0 326 6555308 2022121707
0.00 0 0 0 326 6555308 2022121707
0.00 0 0 0 326 6555308 2022121707
0.00 0 0 0 326 6555308 2022121707
0.00 0 0 0 326 6555308 2022121707
0.00 0 0 0 326 6555308 2022121707
0.00 0 0 0 326 6555308 2022121707
0.00 0 0 0 326 6555308 2022121707
0.00 0 0 0 326 6555308 2022121707
0.00 0 0 0 326 6555308 2022121707
0.00 0 0 0 326 6555308 2022121707
0.00 0 0 0 326 6555308 2022121707
0.00 0 0 0 326 6555308 2022121707
0.00 0 0 0 326 6555308 2022121707
0.00 0 0 0 326 6555308 2022121707
0.00 0 0 0 326 6555308 2022121707
0.00 0 0 0 326 6555308 2022121707
0.00 0 0 0 326 6555308 2022121707
0.00 0 0 0 326 6555308 2022121707
0.00 0 0 0 326 6555308 2022121707
0.00 0 0 0 326 6555308 2022121707
0.00 0 0 0 326 6555308 2022121707
0.00 0 0 0 326 6555308 2022121707
0.00 0 0 0 326 6555308 2022121707
0.00 0 0 0 326 6555308 2022121707
0.00 0 0 0 326 6555308 2022121707
0.00 0 0 0 326 6555308 2022121707
0.00 0 0 0 326 6555308 2022121707
0.00 0 0 0 326 6555308 2022121707
0.00 0 0 0 326 6555308 2022121707
0.00 0 0 0 326 6555308 2022121707
0.00 0 0 0 326 6555308 2022121707
0.00 0 0 0 326 6555308 2022121707
0.00 0 0 0 326 6555308 2022121707
0.00 0 0 0 326 6555308 2022121707
0.00 0 0 0 326 6555308 2022121707
0.00 0 0 0 326 6555308 2022121707
0.00 0 0 0 326 6555308 2022121707
0.00 0 0 0 326 6555308 2022121707
0.00 0 0 0 326 6555308 2022121707
0.00 0 0 0 326 6555308 2022121707
0.00 0 0 0 326 6555308 2022121707
0.00 0 0 0 326 6555308 2022121707
0.00 0 0 0 326 6555308 2022121707
0.00 0 0 0 326 6555308 2022121707
0.00 0 0 0 326 6555308 2022121707
0.00 0 0 0 326 6555308 2022121707
0.00 0 0 0 326 6555308 2022121707
0.00 0 0 0 326 6555308 2022121707
0.00 0 0 0 326 6555308 2022121707
0.00 0 0 0 326 6555308 2022121707
0.00 0 0 0 326 6555308 2022121707
0.00 0 0 0 326 6555308 2022121707
0.00 0 0 0 326 6555308 2022121707
0.00 0 0 0 326 6555308 2022121707
0.00 0 0 0 326 6555308 2022121707
0.00 0 0 0 326 6555308 2022121707
0.00 0 0 0 326 6555308 2022121707
0.00 0 0 0 326 6555308 2022121707
0.00 0 0 0 326 6555308 2022121707
0.00 0 0 0 326 6555308 2022121707
0.00 0 0 0 326 6555308 2022121707
0.00 0 0 0 326 6555308 2022121707
0.00 0 0 0 326 6555308 2022121707
0.00 0 0 0 326 6555308 2022121707
0.00 0 0 0 326 6555308 2022121707
15.5 2 0 0 326 117706 2022121707
0.00 0 0 0 326 117706 2022121707
0.00 0 0 0 326 117706 2022121707
0.00 0 0 0 326 117706 2022121707
0.00 0 0 0 326 117706 2022121707
31.2 3 0 0 326 118087 2022121707
10.4 1 0 0 326 117919 2022121707
10.4 1 0 0 326 114680 2022121707
10.4 1 0 0 326 117900 2022121707
5.20 1 0 0 326 114945 2022121707
5.20 1 0 0 326 114166 2022121707
15.6 2 0 0 326 117922 2022121707
10.4 1 0 0 326 118002 2022121707
10.4 1 0 0 326 117787 2022121707
5.20 1 0 0 326 118022 2022121707
15.6 2 0 0 326 118093 2022121707
10.4 1 0 0 326 118104 2022121707
5.20 1 0 0 326 118174 2022121707
10.4 1 0 0 326 118224 2022121707
15.6 2 0 0 326 117919 2022121707
10.4 1 0 0 326 118148 2022121707
10.4 1 0 0 326 117941 2022121707
0.00 0 1 0 326 118118 2022121707
15.6 2 0 0 326 118182 2022121707
10.4 1 0 0 326 118119 2022121707
5.20 1 0 0 326 118809 2022121707
15.6 2 0 0 326 114877 2022121707
5.20 1 0 0 326 117922 2022121707
5.20 1 0 0 326 118561 2022121707
15.6 2 0 0 326 118047 2022121707
10.4 1 0 0 326 118140 2022121707
10.4 1 0 0 326 118120 2022121707
5.20 1 0 0 326 117889 2022121707
15.6 2 0 0 326 118030 2022121707
10.4 1 0 0 326 117955 2022121707
10.4 1 0 0 326 117956 2022121707
5.20 1 0 0 326 118262 2022121707
15.6 2 0 0 326 117981 2022121707
10.4 1 0 0 326 117998 2022121707
15.6 2 0 0 326 118132 2022121707
0.00 0 1 0 326 118195 2022121707
10.4 1 0 0 326 118119 2022121707
10.4 1 0 0 326 118185 2022121707
15.6 2 0 0 326 118166 2022121707
10.4 1 0 0 326 118116 2022121707
5.20 1 0 0 326 117905 2022121707
10.4 1 0 0 326 117684 2022121707
15.6 2 0 0 326 117969 2022121707
10.4 1 0 0 326 118065 2022121707
5.20 1 0 0 326 118318 2022121707
10.4 1 0 0 326 118086 2022121707
10.4 2 0 0 326 118113 2022121707
10.4 1 0 0 326 117987 2022121707
5.20 1 0 0 326 118056 2022121707
10.4 1 0 0 326 117880 2022121707
10.4 1 0 0 326 114787 2022121707
10.4 1 0 0 326 115113 2022121707
10.4 2 0 0 326 118098 2022121707
10.4 1 0 0 326 118067 2022121707
5.20 1 0 0 326 117895 2022121707
10.4 1 0 0 326 118106 2022121707
15.6 2 0 0 326 117985 2022121707
10.4 1 0 0 326 117964 2022121707
0.00 0 1 0 326 118235 2022121707
10.4 1 0 0 326 118155 2022121707
15.6 2 0 0 326 117925 2022121707
5.20 1 0 0 326 114146 2022121707
10.4 1 0 0 326 117615 2022121707
10.4 1 0 0 326 118263 2022121707
15.6 2 0 0 326 117914 2022121707
5.20 1 0 0 326 118145 2022121707
10.4 1 0 0 326 118086 2022121707
10.4 1 0 0 326 118163 2022121707
15.6 2 0 0 326 117990 2022121707
0.00 0 0 0 326 117990 2022121707
20.8 2 0 0 326 118614 2022121707
5.20 1 0 0 326 120017 2022121707
0.00 0 0 0 326 120017 2022121707
0.00 0 0 0 326 120017 2022121707
31.2 4 0 0 326 110970 2022121707
5.20 1 0 0 326 120373 2022121707
5.20 1 0 0 326 117740 2022121707
10.4 2 0 0 326 114749 2022121707
5.20 1 0 0 326 117912 2022121707
5.20 1 0 0 326 118145 2022121707
5.20 1 0 0 326 118133 2022121707
15.6 2 0 0 326 118605 2022121707
5.20 1 0 0 326 118293 2022121707
5.20 1 0 0 326 118133 2022121707
5.20 1 0 0 326 117786 2022121707
10.4 2 0 0 326 104626 2022121707
10.4 1 0 0 326 114852 2022121707
5.20 1 0 0 326 117899 2022121707
10.4 2 0 0 326 117690 2022121707
10.4 1 0 0 326 118780 2022121707
10.4 1 0 0 326 118033 2022121707
0.00 0 1 0 326 118302 2022121707
15.6 2 0 0 326 117833 2022121707
5.20 1 0 0 326 118089 2022121707
5.20 1 0 0 326 117730 2022121707
10.4 1 0 0 326 114442 2022121707
10.4 2 0 0 326 118130 2022121707
10.4 1 0 0 326 118246 2022121707
0.00 0 1 0 326 114040 2022121707
5.20 1 0 0 326 117297 2022121707
15.6 2 0 0 326 117917 2022121707
5.20 1 0 0 326 117700 2022121707
5.20 1 0 0 326 118113 2022121707
10.4 1 0 0 326 117839 2022121707
10.4 2 0 0 326 118181 2022121707
5.20 1 0 0 326 117983 2022121707
5.20 1 0 0 326 118119 2022121707
10.4 1 0 0 326 118146 2022121707
10.4 2 0 0 326 117982 2022121707
5.20 1 0 0 326 118203 2022121707
10.4 1 0 0 326 117955 2022121707
5.20 1 0 0 326 117835 2022121707
15.6 2 0 0 326 118835 2022121707
10.4 1 0 0 326 118209 2022121707
0.00 0 1 0 326 117965 2022121707
5.20 1 0 0 326 117878 2022121707
15.6 2 0 0 326 114135 2022121707
10.4 1 0 0 326 121617 2022121707
5.20 1 0 0 326 122386 2022121707
5.20 1 0 0 326 118022 2022121707
15.6 2 0 0 326 114007 2022121707
5.20 1 0 0 326 120870 2022121707
10.4 1 0 0 326 114368 2022121707
5.20 1 0 0 326 118224 2022121707
15.6 2 0 0 326 117763 2022121707
5.20 1 0 0 326 117885 2022121707
15.6 2 0 0 326 118063 2022121707
0.00 0 0 0 326 118063 2022121707
15.6 2 0 0 326 118047 2022121707
0.00 0 0 0 326 118047 2022121707
15.6 2 0 0 326 118608 2022121707
5.20 1 0 0 326 133326 2022121707
0.00 0 0 0 326 133326 2022121707
10.4 1 0 0 326 118293 2022121707
0.00 0 0 0 326 118293 2022121707
0.00 0 0 0 326 118293 2022121707
15.6 2 0 0 326 117833 2022121707
0.00 0 0 0 326 117833 2022121707
10.4 1 0 0 326 115580 2022121707
10.4 1 0 0 326 121614 2022121707
0.00 0 0 0 326 121614 2022121707
10.4 1 0 0 326 117426 2022121707
0.00 0 0 0 326 117426 2022121707
20.8 2 0 0 326 117856 2022121707
10.4 1 0 0 326 118186 2022121707
5.20 1 0 0 326 118020 2022121707
10.4 2 0 0 326 118832 2022121707
10.4 1 0 0 326 114855 2022121707
5.20 1 0 0 326 117938 2022121707
5.20 1 0 0 326 118015 2022121707
10.4 2 0 0 326 117948 2022121707
5.20 1 0 0 326 117904 2022121707
10.4 1 0 0 326 118001 2022121707
5.20 1 0 0 326 118061 2022121707
10.4 1 0 0 326 118754 2022121707
5.20 1 0 0 326 118072 2022121707
10.4 1 0 0 326 117932 2022121707
5.20 1 0 0 326 117882 2022121707
10.4 2 0 0 326 118675 2022121707
10.4 1 0 0 326 117840 2022121707
5.20 1 0 0 326 120864 2022121707
0.00 0 1 0 326 121477 2022121707
15.6 2 0 0 326 117343 2022121707
5.20 1 0 0 326 117444 2022121707
10.4 1 0 0 22 118185 2022121707
10.5 1 0 0 22 118185 2022121707
0.00 0 0 0 22 118185 2022121707
0.00 0 0 0 22 118185 2022121707
0.00 0 0 0 22 118185 2022121707
0.00 0 0 0 22 118185 2022121707
0.00 0 0 0 22 118185 2022121707
0.00 0 0 0 22 118185 2022121707
0.00 0 0 0 22 118185 2022121707
5.20 1 0 0 13 118230 2022121707
0.00 0 0 0 13 118230 2022121707
0.00 0 0 0 13 118230 2022121707
0.00 0 0 0 13 118230 2022121707
0.00 0 0 0 13 118230 2022121707
0.00 0 0 0 13 118230 2022121707
0.00 0 0 0 13 118230 2022121707
0.00 0 0 0 13 118230 2022121707
0.00 0 0 0 13 118230 2022121707
0.00 0 0 0 13 118230 2022121707
0.00 0 0 0 13 118230 2022121707
0.00 0 0 0 13 118230 2022121707
0.00 0 0 0 13 118230 2022121707
0.00 0 0 0 13 118230 2022121707
0.00 0 0 0 13 118230 2022121707
0.00 0 0 0 13 118230 2022121707
0.00 0 0 0 13 118230 2022121707
0.00 0 0 0 13 118230 2022121707
0.00 0 0 0 13 118230 2022121707
0.00 0 0 0 13 118230 2022121707
0.00 0 0 0 13 118230 2022121707
0.00 0 0 0 13 118230 2022121707
0.00 0 0 0 13 118230 2022121707
0.00 0 0 0 13 118230 2022121707
0.00 0 0 0 13 118230 2022121707
0.00 0 0 0 13 118230 2022121707
0.00 0 0 0 13 118230 2022121707
0.00 0 0 0 13 118230 2022121707
0.00 0 0 0 13 118230 2022121707
0.00 0 0 0 13 118230 2022121707
0.00 0 0 0 13 118230 2022121707
0.00 0 0 0 13 118230 2022121707
0.00 0 0 0 13 118230 2022121707
0.00 0 0 0 13 118230 2022121707
0.00 0 0 0 13 118230 2022121707
0.00 0 0 0 13 118230 2022121707
0.00 0 0 0 13 118230 2022121707
0.00 0 0 0 13 118230 2022121707
0.00 0 0 0 13 118230 2022121707
0.00 0 0 0 13 118230 2022121707
0.00 0 0 0 [ ID] Interval Transfer Bandwidth Write Err Rtry Cwnd RTT 2022121707
220 21 0 0 275 118949 2022121707
0.00 0 0 0 275 118949 2022121707
0.00 0 0 0 275 118949 2022121707
0.00 0 0 0 275 118949 2022121707
0.00 0 0 0 275 118949 2022121707
0.00 0 0 0 275 118949 2022121707
0.00 0 0 0 275 118949 2022121707
0.00 0 0 0 275 118949 2022121707
0.00 0 0 0 275 118949 2022121707
0.00 0 0 0 275 118949 2022121707
0.00 0 0 0 275 118949 2022121707
0.00 0 0 0 275 118949 2022121707
0.00 0 0 0 275 118949 2022121707
0.00 0 0 0 275 118949 2022121707
0.00 0 0 0 275 118949 2022121707
0.00 0 0 0 275 118949 2022121707
0.00 0 0 0 275 118949 2022121707
0.00 0 0 0 275 118949 2022121707
0.00 0 0 0 275 118949 2022121707
0.00 0 0 0 275 118949 2022121707
0.00 0 0 0 275 118949 2022121707
0.00 0 0 0 275 118949 2022121707
0.00 0 0 0 275 118949 2022121707
0.00 0 0 0 275 118949 2022121707
0.00 0 0 0 275 118949 2022121707
0.00 0 0 0 275 118949 2022121707
0.00 0 0 0 275 118949 2022121707
0.00 0 0 0 275 118949 2022121707
0.00 0 0 0 275 118949 2022121707
0.00 0 0 0 275 118949 2022121707
0.00 0 0 0 275 118949 2022121707
0.00 0 0 0 275 118949 2022121707
0.00 0 0 0 275 118949 2022121707
0.00 0 0 0 275 118949 2022121707
0.00 0 0 0 275 118949 2022121707
0.00 0 0 0 275 118949 2022121707
0.00 0 0 0 275 118949 2022121707
0.00 0 0 0 275 118949 2022121707
0.00 [ ID] Interval Transfer Bandwidth Write Err Rtry Cwnd RTT 2022121707
20.8 2 0 0 632 118695 2022121707
18.8 1239 11 1030 632 118695 2022121707
0 0 275 118949 2022121707
0.00 0 0 0 275 118949 2022121707
0.00 0 0 0 275 118949 2022121707
0.00 0 0 0 275 118949 2022121707
0.00 0 0 0 275 118949 2022121707
0.00 0 0 0 275 118949 2022121707
0.00 0 0 0 275 118949 2022121707
0.00 0 0 0 275 118949 2022121707
0.00 0 0 0 275 118949 2022121707
0.00 0 0 0 275 118949 2022121707
0.00 0 0 0 275 118949 2022121707
0.00 0 0 0 275 118949 2022121707
0.00 0 0 0 275 118949 2022121707
0.00 0 0 0 275 118949 2022121707
0.00 0 0 0 275 118949 2022121707
0.00 0 0 0 275 118949 2022121707
0.00 0 0 0 275 118949 2022121707
0.00 0 0 0 275 118949 2022121707
0.00 0 0 0 275 118949 2022121707
0.00 0 0 0 275 118949 2022121707
0.00 0 0 0 275 118949 2022121707
0.00 0 0 0 275 118949 2022121707
0.00 0 0 0 275 118949 2022121707
0.00 0 0 0 275 118949 2022121707
0.00 0 0 0 275 118949 2022121707
0.00 0 0 0 275 118949 2022121707
0.00 0 0 0 275 118949 2022121707
0.00 0 0 0 275 118949 2022121707
0.00 0 0 0 275 118949 2022121707
0.00 0 0 0 275 118949 2022121707
0.00 0 0 0 275 118949 2022121707
0.00 0 0 0 275 118949 2022121707
0.00 0 0 0 275 118949 2022121707
0.00 0 0 0 275 118949 2022121707
0.00 0 0 0 275 118949 2022121707
0.00 0 0 0 275 118949 2022121707
0.00 0 0 0 275 118949 2022121707
0.00 0 0 0 275 118949 2022121707
0.00 0 0 0 275 118949 2022121707
0.00 0 0 0 275 118949 2022121707
0.00 0 0 0 275 118949 2022121707
0.00 0 0 0 275 118949 2022121707
0.00 0 0 0 275 118949 2022121707
0.00 0 0 0 275 118949 2022121707
0.00 0 0 0 275 118949 2022121707
0.00 0 0 0 275 118949 2022121707
0.00 0 0 0 275 118949 2022121707
0.00 0 0 0 275 118949 2022121707
0.00 0 0 0 275 118949 2022121707
0.00 0 0 0 275 118949 2022121707
0.00 0 0 0 275 118949 2022121707
0.00 0 0 0 275 118949 2022121707
0.00 0 0 0 275 118949 2022121707
0.00 0 0 0 275 118949 2022121707
0.00 0 0 0 275 118949 2022121707
0.00 0 0 0 275 118949 2022121707
0.00 0 0 0 275 118949 2022121707
0.00 0 0 0 275 118949 2022121707
0.00 0 0 0 275 118949 2022121707
0.00 0 0 0 275 118949 2022121707
0.00 0 0 0 275 118949 2022121707
0.00 0 0 0 275 118949 2022121707
10.7 810 49 675 275 118949 2022121707
