13.7 2 0 0 27 119319 2022121709
0.00 0 1 0 55 119926 2022121709
8.58 1 0 0 110 119769 2022121709
20.0 2 0 0 220 118849 2022121709
31.6 4 0 0 441 117070 2022121709
10.5 1 0 0 441 117070 2022121709
72.7 7 0 0 882 119058 2022121709
130 13 0 0 1031 117173 2022121709
182 18 0 0 1057 117624 2022121709
41.6 4 0 0 1083 117694 2022121709
41.6 4 0 0 1111 117466 2022121709
88.3 9 0 0 1166 117077 2022121709
88.3 9 0 19 57 117504 2022121709
41.6 4 0 25 654 119506 2022121709
5.20 1 0 0 836 117132 2022121709
36.4 4 0 0 836 117952 2022121709
109 11 0 0 867 121109 2022121709
26.0 3 0 0 872 118061 2022121709
72.7 7 0 0 886 117817 2022121709
36.4 4 0 0 894 117430 2022121709
109 11 0 0 911 117364 2022121709
31.2 3 0 0 919 117938 2022121709
36.4 4 0 0 925 117451 2022121709
77.9 8 0 0 937 117298 2022121709
72.7 8 0 0 950 117558 2022121709
77.9 8 0 0 959 117685 2022121709
36.4 4 0 0 966 117675 2022121709
41.6 4 0 0 972 117700 2022121709
120 12 0 0 987 117859 2022121709
36.4 4 0 0 992 122085 2022121709
83.1 8 0 0 1002 117508 2022121709
36.4 4 0 0 1007 117805 2022121709
130 13 0 0 1021 117775 2022121709
36.4 4 0 0 1025 117544 2022121709
41.6 4 0 0 1030 120272 2022121709
83.1 8 0 0 1038 117121 2022121709
83.1 8 0 0 1046 115084 2022121709
83.1 8 0 0 1054 117606 2022121709
46.8 5 0 0 1059 117949 2022121709
41.6 4 0 0 1063 119278 2022121709
130 13 0 0 1074 117783 2022121709
41.6 4 0 0 1078 119322 2022121709
88.3 9 0 0 1083 117524 2022121709
46.8 5 0 0 1087 118370 2022121709
130 13 0 0 535 112986 2022121709
20.8 2 0 8 59 119365 2022121709
52.0 5 1 0 537 121095 2022121709
36.4 4 0 0 539 119429 2022121709
46.8 5 0 0 555 113015 2022121709
20.8 2 0 0 555 116503 2022121709
20.8 2 0 0 572 121719 2022121709
67.6 7 0 0 594 113693 2022121709
20.8 2 0 0 599 117458 2022121709
52.0 5 0 0 614 117178 2022121709
26.0 3 0 0 621 117094 2022121709
72.7 7 0 0 639 117001 2022121709
26.0 3 0 0 646 117013 2022121709
20.8 2 0 0 653 118786 2022121709
52.0 5 0 0 663 116908 2022121709
57.2 6 0 0 674 117060 2022121709
36.4 4 0 0 686 117651 2022121709
36.4 4 0 0 694 117679 2022121709
36.4 4 0 0 701 117961 2022121709
77.9 8 0 0 717 118335 2022121709
36.4 4 0 0 722 118245 2022121709
41.6 4 0 0 726 118567 2022121709
77.9 8 0 0 743 118288 2022121709
41.6 4 0 0 750 114132 2022121709
36.4 4 0 0 755 114241 2022121709
41.6 4 0 0 761 118226 2022121709
83.1 8 0 0 773 117640 2022121709
41.6 4 0 0 783 118325 2022121709
0.00 0 0 0 783 118325 2022121709
83.1 8 0 0 791 119209 2022121709
52.0 5 0 0 797 117178 2022121709
31.2 3 0 0 802 117451 2022121709
46.8 5 0 0 802 116975 2022121709
77.9 8 0 0 802 117650 2022121709
0.00 0 0 0 802 117650 2022121709
0.00 0 0 0 802 117650 2022121709
0.00 0 0 0 802 117650 2022121709
130 13 0 0 802 113381 2022121709
57.2 6 0 0 802 117499 2022121709
41.6 4 0 0 802 117225 2022121709
41.6 4 0 0 802 117488 2022121709
31.2 3 0 0 802 117551 2022121709
62.4 6 0 0 802 117610 2022121709
15.6 2 0 0 802 117503 2022121709
31.2 3 0 0 802 117642 2022121709
31.2 3 0 0 802 117363 2022121709
62.4 6 0 0 802 117476 2022121709
26.0 3 0 0 802 117348 2022121709
31.2 3 0 0 802 117647 2022121709
36.4 4 0 0 802 117572 2022121709
46.8 5 0 0 802 117482 2022121709
41.6 4 0 0 802 117219 2022121709
26.0 3 0 0 802 117256 2022121709
36.4 4 0 0 802 117214 2022121709
67.6 7 0 0 802 117441 2022121709
31.2 3 0 0 802 117942 2022121709
36.4 4 0 0 802 113925 2022121709
31.2 3 0 0 802 117149 2022121709
31.2 3 0 0 802 117126 2022121709
52.0 5 0 0 802 117276 2022121709
67.6 7 0 0 863 116895 2022121709
36.4 4 0 0 890 118673 2022121709
41.6 4 0 0 905 117956 2022121709
41.6 4 0 0 911 118262 2022121709
104 10 0 0 916 118312 2022121709
41.6 4 0 0 919 122361 2022121709
57.2 6 0 0 919 118421 2022121709
46.8 5 0 0 921 118844 2022121709
77.9 8 0 0 922 118042 2022121709
46.8 5 0 0 922 118825 2022121709
104 10 0 0 925 122024 2022121709
46.8 5 0 0 925 118853 2022121709
52.0 5 0 0 926 118246 2022121709
52.0 5 0 0 926 117796 2022121709
98.7 10 0 0 928 117919 2022121709
52.0 5 0 0 928 117904 2022121709
46.8 5 0 0 928 118396 2022121709
52.0 5 0 0 928 117411 2022121709
62.4 6 0 0 928 117330 2022121709
62.3 7 0 0 929 119077 2022121709
67.6 7 0 0 929 118183 2022121709
72.7 7 0 0 929 118666 2022121709
36.4 4 0 0 929 117387 2022121709
52.0 5 0 0 929 114696 2022121709
57.2 6 0 0 929 122266 2022121709
77.9 8 0 0 929 114594 2022121709
93.5 9 0 0 929 117945 2022121709
57.2 6 0 0 929 118443 2022121709
41.6 4 0 0 929 117013 2022121709
52.0 5 0 0 929 117979 2022121709
104 11 0 0 929 117202 2022121709
46.8 5 0 0 929 117797 2022121709
57.2 6 0 0 929 118469 2022121709
46.8 5 0 0 929 118180 2022121709
109 11 0 0 929 117339 2022121709
41.6 4 0 0 929 118516 2022121709
52.0 5 0 0 929 118816 2022121709
57.2 6 0 0 929 117631 2022121709
93.5 9 0 0 929 118766 2022121709
57.2 6 0 0 929 117556 2022121709
46.8 5 0 0 929 118441 2022121709
46.8 5 0 0 929 118775 2022121709
104 11 0 0 929 114475 2022121709
52.0 5 0 0 929 118943 2022121709
57.2 6 0 0 929 116953 2022121709
15.6 2 0 0 929 117782 2022121709
114 12 0 0 930 117274 2022121709
36.4 4 0 0 930 119147 2022121709
77.9 8 0 0 930 117718 2022121709
41.6 4 0 0 932 117248 2022121709
104 11 0 0 932 117315 2022121709
41.6 4 0 0 933 116917 2022121709
31.2 3 0 0 933 117333 2022121709
83.1 8 0 0 933 116997 2022121709
72.7 8 0 0 934 119212 2022121709
67.6 7 0 0 936 117101 2022121709
41.6 4 0 0 937 117339 2022121709
41.6 4 0 0 937 115034 2022121709
109 11 0 0 939 121782 2022121709
46.8 5 0 0 940 114869 2022121709
62.4 6 0 0 941 118152 2022121709
46.8 5 0 0 941 122859 2022121709
104 10 0 0 944 122023 2022121709
46.8 5 0 0 944 117402 2022121709
46.8 5 0 0 945 113248 2022121709
62.4 6 0 0 948 122142 2022121709
93.5 10 0 0 951 118956 2022121709
62.4 6 0 0 952 118096 2022121709
46.8 5 0 0 955 118126 2022121709
77.9 8 0 0 955 118848 2022121709
31.2 3 0 0 959 159821 2022121709
0.00 0 0 0 959 159821 2022121709
98.7 10 0 0 963 116890 2022121709
5.20 1 0 0 966 119262 2022121709
72.7 7 0 0 969 117716 2022121709
41.6 4 0 0 970 117550 2022121709
114 11 0 0 977 118089 2022121709
46.8 5 0 0 977 119360 2022121709
41.6 4 0 0 981 119367 2022121709
67.6 7 0 0 985 118009 2022121709
93.5 9 0 0 992 117908 2022121709
72.7 7 0 0 994 117897 2022121709
46.8 5 0 0 996 117848 2022121709
41.6 4 0 0 999 120815 2022121709
120 12 0 0 1007 117940 2022121709
41.6 4 0 0 1010 119910 2022121709
77.9 8 0 0 1012 117993 2022121709
26.0 3 0 0 1017 118483 2022121709
93.8 9 0 0 1023 118363 2022121709
67.3 7 0 0 1031 118834 2022121709
67.6 7 0 0 1036 117920 2022121709
57.2 6 0 0 1038 119101 2022121709
46.8 5 0 0 1045 119264 2022121709
114 12 0 0 1052 117409 2022121709
57.2 6 0 0 1052 117016 2022121709
46.8 5 0 0 1052 117254 2022121709
57.2 6 0 0 1052 117150 2022121709
88.3 9 0 0 1052 117156 2022121709
41.6 4 0 0 1052 116909 2022121709
52.0 5 0 0 1085 113053 2022121709
0.00 0 0 0 1085 113053 2022121709
0.00 0 0 0 1085 113053 2022121709
203 20 0 0 1112 118196 2022121709
67.6 7 0 0 1112 121351 2022121709
46.8 5 0 0 1112 117297 2022121709
62.4 6 0 0 1125 117441 2022121709
109 11 0 11 85 117274 2022121709
0.00 0 1 0 792 119657 2022121709
88.3 9 0 0 792 118233 2022121709
0.00 0 1 0 792 117432 2022121709
67.6 7 0 0 792 117420 2022121709
36.4 4 0 47 92 117549 2022121709
31.2 3 0 11 70 118545 2022121709
5.20 1 0 5 172 119808 2022121709
15.6 2 0 0 554 117659 2022121709
31.2 3 0 0 554 117799 2022121709
36.4 4 0 0 554 118306 2022121709
26.0 3 0 17 159 117354 2022121709
5.20 1 0 13 78 118259 2022121709
5.20 1 0 31 387 118859 2022121709
0.00 0 1 0 392 122155 2022121709
57.2 6 0 1 274 118511 2022121709
10.4 1 0 0 274 118876 2022121709
31.2 3 0 0 279 121584 2022121709
5.20 1 0 0 282 117776 2022121709
31.2 4 0 0 282 117351 2022121709
10.4 1 0 0 286 117478 2022121709
5.20 1 0 0 290 113413 2022121709
31.2 4 0 0 296 117413 2022121709
15.6 2 0 0 297 117744 2022121709
15.6 2 0 0 301 117716 2022121709
15.6 2 0 0 301 117595 2022121709
20.8 2 0 0 304 117481 2022121709
10.4 1 0 0 308 116941 2022121709
15.6 2 0 0 310 117309 2022121709
15.6 2 0 0 313 117253 2022121709
20.8 2 0 0 314 118419 2022121709
20.8 3 0 0 317 117610 2022121709
20.8 2 0 0 317 117726 2022121709
15.6 2 0 0 317 117622 2022121709
10.4 1 0 0 317 117230 2022121709
31.2 4 0 0 317 117677 2022121709
15.6 2 0 0 319 117507 2022121709
15.6 2 0 0 322 117207 2022121709
15.6 2 0 0 322 117542 2022121709
31.2 4 0 0 322 117336 2022121709
10.4 1 0 0 322 117460 2022121709
20.8 2 0 0 322 117377 2022121709
10.4 1 0 0 322 117428 2022121709
31.2 4 0 0 322 117252 2022121709
15.6 2 0 0 322 117425 2022121709
20.8 2 0 0 322 117336 2022121709
10.4 1 0 0 322 117492 2022121709
36.4 4 0 0 322 117748 2022121709
15.6 2 0 0 322 117626 2022121709
15.6 2 0 0 322 117329 2022121709
15.6 2 0 0 322 117520 2022121709
31.2 4 0 0 322 117457 2022121709
15.6 2 0 0 322 117394 2022121709
15.6 2 0 0 322 117309 2022121709
15.6 2 0 0 322 117487 2022121709
31.2 4 0 0 322 117778 2022121709
10.4 1 0 0 322 117708 2022121709
15.6 2 0 0 322 117373 2022121709
10.4 1 0 0 322 117428 2022121709
31.2 3 0 0 322 117904 2022121709
20.8 2 0 0 322 117289 2022121709
0.00 0 0 0 322 117289 2022121709
0.00 0 0 0 322 117289 2022121709
62.4 6 0 0 322 117491 2022121709
15.6 2 0 0 322 117402 2022121709
15.6 2 0 0 322 117449 2022121709
15.6 2 0 0 329 117821 2022121709
36.4 4 0 0 330 117401 2022121709
15.6 2 0 0 330 117559 2022121709
15.6 2 0 0 330 117442 2022121709
15.6 2 0 0 330 117357 2022121709
31.2 4 0 0 330 117471 2022121709
15.6 2 0 0 330 117469 2022121709
15.6 2 0 0 330 117415 2022121709
15.6 2 0 0 330 118123 2022121709
20.8 3 0 0 330 117279 2022121709
15.6 2 0 0 330 117343 2022121709
15.6 2 0 0 330 117433 2022121709
15.6 2 0 0 330 117455 2022121709
36.4 4 0 0 330 117337 2022121709
20.8 2 0 0 330 117621 2022121709
5.20 1 0 0 330 117187 2022121709
10.4 1 0 0 330 117387 2022121709
36.4 4 0 0 330 117430 2022121709
10.4 1 0 0 330 117402 2022121709
15.6 2 0 0 330 118570 2022121709
20.8 2 0 0 330 117411 2022121709
20.8 3 0 0 330 117461 2022121709
20.8 2 0 0 330 117795 2022121709
15.6 2 0 0 330 117225 2022121709
15.6 2 0 0 330 117338 2022121709
36.4 4 0 0 330 117399 2022121709
10.4 1 0 0 330 117464 2022121709
15.6 2 0 0 330 117982 2022121709
15.6 2 0 0 330 117538 2022121709
36.4 4 0 0 330 116236 2022121709
20.8 2 0 0 330 117393 2022121709
5.20 1 0 0 330 117622 2022121709
15.6 2 0 0 391 118020 2022121709
15.6 2 0 0 394 119273 2022121709
0.00 0 0 0 394 119273 2022121709
0.00 0 0 0 394 119273 2022121709
0.00 0 0 0 394 119273 2022121709
0.00 0 0 0 394 119273 2022121709
0.00 0 0 0 394 119273 2022121709
0.00 0 0 0 394 119273 2022121709
0.00 0 0 0 394 119273 2022121709
0.00 0 0 0 394 119273 2022121709
0.00 0 0 0 394 119273 2022121709
0.00 0 0 0 394 119273 2022121709
0.00 0 0 0 394 119273 2022121709
0.00 0 0 0 394 119273 2022121709
318 31 0 0 402 118791 2022121709
0.00 0 0 0 402 118791 2022121709
36.4 4 0 0 408 118739 2022121709
36.4 4 0 0 412 116868 2022121709
0.00 0 1 0 415 117639 2022121709
57.2 6 0 0 424 117783 2022121709
15.6 2 0 0 426 117735 2022121709
36.4 4 0 0 432 117887 2022121709
20.8 2 0 0 435 113412 2022121709
52.0 5 0 0 446 117809 2022121709
15.6 2 0 0 449 117742 2022121709
15.6 2 0 0 453 117476 2022121709
41.6 4 0 0 460 117755 2022121709
31.2 4 0 0 467 117859 2022121709
41.6 4 0 0 475 118102 2022121709
20.8 2 0 0 481 118033 2022121709
15.6 2 0 0 483 117950 2022121709
62.4 6 0 0 497 117381 2022121709
15.6 2 0 0 501 117894 2022121709
41.6 4 0 0 510 117750 2022121709
20.8 2 0 0 515 117480 2022121709
62.4 7 0 0 529 113254 2022121709
20.8 2 0 0 535 113095 2022121709
15.6 2 0 0 540 117151 2022121709
52.0 5 0 0 550 121197 2022121709
36.4 4 0 0 561 119300 2022121709
52.0 5 0 0 572 118207 2022121709
20.8 2 0 0 579 118036 2022121709
20.8 2 0 0 583 121582 2022121709
72.7 8 0 0 602 118071 2022121709
20.8 2 0 0 608 119168 2022121709
52.0 5 0 0 616 117609 2022121709
26.0 3 0 0 628 117805 2022121709
72.7 7 0 0 646 117428 2022121709
31.2 3 0 0 654 117095 2022121709
20.8 2 0 0 661 118968 2022121709
52.0 5 0 0 675 117855 2022121709
52.0 5 0 0 690 119236 2022121709
57.2 6 0 0 704 117474 2022121709
31.2 3 0 0 706 119098 2022121709
26.0 3 0 0 715 119187 2022121709
88.3 9 0 0 745 117270 2022121709
26.0 3 0 0 752 119156 2022121709
62.4 6 0 0 769 117721 2022121709
31.2 3 0 0 770 119084 2022121709
93.5 9 0 0 803 117819 2022121709
36.4 4 0 0 814 117488 2022121709
26.0 3 0 0 823 119279 2022121709
67.6 7 0 0 841 117873 2022121709
67.6 7 0 0 861 119212 2022121709
67.6 7 0 0 879 118334 2022121709
41.6 4 0 0 892 117802 2022121709
31.2 3 0 0 900 119660 2022121709
109 11 0 0 933 117659 2022121709
36.4 4 0 0 941 119321 2022121709
72.7 7 0 0 962 117983 2022121709
41.6 4 0 0 976 113177 2022121709
114 12 0 0 1005 117884 2022121709
41.6 4 0 0 1017 117003 2022121709
41.6 4 0 0 1030 117372 2022121709
77.9 8 0 0 1053 116849 2022121709
88.3 9 0 0 1078 119528 2022121709
77.9 8 0 0 1098 113364 2022121709
46.8 5 0 0 1112 117051 2022121709
46.8 5 0 0 1141 117978 2022121709
93.5 9 0 0 1158 117046 2022121709
31.2 3 0 10 627 118136 2022121709
98.7 10 0 7 817 120048 2022121709
0.00 0 1 0 830 119372 2022121709
88.3 9 0 0 842 117386 2022121709
26.0 3 0 0 848 119373 2022121709
109 11 0 0 868 113350 2022121709
31.2 3 0 0 874 119555 2022121709
57.2 6 0 0 885 118704 2022121709
46.8 5 0 0 893 117858 2022121709
93.5 10 0 0 908 118802 2022121709
52.0 5 0 0 918 118117 2022121709
36.4 4 0 0 923 119659 2022121709
62.4 6 0 0 933 118602 2022121709
88.3 9 0 0 945 119537 2022121709
62.4 6 0 0 955 118899 2022121709
52.0 5 0 0 962 117771 2022121709
36.4 4 0 0 966 119441 2022121709
120 12 0 0 981 117631 2022121709
41.6 4 0 0 985 115565 2022121709
62.4 6 0 0 994 118763 2022121709
57.2 6 0 0 999 117979 2022121709
109 11 0 0 1012 117387 2022121709
46.8 5 0 0 1019 117486 2022121709
77.9 8 0 0 1021 117485 2022121709
26.0 3 0 0 1030 117287 2022121709
52.0 5 0 0 1032 117418 2022121709
57.2 6 0 0 1039 117755 2022121709
109 11 0 0 1039 117331 2022121709
52.0 5 0 0 1039 117568 2022121709
57.2 6 0 0 1039 117573 2022121709
52.0 5 0 0 1039 121984 2022121709
83.1 9 0 0 1067 117353 2022121709
57.2 6 0 0 1074 113736 2022121709
57.2 6 0 0 1079 113260 2022121709
57.2 6 0 0 1083 117624 2022121709
114 12 0 0 1092 117379 2022121709
57.2 6 0 0 1096 117448 2022121709
62.4 6 0 0 1098 117275 2022121709
57.2 6 0 0 1100 119348 2022121709
98.7 10 0 0 1107 117512 2022121709
57.2 6 0 0 1111 117577 2022121709
57.2 6 0 0 1114 114043 2022121709
62.4 6 0 0 1116 113525 2022121709
114 11 0 1 424 117391 2022121709
31.2 3 0 6 93 120596 2022121709
5.20 1 0 0 781 116760 2022121709
77.9 8 0 0 781 118984 2022121709
36.4 4 0 0 788 117627 2022121709
31.2 3 0 0 788 117774 2022121709
36.4 4 0 0 788 117554 2022121709
26.0 3 0 0 799 117566 2022121709
83.1 9 0 0 819 117338 2022121709
36.4 4 0 0 823 117344 2022121709
46.8 5 0 0 823 117183 2022121709
36.4 4 0 0 823 117343 2022121709
88.3 9 0 0 823 117257 2022121709
41.6 4 0 0 823 117551 2022121709
36.4 4 0 0 823 117674 2022121709
41.6 4 0 0 823 117240 2022121709
36.4 4 0 0 823 113779 2022121709
62.4 6 0 0 836 117554 2022121709
62.4 6 0 0 863 113470 2022121709
41.6 4 0 0 871 117326 2022121709
46.8 5 0 0 878 117257 2022121709
46.8 5 0 0 882 117437 2022121709
93.5 10 0 0 889 117439 2022121709
46.8 5 0 0 890 117355 2022121709
52.0 5 0 0 901 118716 2022121709
0.00 0 0 0 901 118716 2022121709
0.00 0 0 0 901 118716 2022121709
192 19 0 0 905 113498 2022121709
36.4 4 0 0 908 113179 2022121709
36.4 4 0 0 910 118515 2022121709
52.0 5 0 0 918 113545 2022121709
98.7 10 0 0 919 117522 2022121709
0.00 0 0 0 919 117522 2022121709
72.7 7 0 0 922 117628 2022121709
98.7 10 0 0 925 117441 2022121709
0.00 0 0 0 925 117441 2022121709
98.7 10 0 0 928 117204 2022121709
46.8 5 0 0 929 117415 2022121709
93.5 10 0 0 932 117488 2022121709
52.0 5 0 0 932 117531 2022121709
46.8 5 0 0 934 118472 2022121709
52.0 5 0 0 936 117468 2022121709
88.3 9 0 0 937 117538 2022121709
57.2 6 0 0 939 117166 2022121709
46.8 5 0 0 940 117771 2022121709
52.0 5 0 0 940 117271 2022121709
98.7 10 0 0 943 117802 2022121709
0.00 0 0 0 943 117802 2022121709
130 13 0 0 945 117670 2022121709
46.8 5 0 0 950 113829 2022121709
52.0 5 0 0 950 113829 2022121709
52.0 5 0 0 950 113829 2022121709
72.7 7 0 0 950 113829 2022121709
52.0 5 0 0 950 113829 2022121709
77.9 8 0 0 950 113829 2022121709
41.6 4 0 0 950 113829 2022121709
98.7 10 0 0 950 113829 2022121709
52.0 5 0 0 950 113829 2022121709
41.6 4 0 0 950 113829 2022121709
0.00 0 0 0 950 113829 2022121709
104 10 0 0 950 113829 2022121709
0.00 0 0 0 950 113829 2022121709
0.00 0 0 0 950 113829 2022121709
0.00 0 0 0 950 113829 2022121709
234 23 0 0 950 113829 2022121709
0.00 0 0 0 950 113829 2022121709
156 15 0 0 950 113829 2022121709
0.00 0 0 0 950 113829 2022121709
98.7 10 0 0 950 113829 2022121709
52.0 5 0 0 950 113829 2022121709
104 10 0 0 950 113829 2022121709
46.8 5 0 0 950 113829 2022121709
52.0 5 0 0 950 113829 2022121709
52.0 5 0 0 950 113829 2022121709
98.7 10 0 0 950 113829 2022121709
52.0 5 0 0 950 117369 2022121709
46.8 5 0 0 950 117335 2022121709
46.8 5 0 0 950 117474 2022121709
93.5 10 0 0 950 117407 2022121709
46.8 5 0 0 950 117547 2022121709
36.4 4 0 0 950 117596 2022121709
46.8 5 0 0 950 117292 2022121709
93.5 10 0 0 950 117407 2022121709
46.8 5 0 0 951 117302 2022121709
52.0 5 0 0 951 117260 2022121709
46.8 5 0 0 951 118268 2022121709
104 11 0 0 952 117252 2022121709
0.00 0 0 0 952 117252 2022121709
125 13 0 0 952 119218 2022121709
52.0 5 0 0 954 117159 2022121709
31.2 3 0 0 954 117265 2022121709
57.2 6 0 0 955 117663 2022121709
98.7 10 0 0 955 117304 2022121709
52.0 5 0 0 955 117238 2022121709
52.0 5 0 0 955 117207 2022121709
52.0 5 0 0 956 117175 2022121709
98.7 10 0 0 958 113261 2022121709
52.0 5 0 0 959 117496 2022121709
77.9 8 0 0 961 117431 2022121709
41.6 4 0 0 962 117562 2022121709
52.0 5 0 0 963 117345 2022121709
52.0 5 0 0 965 117277 2022121709
104 10 0 30 97 117545 2022121709
5.20 1 0 9 60 119773 2022121709
26.0 3 0 0 675 120633 2022121709
52.0 5 0 0 675 125873 2022121709
31.2 3 1 0 686 117159 2022121709
26.0 3 0 0 692 117332 2022121709
26.0 3 0 0 697 113015 2022121709
36.4 4 0 0 710 117309 2022121709
77.9 8 0 0 729 117352 2022121709
36.4 4 0 0 733 118022 2022121709
46.8 5 0 0 741 117478 2022121709
20.8 2 0 0 750 117645 2022121709
77.9 8 0 0 763 117671 2022121709
41.6 4 0 0 768 117621 2022121709
41.6 4 0 0 768 117376 2022121709
36.4 4 0 0 768 117207 2022121709
72.7 8 0 0 768 117340 2022121709
41.6 4 0 0 768 117470 2022121709
31.2 3 0 0 768 117339 2022121709
41.6 4 0 0 768 117250 2022121709
77.9 8 0 0 768 117367 2022121709
41.6 4 0 0 768 117540 2022121709
41.6 4 0 0 768 117964 2022121709
36.4 4 0 0 768 118341 2022121709
62.4 6 0 0 795 117427 2022121709
41.6 4 0 0 795 113506 2022121709
41.6 4 0 0 795 116080 2022121709
41.6 4 0 0 795 117774 2022121709
67.6 7 0 0 795 117642 2022121709
36.4 4 0 0 795 117983 2022121709
41.6 4 0 0 795 117548 2022121709
41.6 4 0 0 795 117530 2022121709
77.9 8 0 0 795 117467 2022121709
41.6 4 0 0 795 117650 2022121709
36.4 4 0 0 795 117541 2022121709
41.6 4 0 0 795 117660 2022121709
62.4 6 0 0 795 117583 2022121709
36.4 4 0 0 795 117388 2022121709
36.4 4 0 0 795 117441 2022121709
36.4 4 0 0 795 117454 2022121709
77.9 8 0 0 795 117358 2022121709
36.4 4 0 0 795 117215 2022121709
36.4 4 0 0 795 117309 2022121709
41.6 4 0 0 795 117502 2022121709
41.6 4 0 0 795 119075 2022121709
67.6 7 0 0 795 117622 2022121709
31.2 3 1 0 795 117748 2022121709
41.6 4 0 0 795 117888 2022121709
36.4 4 0 0 795 117417 2022121709
36.4 4 0 0 795 117767 2022121709
72.7 8 0 0 795 117703 2022121709
36.4 4 0 0 795 117573 2022121709
41.6 4 0 0 795 117668 2022121709
36.4 4 0 0 795 117582 2022121709
83.1 8 0 0 795 117665 2022121709
41.6 4 0 0 795 117677 2022121709
36.4 4 0 0 795 117691 2022121709
41.6 4 0 0 795 113587 2022121709
77.9 8 0 0 795 113928 2022121709
41.6 4 0 0 795 113819 2022121709
41.6 4 0 0 795 117253 2022121709
36.4 4 0 0 795 117553 2022121709
83.1 9 0 0 795 117635 2022121709
41.6 4 0 0 795 117565 2022121709
36.4 4 0 0 795 117458 2022121709
41.6 4 0 0 795 117546 2022121709
83.1 8 0 0 795 117470 2022121709
48.0 2961 9 251 795 117470 2022121709
