13.7 2 0 0 27 116093 2022121714
0.00 0 1 0 55 118557 2022121714
12.3 2 0 0 110 118062 2022121714
18.6 2 0 0 179 117660 2022121714
31.5 3 0 0 190 118839 2022121714
32.4 4 0 0 328 117693 2022121714
104 11 0 0 703 117460 2022121714
93.5 9 0 0 803 117562 2022121714
88.3 9 0 0 803 117342 2022121714
20.8 2 0 0 803 117615 2022121714
57.2 6 0 0 803 117963 2022121714
26.0 3 0 0 803 117616 2022121714
20.8 2 0 0 803 117830 2022121714
26.0 3 0 0 803 117419 2022121714
46.8 5 0 0 803 117735 2022121714
26.0 3 0 0 803 117634 2022121714
31.2 3 0 0 803 117636 2022121714
20.8 2 0 0 803 117638 2022121714
52.0 6 0 0 803 117611 2022121714
26.0 3 0 0 803 117721 2022121714
20.8 2 0 0 803 117412 2022121714
26.0 3 0 0 803 117552 2022121714
57.2 6 0 0 803 117698 2022121714
26.0 3 0 0 803 117603 2022121714
20.8 2 0 0 803 117788 2022121714
26.0 3 0 0 803 117946 2022121714
46.8 5 0 0 803 117725 2022121714
20.8 2 0 0 803 118101 2022121714
20.8 2 0 0 803 117708 2022121714
26.0 3 0 0 803 117921 2022121714
52.0 6 0 0 803 117481 2022121714
15.6 2 0 0 803 117801 2022121714
26.0 3 0 0 803 117803 2022121714
26.0 3 0 0 803 113935 2022121714
46.8 5 0 0 803 117718 2022121714
31.2 3 0 0 803 117745 2022121714
26.0 3 0 0 803 117834 2022121714
20.8 2 0 0 803 117707 2022121714
36.4 4 0 0 803 117707 2022121714
10.4 1 0 0 803 117539 2022121714
52.0 6 0 0 803 117331 2022121714
41.6 4 0 0 803 117590 2022121714
36.4 4 0 0 803 117442 2022121714
36.4 4 0 0 803 117363 2022121714
72.7 8 0 0 803 117275 2022121714
41.6 4 0 0 803 117379 2022121714
36.4 4 0 0 803 117435 2022121714
36.4 4 0 0 803 117576 2022121714
67.6 7 0 0 803 117496 2022121714
36.4 4 0 0 803 117247 2022121714
31.2 3 0 0 803 117400 2022121714
31.2 3 0 0 803 117515 2022121714
72.7 8 0 0 803 117312 2022121714
36.4 4 0 0 803 117362 2022121714
36.4 4 0 0 803 117530 2022121714
41.6 4 0 0 803 117637 2022121714
62.4 7 0 0 803 113584 2022121714
36.4 4 0 0 803 113415 2022121714
41.6 4 0 0 803 117604 2022121714
52.0 5 0 0 803 117310 2022121714
36.4 4 0 0 803 117304 2022121714
36.4 4 0 0 803 113588 2022121714
77.9 8 0 0 803 117751 2022121714
31.2 3 0 0 803 113705 2022121714
41.6 4 0 0 803 113315 2022121714
83.1 8 0 0 841 117429 2022121714
41.6 4 0 0 871 117552 2022121714
46.8 5 0 0 871 117813 2022121714
46.8 5 0 0 894 111309 2022121714
46.8 5 0 2 588 126180 2022121714
62.4 6 0 11 605 124370 2022121714
0.00 0 0 0 605 124370 2022121714
72.7 7 0 0 605 117373 2022121714
31.2 3 0 0 605 121258 2022121714
26.0 3 0 0 605 117523 2022121714
31.2 3 0 0 605 8587368 2022121714
31.5 3 0 0 605 8587368 2022121714
0.00 0 0 0 605 8587368 2022121714
0.00 0 0 0 605 8587368 2022121714
0.00 0 0 0 605 8587368 2022121714
0.00 0 0 0 605 8587368 2022121714
0.00 0 0 0 605 8587368 2022121714
0.00 0 0 0 605 8587368 2022121714
0.00 0 0 0 605 8587368 2022121714
0.00 0 0 0 605 8587368 2022121714
0.00 0 0 0 605 8587368 2022121714
0.00 0 0 0 605 8587368 2022121714
0.00 0 0 0 605 8587368 2022121714
0.00 0 0 0 605 8587368 2022121714
0.00 0 0 0 605 8587368 2022121714
0.00 0 0 0 605 8587368 2022121714
0.00 0 0 0 605 8587368 2022121714
0.00 0 0 0 605 8587368 2022121714
0.00 0 0 0 605 8587368 2022121714
0.00 0 0 0 605 8587368 2022121714
0.00 0 0 0 605 8587368 2022121714
0.00 0 0 0 605 8587368 2022121714
0.00 0 0 0 605 8587368 2022121714
0.00 0 0 0 605 8587368 2022121714
0.00 0 0 0 605 8587368 2022121714
0.00 0 0 0 605 8587368 2022121714
0.00 0 0 0 605 8587368 2022121714
0.00 0 0 0 605 8587368 2022121714
0.00 0 0 0 605 8587368 2022121714
0.00 0 0 0 605 8587368 2022121714
0.00 0 0 0 605 8587368 2022121714
0.00 0 0 0 605 8587368 2022121714
0.00 0 0 0 605 8587368 2022121714
0.00 0 0 0 605 8587368 2022121714
0.00 0 0 0 605 8587368 2022121714
0.00 0 0 0 605 8587368 2022121714
0.00 0 0 0 605 8587368 2022121714
0.00 0 0 0 605 8587368 2022121714
0.00 0 0 0 605 8587368 2022121714
0.00 0 0 0 605 8587368 2022121714
0.00 0 0 0 605 8587368 2022121714
0.00 0 0 0 605 8587368 2022121714
0.00 0 0 0 605 8587368 2022121714
0.00 0 0 0 605 8587368 2022121714
0.00 0 0 0 605 8587368 2022121714
0.00 0 0 0 605 8587368 2022121714
0.00 0 0 0 605 8587368 2022121714
0.00 0 0 0 605 8587368 2022121714
0.00 0 0 0 605 8587368 2022121714
0.00 0 0 0 605 8587368 2022121714
0.00 0 0 0 605 8587368 2022121714
0.00 0 0 0 605 8587368 2022121714
0.00 0 0 0 605 8587368 2022121714
0.00 0 0 0 605 8587368 2022121714
0.00 0 0 0 605 8587368 2022121714
0.00 0 0 0 605 8587368 2022121714
0.00 0 0 0 605 8587368 2022121714
0.00 0 0 0 605 8587368 2022121714
0.00 0 0 0 605 8587368 2022121714
0.00 0 0 0 605 8587368 2022121714
0.00 0 0 0 605 8587368 2022121714
0.00 0 0 0 605 8587368 2022121714
0.00 0 0 0 605 8587368 2022121714
0.00 0 0 0 605 8587368 2022121714
0.00 0 0 0 605 8587368 2022121714
0.00 0 0 0 605 8587368 2022121714
0.00 0 0 0 605 8587368 2022121714
0.00 0 0 0 605 8587368 2022121714
0.00 0 0 0 605 8587368 2022121714
0.00 0 0 0 605 8587368 2022121714
0.00 0 0 0 605 8587368 2022121714
0.00 0 0 0 605 8587368 2022121714
0.00 0 0 0 605 8587368 2022121714
0.00 0 0 0 605 8587368 2022121714
0.00 0 0 0 605 8587368 2022121714
0.00 0 0 0 605 8587368 2022121714
0.00 0 0 0 605 8587368 2022121714
0.00 0 0 0 605 8587368 2022121714
0.00 0 0 0 605 8587368 2022121714
0.00 0 0 0 605 8587368 2022121714
0.00 0 0 0 605 8587368 2022121714
0.00 0 0 0 605 8587368 2022121714
0.00 0 0 0 605 8587368 2022121714
0.00 0 0 0 605 8587368 2022121714
0.00 0 0 0 605 8587368 2022121714
0.00 0 0 0 605 8587368 2022121714
0.00 0 0 0 605 8587368 2022121714
0.00 0 0 0 605 8587368 2022121714
0.00 0 0 0 605 8587368 2022121714
0.00 0 0 0 605 8587368 2022121714
62.1 6 0 0 605 114858 2022121714
0.00 0 0 0 605 114858 2022121714
5.20 1 0 0 605 117511 2022121714
41.6 4 0 0 613 117191 2022121714
26.0 3 0 0 613 117193 2022121714
36.4 4 0 0 613 117099 2022121714
31.2 3 0 0 613 121309 2022121714
31.2 3 0 0 613 117468 2022121714
57.2 6 0 0 613 121287 2022121714
31.2 3 0 0 613 113218 2022121714
31.2 3 0 0 613 117350 2022121714
36.4 4 0 0 613 117221 2022121714
62.4 7 0 0 613 117324 2022121714
26.0 3 0 0 613 117447 2022121714
26.0 3 0 0 613 117493 2022121714
41.6 4 0 0 914 113229 2022121714
36.4 4 0 0 914 113229 2022121714
26.0 3 0 0 914 113229 2022121714
31.2 3 0 0 914 113229 2022121714
26.0 3 0 0 914 113229 2022121714
62.4 6 0 0 914 113229 2022121714
26.0 3 0 0 914 113229 2022121714
31.2 3 0 0 914 113229 2022121714
26.0 3 0 0 914 113229 2022121714
57.2 6 0 0 914 113229 2022121714
31.2 3 0 0 914 113229 2022121714
26.0 3 0 0 914 113229 2022121714
46.8 5 0 0 914 113229 2022121714
26.0 3 0 0 914 113229 2022121714
26.0 3 0 0 914 113229 2022121714
31.2 3 0 0 914 113229 2022121714
62.4 6 0 0 914 113229 2022121714
26.0 3 0 0 914 113229 2022121714
31.2 3 0 0 914 113229 2022121714
31.2 3 0 0 914 113229 2022121714
26.0 3 0 0 914 113229 2022121714
52.0 6 0 0 914 113229 2022121714
26.0 3 0 0 914 113229 2022121714
26.0 3 0 0 914 113229 2022121714
20.8 2 0 0 914 113229 2022121714
36.4 4 0 0 914 113229 2022121714
26.0 3 0 0 914 113229 2022121714
26.0 3 0 0 914 113229 2022121714
26.0 3 0 0 914 113229 2022121714
46.8 5 0 0 914 113229 2022121714
20.8 2 0 0 914 113229 2022121714
31.2 3 0 0 914 113229 2022121714
26.0 3 0 0 914 113229 2022121714
57.2 6 0 0 914 113229 2022121714
26.0 3 0 0 914 113229 2022121714
31.2 3 0 0 914 113229 2022121714
31.2 3 0 0 914 113229 2022121714
62.4 6 0 0 914 113229 2022121714
26.0 3 0 0 914 113229 2022121714
31.2 3 0 0 914 113229 2022121714
26.0 3 0 0 914 113229 2022121714
57.2 6 0 0 914 113229 2022121714
31.2 3 0 0 914 113229 2022121714
26.0 3 0 0 914 113229 2022121714
31.2 3 0 0 914 113229 2022121714
62.4 6 0 0 914 113229 2022121714
31.2 3 0 0 914 113229 2022121714
15.6 2 0 0 914 113229 2022121714
26.0 3 0 0 914 113229 2022121714
52.0 6 0 0 914 113229 2022121714
36.4 4 0 0 914 113229 2022121714
26.0 3 0 0 914 113229 2022121714
26.0 3 0 0 914 113229 2022121714
62.4 7 0 0 914 113229 2022121714
31.2 3 0 0 914 113229 2022121714
31.2 3 0 0 914 113229 2022121714
31.2 3 0 0 914 113229 2022121714
67.6 7 0 0 914 113229 2022121714
36.4 4 0 0 914 113229 2022121714
15.6 2 0 0 914 113229 2022121714
36.4 4 0 0 914 113229 2022121714
93.5 10 0 0 914 113229 2022121714
46.8 5 0 0 914 113229 2022121714
46.8 5 0 0 914 113229 2022121714
46.8 5 0 0 914 113229 2022121714
93.5 10 0 0 914 113229 2022121714
41.6 4 0 0 914 113229 2022121714
46.8 5 0 0 914 113229 2022121714
46.8 5 0 0 914 113229 2022121714
83.1 9 0 0 914 113229 2022121714
41.6 4 0 0 914 113229 2022121714
46.8 5 0 0 914 113229 2022121714
41.6 4 0 0 914 113229 2022121714
93.5 10 0 0 914 113229 2022121714
46.8 5 0 0 914 113229 2022121714
46.8 5 0 0 914 113229 2022121714
46.8 5 0 0 914 113229 2022121714
93.5 10 0 0 914 113229 2022121714
46.8 5 0 0 914 113229 2022121714
46.8 5 0 0 914 113229 2022121714
41.6 4 0 0 914 113229 2022121714
93.5 10 0 0 914 113229 2022121714
52.0 5 0 0 914 113229 2022121714
46.8 5 0 0 914 113229 2022121714
41.6 4 0 0 914 113229 2022121714
93.5 10 0 0 914 113229 2022121714
41.6 4 0 0 914 113229 2022121714
46.8 5 0 0 914 113229 2022121714
46.8 5 0 0 914 113229 2022121714
46.8 5 0 0 914 113229 2022121714
67.6 7 0 0 914 113229 2022121714
62.4 7 0 0 914 113229 2022121714
46.8 5 0 0 914 113229 2022121714
46.8 5 0 0 914 113229 2022121714
46.8 5 0 0 914 113229 2022121714
93.5 10 0 0 914 113229 2022121714
36.4 4 0 0 914 113229 2022121714
46.8 5 0 0 914 113229 2022121714
67.6 7 0 0 914 117381 2022121714
46.8 5 0 0 914 117336 2022121714
41.6 4 0 0 914 117549 2022121714
83.1 8 0 0 914 117495 2022121714
46.8 5 0 0 914 117306 2022121714
41.6 4 0 0 914 117317 2022121714
41.6 4 0 0 914 117218 2022121714
93.5 10 0 0 914 117372 2022121714
46.8 5 0 0 914 117420 2022121714
46.8 5 0 0 914 117569 2022121714
46.8 5 0 0 914 117689 2022121714
88.3 9 0 0 914 113897 2022121714
0.00 0 0 0 914 113897 2022121714
114 12 0 0 914 117633 2022121714
10.4 1 0 0 914 117717 2022121714
41.6 4 0 0 914 113569 2022121714
46.8 5 0 0 914 117556 2022121714
83.1 8 0 0 944 117648 2022121714
46.8 5 0 0 959 117255 2022121714
52.0 5 0 0 959 117391 2022121714
52.0 5 0 0 959 117250 2022121714
88.7 9 0 0 959 7965649 2022121714
0.00 0 0 0 959 7965649 2022121714
0.00 0 0 0 959 7965649 2022121714
0.00 0 0 0 959 7965649 2022121714
0.00 0 0 0 959 7965649 2022121714
0.00 0 0 0 959 7965649 2022121714
0.00 0 0 0 959 7965649 2022121714
0.00 0 0 0 959 7965649 2022121714
0.00 0 0 0 959 7965649 2022121714
0.00 0 0 0 959 7965649 2022121714
0.00 0 0 0 959 7965649 2022121714
0.00 0 0 0 959 7965649 2022121714
0.00 0 0 0 959 7965649 2022121714
0.00 0 0 0 959 7965649 2022121714
0.00 0 0 0 959 7965649 2022121714
0.00 0 0 0 959 7965649 2022121714
0.00 0 0 0 959 7965649 2022121714
0.00 0 0 0 959 7965649 2022121714
0.00 0 0 0 959 7965649 2022121714
0.00 0 0 0 959 7965649 2022121714
0.00 0 0 0 959 7965649 2022121714
0.00 0 0 0 959 7965649 2022121714
0.00 0 0 0 959 7965649 2022121714
0.00 0 0 0 959 7965649 2022121714
0.00 0 0 0 959 7965649 2022121714
0.00 0 0 0 959 7965649 2022121714
0.00 0 0 0 959 7965649 2022121714
0.00 0 0 0 959 7965649 2022121714
0.00 0 0 0 959 7965649 2022121714
0.00 0 0 0 959 7965649 2022121714
0.00 0 0 0 959 7965649 2022121714
0.00 0 0 0 959 7965649 2022121714
0.00 0 0 0 959 7965649 2022121714
0.00 0 0 0 959 7965649 2022121714
0.00 0 0 0 959 7965649 2022121714
0.00 0 0 0 959 7965649 2022121714
0.00 0 0 0 959 7965649 2022121714
0.00 0 0 0 959 7965649 2022121714
0.00 0 0 0 959 7965649 2022121714
0.00 0 0 0 959 7965649 2022121714
0.00 0 0 0 959 7965649 2022121714
0.00 0 0 0 959 7965649 2022121714
0.00 0 0 0 959 7965649 2022121714
0.00 0 0 0 959 7965649 2022121714
0.00 0 0 0 959 7965649 2022121714
0.00 0 0 0 959 7965649 2022121714
0.00 0 0 0 959 7965649 2022121714
0.00 0 0 0 959 7965649 2022121714
0.00 0 0 0 959 7965649 2022121714
0.00 0 0 0 959 7965649 2022121714
0.00 0 0 0 959 7965649 2022121714
0.00 0 0 0 959 7965649 2022121714
0.00 0 0 0 959 7965649 2022121714
0.00 0 0 0 959 7965649 2022121714
0.00 0 0 0 959 7965649 2022121714
0.00 0 0 0 959 7965649 2022121714
0.00 0 0 0 959 7965649 2022121714
0.00 0 0 0 959 7965649 2022121714
0.00 0 0 0 959 7965649 2022121714
0.00 0 0 0 959 7965649 2022121714
0.00 0 0 0 959 7965649 2022121714
0.00 0 0 0 959 7965649 2022121714
0.00 0 0 0 959 7965649 2022121714
0.00 0 0 0 959 7965649 2022121714
0.00 0 0 0 959 7965649 2022121714
0.00 0 0 0 959 7965649 2022121714
0.00 0 0 0 959 7965649 2022121714
0.00 0 0 0 959 7965649 2022121714
0.00 0 0 0 959 7965649 2022121714
0.00 0 0 0 959 7965649 2022121714
0.00 0 0 0 959 7965649 2022121714
0.00 0 0 0 959 7965649 2022121714
0.00 0 0 0 959 7965649 2022121714
0.00 0 0 0 959 7965649 2022121714
0.00 0 0 0 959 7965649 2022121714
0.00 0 0 0 959 7965649 2022121714
0.00 0 0 0 959 7965649 2022121714
0.00 0 0 0 959 7965649 2022121714
0.00 0 0 0 959 7965649 2022121714
0.00 0 0 0 959 7965649 2022121714
0.00 0 0 0 959 7965649 2022121714
0.00 0 0 0 959 7965649 2022121714
88.0 9 0 0 959 117037 2022121714
0.00 0 1 0 1322 116835 2022121714
36.4 4 0 0 1480 118398 2022121714
62.4 6 0 0 1752 117887 2022121714
72.7 7 0 27 1231 116978 2022121714
77.9 8 1 154 1336 119885 2022121714
36.4 4 0 0 1338 117087 2022121714
57.2 6 0 26 445 118850 2022121714
130 13 0 0 777 119304 2022121714
67.6 7 0 0 950 116972 2022121714
31.2 3 0 0 955 117640 2022121714
41.6 4 0 0 961 119296 2022121714
72.7 7 0 0 967 117059 2022121714
36.4 4 0 0 996 123029 2022121714
0.00 0 0 0 996 123029 2022121714
0.00 0 0 0 996 123029 2022121714
0.00 0 0 0 996 123029 2022121714
319 31 0 0 1007 155238 2022121714
0.00 0 0 0 1016 155238 2022121714
21.0 2 0 0 1016 155238 2022121714
10.5 1 0 0 1016 158354 2022121714
21.0 2 0 0 1016 153092 2022121714
0.00 0 0 0 1016 153092 2022121714
52.4 5 0 0 1016 153092 2022121714
113 11 0 0 1016 117236 2022121714
20.8 2 1 0 1043 119211 2022121714
77.9 8 0 0 1054 117395 2022121714
41.6 4 0 0 1060 118184 2022121714
52.0 5 0 0 1064 119496 2022121714
120 12 0 0 1071 117749 2022121714
52.0 5 0 0 1075 119283 2022121714
72.7 7 0 0 1079 117492 2022121714
52.0 5 0 0 1081 117372 2022121714
109 11 0 0 1081 117344 2022121714
41.6 4 0 0 1081 117322 2022121714
36.4 4 0 0 1081 117416 2022121714
41.6 4 0 0 1092 117093 2022121714
109 11 0 0 1096 117282 2022121714
46.8 5 0 0 1096 117655 2022121714
46.8 5 0 0 1096 117441 2022121714
46.8 5 0 0 1096 117302 2022121714
98.7 10 0 0 1096 113471 2022121714
46.8 5 0 0 1096 113876 2022121714
46.8 5 0 0 1096 117432 2022121714
46.8 5 0 0 1096 117218 2022121714
98.7 10 0 0 1096 117497 2022121714
46.8 5 0 0 1096 117717 2022121714
41.6 4 0 0 1096 117445 2022121714
41.6 4 0 0 1096 117471 2022121714
88.3 9 0 0 1096 117287 2022121714
52.0 5 0 0 1096 117490 2022121714
41.6 4 0 0 1096 117447 2022121714
41.6 4 0 0 1096 117653 2022121714
88.3 9 0 0 1096 117700 2022121714
46.8 5 0 0 1096 117628 2022121714
46.8 5 0 0 1096 117737 2022121714
41.6 4 0 0 1096 128205 2022121714
41.6 4 0 0 1096 2267662 2022121714
21.0 2 0 0 1096 2267662 2022121714
0.00 0 0 0 1096 2267662 2022121714
0.00 0 0 0 1096 2267662 2022121714
0.00 0 0 0 1096 2267662 2022121714
0.00 0 0 0 1096 2267662 2022121714
0.00 0 0 0 1096 2267662 2022121714
0.00 0 0 0 1096 2267662 2022121714
0.00 0 0 0 1096 2267662 2022121714
0.00 0 0 0 1096 2267662 2022121714
0.00 0 0 0 1096 2267662 2022121714
0.00 0 0 0 1096 2267662 2022121714
0.00 0 0 0 1096 2267662 2022121714
0.00 0 0 0 1096 2267662 2022121714
0.00 0 0 0 1096 2267662 2022121714
0.00 0 0 0 1096 2267662 2022121714
0.00 0 0 0 1096 2267662 2022121714
0.00 0 0 0 1096 2267662 2022121714
0.00 0 0 0 1096 2267662 2022121714
0.00 0 0 0 1096 2267662 2022121714
0.00 0 0 0 1096 2267662 2022121714
0.00 0 0 0 1096 2267662 2022121714
0.00 0 0 0 1096 2267662 2022121714
0.00 0 0 0 1096 2267662 2022121714
0.00 0 0 0 1096 2267662 2022121714
0.00 0 0 0 1096 2267662 2022121714
0.00 0 0 0 1096 2267662 2022121714
0.00 0 0 0 1096 2267662 2022121714
0.00 0 0 0 1096 2267662 2022121714
0.00 0 0 0 1096 2267662 2022121714
0.00 0 0 0 1096 2267662 2022121714
0.00 0 0 0 1096 2267662 2022121714
0.00 0 0 0 1096 2267662 2022121714
0.00 0 0 0 1096 2267662 2022121714
0.00 0 0 0 1096 2267662 2022121714
0.00 0 0 0 1096 2267662 2022121714
0.00 0 0 0 1096 2267662 2022121714
0.00 0 0 0 1096 2267662 2022121714
0.00 0 0 0 1096 2267662 2022121714
0.00 0 0 0 1096 2267662 2022121714
0.00 0 0 0 1096 2267662 2022121714
0.00 0 0 0 1096 2267662 2022121714
0.00 0 0 0 1096 2267662 2022121714
0.00 0 0 0 1096 2267662 2022121714
0.00 0 0 0 1096 2267662 2022121714
0.00 0 0 0 1096 2267662 2022121714
0.00 0 0 0 1096 2267662 2022121714
0.00 0 0 0 1096 2267662 2022121714
0.00 0 0 0 1096 2267662 2022121714
0.00 0 0 0 1096 2267662 2022121714
0.00 0 0 0 1096 2267662 2022121714
0.00 0 0 0 1096 2267662 2022121714
0.00 0 0 0 1096 2267662 2022121714
0.00 0 0 0 1096 2267662 2022121714
0.00 0 0 0 1096 2267662 2022121714
0.00 0 0 0 1096 2267662 2022121714
0.00 0 0 0 1096 2267662 2022121714
0.00 0 0 0 1096 2267662 2022121714
0.00 0 0 0 1096 2267662 2022121714
0.00 0 0 0 1096 2267662 2022121714
0.00 0 0 0 1096 2267662 2022121714
0.00 0 0 0 1096 2267662 2022121714
0.00 0 0 0 1096 2267662 2022121714
0.00 0 0 0 1096 2267662 2022121714
0.00 0 0 0 1096 2267662 2022121714
0.00 0 0 0 1096 2267662 2022121714
0.00 0 0 0 1096 2267662 2022121714
0.00 0 0 0 1096 2267662 2022121714
0.00 0 0 0 1096 2267662 2022121714
0.00 0 0 0 1096 2267662 2022121714
0.00 0 0 0 1096 2267662 2022121714
0.00 0 0 0 1096 2267662 2022121714
0.00 0 0 0 1096 2267662 2022121714
0.00 0 0 0 1096 2267662 2022121714
0.00 0 0 0 1096 2267662 2022121714
0.00 0 0 0 1096 2267662 2022121714
0.00 0 0 0 1096 2267662 2022121714
0.00 0 0 0 1096 2267662 2022121714
0.00 0 0 0 1096 2267662 2022121714
0.00 0 0 0 1096 2267662 2022121714
0.00 0 0 0 1096 2267662 2022121714
0.00 0 0 0 1096 2267662 2022121714
0.00 0 0 0 1096 2267662 2022121714
0.00 0 0 0 1096 2267662 2022121714
0.00 0 0 0 1096 2267662 2022121714
0.00 0 0 0 1096 2267662 2022121714
0.00 0 0 0 1096 2267662 2022121714
0.00 0 0 0 1096 2267662 2022121714
0.00 0 0 0 1096 2267662 2022121714
0.00 0 0 0 1096 2267662 2022121714
0.00 0 0 0 1096 2267662 2022121714
0.00 0 0 0 1096 2267662 2022121714
0.00 0 0 0 1096 2267662 2022121714
51.8 5 0 0 1096 286951 2022121714
0.00 0 1 0 1096 117114 2022121714
10.4 1 0 0 1254 116887 2022121714
46.8 5 0 0 1279 118341 2022121714
145 15 0 0 1355 117285 2022121714
52.0 5 0 0 1369 118610 2022121714
83.1 8 0 0 1381 117544 2022121714
67.6 7 0 0 1389 117711 2022121714
156 15 0 4 922 118093 2022121714
72.7 7 0 0 981 119497 2022121714
5.20 1 0 0 981 119895 2022121714
67.6 7 0 0 998 117417 2022121714
83.1 9 0 0 1014 119085 2022121714
83.1 8 0 0 1030 117666 2022121714
41.6 4 0 0 1039 117451 2022121714
41.6 4 0 0 1046 118754 2022121714
130 13 0 0 1068 116862 2022121714
36.4 4 0 0 1075 118895 2022121714
88.3 9 0 0 1087 117165 2022121714
46.8 5 0 0 1096 117209 2022121714
130 13 0 0 1114 117189 2022121714
46.8 5 0 0 1122 117572 2022121714
46.8 5 0 0 1127 119482 2022121714
83.1 8 0 0 1140 117904 2022121714
98.7 10 0 0 1152 122117 2022121714
83.1 8 0 0 1163 117665 2022121714
52.0 5 0 0 1169 113421 2022121714
52.0 5 0 0 1174 118787 2022121714
140 14 0 0 1191 117516 2022121714
52.0 5 0 0 1196 119356 2022121714
77.9 8 0 0 1205 117704 2022121714
62.4 6 0 0 1212 117570 2022121714
135 13 0 0 1224 117880 2022121714
62.4 6 0 0 1229 117521 2022121714
52.0 5 0 0 1235 118999 2022121714
83.1 8 0 0 1242 117641 2022121714
120 12 0 0 1253 119414 2022121714
83.1 8 0 0 1260 117729 2022121714
62.4 6 0 0 1265 117534 2022121714
57.2 6 0 0 1268 118984 2022121714
145 15 0 0 1278 121559 2022121714
62.4 6 0 0 1283 119029 2022121714
83.1 8 0 0 1287 117151 2022121714
62.4 6 0 0 1293 117277 2022121714
145 14 0 0 1303 117254 2022121714
62.4 6 0 0 1307 117188 2022121714
67.6 7 0 0 1311 118564 2022121714
77.9 8 0 0 1315 117659 2022121714
135 14 0 0 1322 118539 2022121714
77.9 8 0 0 1326 117772 2022121714
72.7 7 0 0 1327 117428 2022121714
62.4 6 0 0 1332 118800 2022121714
151 15 0 0 1340 117587 2022121714
67.6 7 0 0 1341 118521 2022121714
83.1 8 0 0 1345 117777 2022121714
67.6 7 0 0 1348 117432 2022121714
151 15 0 0 1355 117023 2022121714
67.6 7 0 0 1356 113724 2022121714
67.6 7 0 0 1359 114135 2022121714
77.9 8 0 0 1362 118279 2022121714
145 15 0 0 1366 118225 2022121714
77.9 8 0 0 1369 117749 2022121714
72.7 7 0 0 1372 117590 2022121714
67.6 7 0 0 1373 118226 2022121714
156 16 0 0 1376 268656 2022121714
73.4 7 0 0 1380 268656 2022121714
0.00 0 0 0 1380 268656 2022121714
0.00 0 0 0 1380 268656 2022121714
92.9 9 0 0 1380 117435 2022121714
0.00 0 0 0 1380 117435 2022121714
29.2 1802 5 224 1380 117435 2022121714
