26.0 3 0 0 1285 196206 2023010706
120 12 0 0 1602 181000 2023010706
0.00 0 1 0 1620 180752 2023010706
72.7 7 1 0 1297 191156 2023010706
36.4 4 1 0 1305 194483 2023010706
130 13 1 0 1680 180786 2023010706
0.00 0 1 0 1742 181243 2023010706
77.9 8 0 0 1311 194436 2023010706
26.0 3 0 0 1311 194436 2023010706
140 14 0 0 1765 180875 2023010706
0.00 0 2 47 456 181416 2023010706
77.9 8 1 0 1323 198090 2023010706
72.7 7 1 0 456 181456 2023010706
5.20 1 1 4 914 197112 2023010706
0.00 0 2 1 394 181251 2023010706
0.00 0 2 0 926 191683 2023010706
0.00 0 1 0 394 181251 2023010706
5.20 1 0 0 929 191101 2023010706
0.00 0 2 1 12 181608 2023010706
177 17 0 0 937 192772 2023010706
0.00 0 2 1 1 182407 2023010706
26.0 3 0 0 948 193120 2023010706
0.00 0 2 0 1 182407 2023010706
67.6 7 0 0 954 191264 2023010706
0.00 0 1 203 279 182 2023010706