8.47 1 1 0 55 120002 2022121421
0.00 0 0 0 55 120002 2022121421
8.58 1 0 0 110 119854 2022121421
0.00 0 1 0 182 118893 2022121421
54.8 6 0 0 362 117752 2022121421
10.5 1 0 0 364 122680 2022121421
119 12 0 0 481 118656 2022121421
83.1 8 0 0 493 116975 2022121421
62.4 7 0 0 529 118184 2022121421
26.0 3 0 0 544 117340 2022121421
20.8 2 0 0 557 118057 2022121421
62.4 6 0 0 584 114085 2022121421
57.2 6 0 0 613 117512 2022121421
62.4 6 0 0 643 117933 2022121421
31.2 3 0 0 659 114039 2022121421
31.2 3 0 0 710 117741 2022121421
62.4 6 0 0 726 117803 2022121421
57.2 6 0 0 744 117353 2022121421
57.2 6 0 0 781 117974 2022121421
62.4 6 0 0 820 117196 2022121421
31.2 3 0 0 841 117358 2022121421
31.2 3 0 0 861 117905 2022121421
104 10 0 6 60 117903 2022121421
36.4 4 0 0 631 119491 2022121421
5.20 1 0 0 639 117101 2022121421
26.0 3 0 0 645 118760 2022121421
88.3 9 0 0 664 117260 2022121421
20.8 2 0 0 668 118860 2022121421
57.2 6 0 0 679 117943 2022121421
31.2 3 0 0 686 117518 2022121421
77.9 8 0 0 700 118355 2022121421
31.2 3 0 0 707 117421 2022121421
20.8 2 0 0 711 122503 2022121421
62.4 6 0 0 721 118109 2022121421
57.2 6 0 0 730 119001 2022121421
57.2 6 0 0 739 118273 2022121421
36.4 4 0 0 744 117590 2022121421
20.8 2 0 0 748 119212 2022121421
98.7 10 0 0 761 113310 2022121421
26.0 3 0 0 763 118886 2022121421
62.4 6 0 0 772 118144 2022121421
36.4 4 0 0 777 117042 2022121421
88.3 9 0 0 785 118082 2022121421
36.4 4 0 0 791 117022 2022121421
26.0 3 0 0 794 121635 2022121421
62.4 6 0 0 799 117314 2022121421
67.6 7 0 0 806 119591 2022121421
62.4 6 0 0 813 113752 2022121421
36.4 4 0 0 817 113610 2022121421
31.2 3 0 0 819 119316 2022121421
104 11 0 4 431 119827 2022121421
5.20 1 0 0 573 120201 2022121421
31.2 3 0 0 581 117948 2022121421
20.8 2 0 0 586 118242 2022121421
72.7 8 0 0 595 117870 2022121421
20.8 2 0 0 613 117131 2022121421
26.0 3 0 0 619 119048 2022121421
0.00 0 0 0 619 119048 2022121421
0.00 0 0 0 619 119048 2022121421
0.00 0 0 0 619 119048 2022121421
166 16 0 0 624 116944 2022121421
31.2 3 0 0 627 117235 2022121421
72.7 8 0 0 634 117033 2022121421
26.0 3 0 0 637 118120 2022121421
57.2 6 0 0 639 119202 2022121421
20.8 2 0 0 643 117504 2022121421
83.1 9 0 0 649 101716 2022121421
20.8 2 0 0 649 118877 2022121421
57.2 6 0 0 652 116853 2022121421
5.20 1 0 0 656 117604 2022121421
57.2 6 0 0 657 116855 2022121421
41.6 4 0 0 660 117649 2022121421
62.4 6 0 0 663 119084 2022121421
46.8 5 0 0 666 117714 2022121421
31.2 3 0 0 668 117333 2022121421
31.2 3 0 0 670 118432 2022121421
73.0 7 0 0 671 118632 2022121421
36.1 4 0 0 674 118797 2022121421
41.6 4 0 0 677 116971 2022121421
36.4 4 0 0 677 118386 2022121421
31.2 3 0 0 679 118420 2022121421
57.2 6 0 0 682 117180 2022121421
0.00 0 0 0 682 117180 2022121421
52.0 5 0 0 683 117888 2022121421
57.2 6 0 0 685 117033 2022121421
83.1 8 0 0 686 117853 2022121421
31.2 3 0 0 688 117261 2022121421
41.6 4 0 0 689 118420 2022121421
36.4 4 0 0 689 117090 2022121421
72.7 7 0 0 692 118284 2022121421
41.6 4 0 0 692 117547 2022121421
31.2 3 0 0 693 118407 2022121421
41.6 4 0 0 693 118688 2022121421
72.7 7 0 0 694 118033 2022121421
41.6 4 0 0 694 118810 2022121421
36.4 4 0 0 694 117564 2022121421
36.4 4 0 0 694 118732 2022121421
77.9 8 0 0 696 118791 2022121421
0.00 0 0 0 696 118791 2022121421
88.3 9 0 0 696 117628 2022121421
46.8 5 0 0 696 118203 2022121421
36.4 4 0 0 696 118409 2022121421
36.4 4 0 0 696 118838 2022121421
77.9 8 0 0 696 119393 2022121421
36.4 4 0 0 696 117181 2022121421
26.0 3 0 0 696 117893 2022121421
26.0 3 0 0 696 118959 2022121421
88.3 9 0 0 696 116909 2022121421
26.0 3 0 0 696 121034 2022121421
57.2 6 0 0 696 117646 2022121421
26.0 3 0 0 696 117949 2022121421
83.1 8 0 0 719 119828 2022121421
0.00 0 0 0 719 119828 2022121421
0.00 0 0 0 719 119828 2022121421
0.00 0 0 0 719 119828 2022121421
0.00 0 0 0 719 119828 2022121421
0.00 0 0 0 719 119828 2022121421
0.00 0 0 0 719 119828 2022121421
0.00 0 0 0 719 119828 2022121421
0.00 0 0 0 719 119828 2022121421
0.00 0 0 0 719 119828 2022121421
0.00 0 0 0 719 119828 2022121421
0.00 0 0 0 719 119828 2022121421
0.00 0 0 0 719 119828 2022121421
0.00 0 0 0 719 119828 2022121421
0.00 0 0 0 719 119828 2022121421
0.00 0 0 0 719 119828 2022121421
0.00 0 0 0 719 119828 2022121421
0.00 0 0 0 719 119828 2022121421
0.00 0 0 0 719 119828 2022121421
0.00 0 0 0 719 119828 2022121421
0.00 0 0 0 719 119828 2022121421
0.00 0 0 0 719 119828 2022121421
0.00 0 0 0 719 119828 2022121421
0.00 0 0 0 719 119828 2022121421
0.00 0 0 0 719 119828 2022121421
0.00 0 0 0 719 119828 2022121421
0.00 0 0 0 719 119828 2022121421
0.00 0 0 0 719 119828 2022121421
0.00 0 0 0 719 119828 2022121421
0.00 0 0 0 719 119828 2022121421
0.00 0 0 0 719 119828 2022121421
0.00 0 0 0 719 119828 2022121421
0.00 0 0 0 719 119828 2022121421
0.00 0 0 0 719 119828 2022121421
0.00 0 0 0 719 119828 2022121421
0.00 0 0 0 719 119828 2022121421
0.00 0 0 0 719 119828 2022121421
0.00 0 0 0 719 119828 2022121421
0.00 0 0 0 719 119828 2022121421
0.00 0 0 0 719 119828 2022121421
0.00 0 0 0 719 119828 2022121421
0.00 0 0 0 719 119828 2022121421
0.00 0 0 0 719 119828 2022121421
0.00 0 0 0 719 119828 2022121421
0.00 0 0 0 719 119828 2022121421
0.00 0 0 0 719 119828 2022121421
0.00 0 0 0 719 119828 2022121421
0.00 0 0 0 719 119828 2022121421
0.00 0 0 0 719 119828 2022121421
0.00 0 0 0 719 119828 2022121421
0.00 0 0 0 719 119828 2022121421
0.00 0 0 0 719 119828 2022121421
0.00 0 0 0 719 119828 2022121421
0.00 0 0 0 719 119828 2022121421
0.00 0 0 0 719 119828 2022121421
0.00 0 0 0 719 119828 2022121421
0.00 0 0 0 719 119828 2022121421
0.00 0 0 0 719 119828 2022121421
0.00 0 0 0 719 119828 2022121421
0.00 0 0 0 719 119828 2022121421
0.00 0 0 0 719 119828 2022121421
0.00 0 0 0 719 119828 2022121421
0.00 0 0 0 719 119828 2022121421
0.00 0 0 0 719 119828 2022121421
0.00 0 0 0 719 119828 2022121421
0.00 0 0 0 719 119828 2022121421
0.00 0 0 0 719 119828 2022121421
0.00 0 0 0 719 119828 2022121421
0.00 0 0 0 719 119828 2022121421
0.00 0 0 0 719 119828 2022121421
0.00 0 0 0 719 119828 2022121421
0.00 0 0 0 719 119828 2022121421
0.00 0 0 0 719 119828 2022121421
0.00 0 0 0 719 119828 2022121421
0.00 0 0 0 719 119828 2022121421
0.00 0 0 0 719 119828 2022121421
0.00 0 0 0 719 119828 2022121421
0.00 0 0 0 719 119828 2022121421
0.00 0 0 0 719 119828 2022121421
0.00 0 0 0 719 119828 2022121421
0.00 0 0 0 719 119828 2022121421
0.00 0 0 0 719 119828 2022121421
0.00 0 0 0 719 119828 2022121421
0.00 0 0 0 719 119828 2022121421
0.00 0 0 0 719 119828 2022121421
0.00 0 0 0 719 119828 2022121421
0.00 0 0 0 719 119828 2022121421
0.00 0 0 0 719 119828 2022121421
0.00 0 0 0 719 119828 2022121421
0.00 0 0 0 719 119828 2022121421
0.00 0 0 0 719 119828 2022121421
0.00 0 0 0 719 119828 2022121421
0.00 0 0 0 719 119828 2022121421
0.00 0 0 0 719 119828 2022121421
0.00 0 0 0 719 119828 2022121421
0.00 0 0 0 719 119828 2022121421
0.00 0 0 0 719 119828 2022121421
0.00 0 0 0 719 119828 2022121421
0.00 0 0 0 719 119828 2022121421
0.00 0 0 0 719 119828 2022121421
0.00 0 0 0 719 119828 2022121421
0.00 0 0 0 719 119828 2022121421
0.00 0 0 0 719 119828 2022121421
0.00 0 0 0 719 119828 2022121421
0.00 0 0 0 719 119828 2022121421
0.00 0 0 0 719 119828 2022121421
0.00 0 0 0 719 119828 2022121421
0.00 0 0 0 719 119828 2022121421
0.00 0 0 0 719 119828 2022121421
0.00 0 0 0 719 119828 2022121421
0.00 0 0 0 719 119828 2022121421
0.00 0 0 9 708 8325212 2022121421
0.00 0 0 0 1061 8325212 2022121421
0.00 0 0 0 1061 8325212 2022121421
0.00 0 0 0 1061 8325212 2022121421
0.00 0 0 0 1061 8325212 2022121421
0.00 0 0 0 1061 8325212 2022121421
334 32 0 0 1061 8325212 2022121421
0.00 0 0 0 1061 8325212 2022121421
0.00 0 0 0 1061 8325212 2022121421
0.00 0 0 0 1061 8325212 2022121421
5.20 1 0 0 1061 8325212 2022121421
5.20 1 1 0 1061 8325212 2022121421
10.4 1 0 0 1061 8325212 2022121421
0.00 0 1 0 1061 8325212 2022121421
10.4 1 0 0 1061 8325212 2022121421
20.8 2 0 0 1061 8325212 2022121421
36.4 4 1 0 1061 8325212 2022121421
20.8 2 0 0 1061 8325212 2022121421
26.0 3 0 0 1061 8325212 2022121421
52.0 5 0 0 1061 8325212 2022121421
62.4 7 0 0 1061 8325212 2022121421
52.0 5 0 0 1061 8325212 2022121421
36.4 4 0 0 1061 8325212 2022121421
26.0 3 0 0 1061 8325212 2022121421
88.3 9 0 0 1061 8325212 2022121421
26.0 3 0 0 1061 8325212 2022121421
52.0 5 0 0 1061 8325212 2022121421
36.4 4 0 0 1061 8325212 2022121421
77.9 8 0 0 1061 8325212 2022121421
36.4 4 0 0 1061 8325212 2022121421
31.2 3 0 0 1061 8325212 2022121421
83.1 8 0 0 1061 8325212 2022121421
31.2 3 0 0 1061 8325212 2022121421
52.0 5 0 0 1061 8325212 2022121421
31.2 3 0 0 1061 8325212 2022121421
83.1 8 0 0 1061 8325212 2022121421
36.4 4 0 0 1061 8325212 2022121421
31.2 3 0 0 1061 8325212 2022121421
52.0 5 0 0 1061 8325212 2022121421
62.4 7 0 0 1061 8325212 2022121421
52.0 5 0 0 1061 8325212 2022121421
41.6 4 0 0 1061 8325212 2022121421
15.6 2 0 0 1061 8325212 2022121421
88.3 9 0 0 1061 8325212 2022121421
31.2 3 0 0 1061 8325212 2022121421
57.2 6 0 0 1061 8325212 2022121421
31.2 3 0 0 1061 8325212 2022121421
93.5 10 0 0 1061 8325212 2022121421
31.2 3 0 0 1061 8325212 2022121421
31.2 3 0 0 1061 8325212 2022121421
52.0 5 0 0 1061 8325212 2022121421
72.7 8 0 0 1061 8325212 2022121421
0.00 0 0 0 1061 8325212 2022121421
114 11 0 0 1061 8325212 2022121421
36.4 4 0 0 1061 8325212 2022121421
36.4 4 0 0 1061 8325212 2022121421
57.2 6 0 0 1061 8325212 2022121421
72.7 8 0 0 1061 8325212 2022121421
57.2 6 0 0 1061 8325212 2022121421
36.4 4 0 0 1061 8325212 2022121421
31.2 3 0 0 1061 8325212 2022121421
98.7 10 0 0 1061 8325212 2022121421
36.4 4 0 0 1061 8325212 2022121421
57.2 6 0 0 1061 8325212 2022121421
36.4 4 0 0 1061 8325212 2022121421
41.6 4 0 0 1061 8325212 2022121421
67.6 7 0 0 1061 8325212 2022121421
0.00 0 0 0 1061 8325212 2022121421
0.00 0 0 0 1061 8325212 2022121421
171 17 0 0 1061 8325212 2022121421
0.00 0 0 0 1061 8325212 2022121421
0.00 0 0 0 1061 8325212 2022121421
0.00 0 0 0 1061 8325212 2022121421
0.00 0 0 0 1061 8325212 2022121421
283 27 0 0 1061 8325212 2022121421
0.00 0 0 0 1061 8325212 2022121421
0.00 0 0 0 1061 8325212 2022121421
0.00 0 0 0 1061 8325212 2022121421
0.00 0 0 0 1061 8325212 2022121421
0.00 0 0 0 1061 8325212 2022121421
0.00 0 0 0 1061 8325212 2022121421
329 32 0 0 1061 8325212 2022121421
0.00 0 0 0 1061 8325212 2022121421
0.00 0 0 0 1061 8325212 2022121421
135 13 0 0 1061 8325212 2022121421
0.00 0 0 0 1061 8325212 2022121421
62.4 6 0 0 1061 8325212 2022121421
57.2 6 0 0 1061 8325212 2022121421
10.5 1 0 0 1061 8325212 2022121421
0.00 0 0 0 1061 8325212 2022121421
0.00 0 0 0 1061 8325212 2022121421
0.00 0 0 0 1061 8325212 2022121421
0.00 0 0 0 1061 8325212 2022121421
0.00 0 0 0 1061 8325212 2022121421
0.00 0 0 0 1061 8325212 2022121421
0.00 0 0 0 1061 8325212 2022121421
0.00 0 0 0 1061 8325212 2022121421
0.00 0 0 0 1061 8325212 2022121421
0.00 0 0 0 1061 8325212 2022121421
0.00 0 0 0 1061 8325212 2022121421
0.00 0 0 0 1061 8325212 2022121421
0.00 0 0 0 1061 8325212 2022121421
0.00 0 0 0 1061 8325212 2022121421
0.00 0 0 0 1061 8325212 2022121421
0.00 0 0 0 1061 8325212 2022121421
0.00 0 0 0 1061 8325212 2022121421
0.00 0 0 0 1061 8325212 2022121421
0.00 0 0 0 1061 8325212 2022121421
0.00 0 0 0 1061 8325212 2022121421
0.00 0 0 0 1061 8325212 2022121421
0.00 0 0 0 1061 8325212 2022121421
0.00 0 0 0 1061 8325212 2022121421
0.00 0 0 0 1061 8325212 2022121421
0.00 0 0 0 1061 8325212 2022121421
0.00 0 0 0 1061 8325212 2022121421
0.00 0 0 0 1061 8325212 2022121421
0.00 0 0 0 1061 8325212 2022121421
0.00 0 0 0 1061 8325212 2022121421
0.00 0 0 0 1061 8325212 2022121421
0.00 0 0 0 1061 8325212 2022121421
0.00 0 0 0 1061 8325212 2022121421
0.00 0 0 0 1061 8325212 2022121421
0.00 0 0 0 1061 8325212 2022121421
0.00 0 0 0 1061 8325212 2022121421
0.00 0 0 0 1061 8325212 2022121421
0.00 0 0 0 1061 8325212 2022121421
0.00 0 0 0 1061 8325212 2022121421
0.00 0 0 0 1061 8325212 2022121421
0.00 0 0 0 1061 8325212 2022121421
0.00 0 0 0 1061 8325212 2022121421
0.00 0 0 0 1061 8325212 2022121421
0.00 0 0 0 1061 8325212 2022121421
0.00 0 0 0 1061 8325212 2022121421
0.00 0 0 0 1061 8325212 2022121421
0.00 0 0 0 1061 8325212 2022121421
0.00 0 0 0 1061 8325212 2022121421
0.00 0 0 0 1061 8325212 2022121421
0.00 0 0 0 1061 8325212 2022121421
0.00 0 0 0 1061 8325212 2022121421
0.00 0 0 0 1061 8325212 2022121421
0.00 0 0 0 1061 8325212 2022121421
0.00 0 0 0 1061 8325212 2022121421
0.00 0 0 0 1061 8325212 2022121421
0.00 0 0 0 1061 8325212 2022121421
0.00 0 0 0 1061 8325212 2022121421
0.00 0 0 0 1061 8325212 2022121421
0.00 0 0 0 1061 8325212 2022121421
0.00 0 0 0 1061 8325212 2022121421
0.00 0 0 0 1061 8325212 2022121421
0.00 0 0 0 1061 8325212 2022121421
0.00 0 0 0 1061 8325212 2022121421
0.00 0 0 0 1061 8325212 2022121421
0.00 0 0 0 1061 8325212 2022121421
0.00 0 0 0 1061 8325212 2022121421
0.00 0 0 0 1061 8325212 2022121421
0.00 0 0 0 1061 8325212 2022121421
0.00 0 0 0 1061 8325212 2022121421
0.00 0 0 0 1061 8325212 2022121421
0.00 0 0 0 1061 8325212 2022121421
0.00 0 0 0 1061 8325212 2022121421
0.00 0 0 0 1061 8325212 2022121421
0.00 0 0 0 1061 8325212 2022121421
0.00 0 0 0 1061 8325212 2022121421
0.00 0 0 0 1061 8325212 2022121421
0.00 0 0 0 1061 8325212 2022121421
0.00 0 0 0 1061 8325212 2022121421
0.00 0 0 0 1061 8325212 2022121421
0.00 0 0 0 1061 8325212 2022121421
0.00 0 0 0 1061 8325212 2022121421
0.00 0 0 0 1061 8325212 2022121421
0.00 0 0 0 1061 8325212 2022121421
0.00 0 0 0 1061 8325212 2022121421
0.00 0 0 0 1061 8325212 2022121421
0.00 0 0 0 1061 8325212 2022121421
0.00 0 0 0 1061 8325212 2022121421
0.00 0 0 0 1061 8325212 2022121421
0.00 0 0 0 1061 8325212 2022121421
0.00 0 0 0 1061 8325212 2022121421
0.00 0 0 0 1061 8325212 2022121421
0.00 0 0 0 1061 8325212 2022121421
0.00 0 0 0 1061 8325212 2022121421
114 11 0 1 568 116793 2022121421
0.00 0 0 0 568 116793 2022121421
26.0 3 0 23 63 118797 2022121421
41.6 4 1 0 751 116837 2022121421
46.8 5 0 0 755 119313 2022121421
52.0 5 0 0 766 118431 2022121421
46.8 5 0 0 777 117170 2022121421
77.9 8 0 0 792 118310 2022121421
41.6 4 0 0 801 116911 2022121421
31.2 3 0 0 806 119318 2022121421
57.2 6 0 0 817 117448 2022121421
72.7 7 0 0 830 119661 2022121421
57.2 6 0 0 839 118274 2022121421
46.8 5 0 0 848 117840 2022121421
31.2 3 0 0 852 119259 2022121421
104 11 0 0 867 117863 2022121421
36.4 4 0 0 872 119259 2022121421
57.2 6 0 0 879 118050 2022121421
46.8 5 0 0 886 113322 2022121421
98.7 10 0 0 897 118069 2022121421
41.6 4 0 0 904 121939 2022121421
41.6 4 0 0 908 119638 2022121421
62.4 6 0 0 915 113763 2022121421
83.1 8 0 0 923 119215 2022121421
62.4 6 0 0 932 117741 2022121421
52.0 5 0 0 936 117664 2022121421
36.4 4 0 0 940 119929 2022121421
114 12 0 0 950 116919 2022121421
41.6 4 0 0 954 119462 2022121421
62.4 6 0 6 195 117280 2022121421
46.8 5 0 0 561 119743 2022121421
46.8 5 0 0 677 117534 2022121421
36.4 4 0 0 681 116997 2022121421
15.6 2 0 0 683 118359 2022121421
57.2 6 0 0 692 117477 2022121421
57.2 6 0 0 699 119222 2022121421
57.2 6 0 0 706 117988 2022121421
36.4 4 0 0 710 117267 2022121421
20.8 2 0 0 711 118857 2022121421
93.5 10 0 0 722 117218 2022121421
20.8 2 0 0 725 118193 2022121421
62.4 6 0 0 732 117142 2022121421
57.2 6 0 0 736 118723 2022121421
31.2 3 0 0 737 117771 2022121421
26.0 3 0 0 741 118744 2022121421
93.5 9 0 0 748 113676 2022121421
31.2 3 0 0 751 117071 2022121421
62.4 6 0 0 754 117065 2022121421
26.0 3 0 0 757 117715 2022121421
88.3 9 0 0 762 117816 2022121421
36.4 4 0 0 765 117480 2022121421
31.2 3 0 0 768 119404 2022121421
57.2 6 0 0 770 117745 2022121421
67.6 7 0 0 776 116925 2022121421
57.2 6 0 0 777 117441 2022121421
36.4 4 0 0 780 117565 2022121421
31.2 3 0 0 783 117054 2022121421
93.5 10 0 0 785 117801 2022121421
36.4 4 0 0 788 117596 2022121421
57.2 6 0 0 790 119238 2022121421
36.4 4 0 0 791 117064 2022121421
93.5 9 0 0 794 121853 2022121421
36.4 4 0 0 795 117240 2022121421
31.2 3 0 0 797 113769 2022121421
62.4 6 0 0 797 119306 2022121421
67.6 7 0 0 799 116949 2022121421
57.2 6 0 0 801 119151 2022121421
41.6 4 0 0 801 117301 2022121421
31.2 3 0 0 802 117600 2022121421
98.7 10 0 0 803 117617 2022121421
36.4 4 0 0 805 119063 2022121421
57.2 6 0 0 805 117372 2022121421
36.4 4 0 0 806 117027 2022121421
93.5 10 0 0 808 119024 2022121421
0.00 0 0 0 808 119024 2022121421
72.7 8 0 0 809 117516 2022121421
67.6 7 0 0 809 117191 2022121421
36.4 4 0 0 810 116982 2022121421
26.0 3 0 0 810 118448 2022121421
104 11 0 0 810 116958 2022121421
31.2 3 0 0 812 119087 2022121421
62.4 6 0 0 812 117166 2022121421
36.4 4 0 0 812 117026 2022121421
88.3 9 0 0 812 117179 2022121421
41.6 4 0 0 812 117933 2022121421
36.4 4 0 0 812 119107 2022121421
57.2 6 0 0 812 113767 2022121421
77.9 8 0 0 812 118623 2022121421
46.8 5 0 0 812 118397 2022121421
46.8 5 0 0 812 117970 2022121421
41.6 4 0 0 812 118587 2022121421
88.3 9 0 0 812 117391 2022121421
41.6 4 0 0 812 118622 2022121421
46.8 5 0 0 812 118569 2022121421
46.8 5 0 0 812 117484 2022121421
83.1 8 0 0 812 118462 2022121421
52.0 5 0 0 812 117501 2022121421
36.4 4 0 0 812 118445 2022121421
46.8 5 0 0 812 118328 2022121421
67.6 7 0 0 812 117041 2022121421
15.6 2 0 0 812 122516 2022121421
104 10 0 0 812 112924 2022121421
31.2 3 0 0 812 119153 2022121421
62.4 6 0 0 812 114014 2022121421
41.6 4 0 0 812 116918 2022121421
93.5 9 0 0 812 118120 2022121421
41.6 4 0 0 812 112934 2022121421
26.0 3 0 0 812 119450 2022121421
62.4 6 0 5 118 117958 2022121421
46.8 5 0 0 569 123307 2022121421
36.4 4 0 0 583 116866 2022121421
0.00 0 1 0 586 118660 2022121421
41.6 4 0 0 598 118249 2022121421
46.8 5 0 0 609 118583 2022121421
52.0 5 0 0 619 118306 2022121421
31.2 3 0 0 626 117019 2022121421
15.6 2 0 0 628 118387 2022121421
77.9 8 0 0 643 117119 2022121421
20.8 2 0 0 648 117579 2022121421
57.2 6 0 0 656 117044 2022121421
26.0 3 0 0 656 118560 2022121421
83.1 8 0 0 672 116862 2022121421
0.00 0 1 0 675 122626 2022121421
52.0 5 0 0 683 117060 2022121421
26.0 3 0 0 688 117293 2022121421
83.1 9 0 0 699 117914 2022121421
31.2 3 0 0 699 117662 2022121421
26.0 3 0 0 703 118374 2022121421
57.2 6 0 0 711 117733 2022121421
57.2 6 0 0 718 115523 2022121421
57.2 6 0 0 723 117558 2022121421
31.2 3 0 0 728 117613 2022121421
26.0 3 0 0 730 122618 2022121421
93.5 9 0 0 739 117512 2022121421
26.0 3 0 0 740 118159 2022121421
62.4 6 0 0 745 117711 2022121421
31.2 3 0 0 748 117706 2022121421
88.3 9 0 0 755 117560 2022121421
36.4 4 0 0 757 117017 2022121421
26.0 3 0 0 759 119025 2022121421
52.0 5 0 0 762 117201 2022121421
67.6 7 0 0 769 118146 2022121421
0.00 0 0 0 769 118146 2022121421
88.3 9 0 0 773 117817 2022121421
67.6 7 0 0 777 117601 2022121421
36.4 4 0 0 779 117530 2022121421
26.0 3 0 0 780 117831 2022121421
98.7 10 0 0 785 117109 2022121421
26.0 3 0 0 785 122502 2022121421
67.6 7 0 0 788 117488 2022121421
36.4 4 0 0 790 117285 2022121421
93.5 10 0 0 792 117142 2022121421
31.2 3 0 0 794 117012 2022121421
31.2 3 0 0 795 119093 2022121421
62.4 6 0 0 797 117808 2022121421
67.6 7 0 0 799 119567 2022121421
62.4 6 0 0 801 117672 2022121421
36.4 4 0 0 801 117711 2022121421
31.2 3 0 0 802 119247 2022121421
98.7 10 0 0 803 117500 2022121421
31.2 3 0 0 805 119498 2022121421
62.4 6 0 0 806 117574 2022121421
36.4 4 0 0 806 117413 2022121421
93.5 9 0 0 809 117590 2022121421
36.4 4 0 0 809 117653 2022121421
36.4 4 0 0 809 117734 2022121421
62.4 6 0 0 810 120562 2022121421
67.6 7 0 0 812 117492 2022121421
62.4 6 0 0 812 119189 2022121421
36.4 4 0 0 812 117182 2022121421
36.4 4 0 0 812 116935 2022121421
98.7 10 0 0 813 118191 2022121421
36.4 4 0 0 813 119434 2022121421
57.2 6 0 0 813 116972 2022121421
36.4 4 0 0 813 117057 2022121421
93.5 10 0 0 813 117055 2022121421
36.4 4 0 0 813 117685 2022121421
36.4 4 0 0 813 119329 2022121421
62.4 6 0 0 813 117805 2022121421
72.7 8 0 0 813 119801 2022121421
62.4 6 0 0 813 118715 2022121421
31.2 3 0 0 813 120844 2022121421
36.4 4 0 26 113 117262 2022121421
67.6 7 0 10 525 119577 2022121421
31.2 3 0 0 569 119962 2022121421
0.00 0 1 0 579 119060 2022121421
41.6 4 0 0 588 117666 2022121421
77.9 8 0 0 602 119055 2022121421
15.6 2 0 0 610 117351 2022121421
41.6 4 0 0 610 117351 2022121421
36.4 4 0 0 621 118138 2022121421
62.4 7 0 0 631 117748 2022121421
31.2 3 0 0 641 115116 2022121421
52.0 5 0 0 650 117514 2022121421
20.8 2 0 0 650 121947 2022121421
52.0 5 0 0 659 117039 2022121421
31.2 3 0 0 664 122204 2022121421
31.7 1943 9 90 664 122204 2022121421
