16.3 2 0 0 27 88014 2022121419
11.4 2 1 0 55 88010 2022121419
21.2 3 0 0 110 88153 2022121419
41.6 4 0 0 220 88507 2022121419
135 14 0 79 285 92569 2022121419
0.00 0 1 0 257 88021 2022121419
46.8 5 1 0 292 90960 2022121419
26.0 3 1 0 297 88528 2022121419
41.6 5 0 0 303 93953 2022121419
5.20 1 0 0 308 88247 2022121419
36.4 4 0 0 313 88151 2022121419
46.8 5 0 0 319 88273 2022121419
26.0 3 1 0 325 87994 2022121419
26.0 3 1 0 329 87986 2022121419
26.0 3 0 0 333 88102 2022121419
26.0 3 0 0 337 88189 2022121419
31.2 4 0 0 341 88083 2022121419
52.0 5 0 0 346 88533 2022121419
0.00 0 1 0 348 88009 2022121419
57.2 6 0 0 353 88944 2022121419
26.0 3 1 0 358 88038 2022121419
31.2 3 0 0 361 88007 2022121419
36.4 4 0 0 364 88861 2022121419
20.8 2 0 0 366 88279 2022121419
31.2 3 1 0 369 88003 2022121419
57.2 6 0 0 372 88041 2022121419
31.2 3 1 0 376 88051 2022121419
26.0 3 0 0 377 88576 2022121419
36.4 4 0 0 380 87980 2022121419
31.2 4 0 0 383 88029 2022121419
31.2 3 1 0 384 88008 2022121419
62.4 6 0 0 387 88065 2022121419
0.00 0 1 0 387 88441 2022121419
52.0 5 0 0 390 89386 2022121419
41.6 4 0 0 391 88046 2022121419
36.4 4 0 0 394 88019 2022121419
31.2 3 1 0 395 88026 2022121419
31.2 3 0 0 397 88223 2022121419
31.2 3 1 0 398 88287 2022121419
57.2 6 0 0 399 88067 2022121419
41.6 4 0 0 401 88164 2022121419
5.20 1 0 0 402 88205 2022121419
57.2 6 0 0 404 88011 2022121419
36.4 4 0 0 404 88651 2022121419
36.4 4 0 0 405 88245 2022121419
52.0 5 0 0 405 88591 2022121419
10.4 1 0 0 406 88032 2022121419
36.4 4 0 0 406 88346 2022121419
62.4 6 0 0 408 88006 2022121419
36.4 4 1 0 408 87979 2022121419
31.2 4 0 0 408 88261 2022121419
31.2 3 0 0 408 88024 2022121419
36.4 4 0 0 409 88057 2022121419
36.4 4 0 0 409 88047 2022121419
62.4 6 0 0 409 88018 2022121419
0.00 0 1 0 409 88004 2022121419
62.4 6 0 0 409 88849 2022121419
36.4 4 0 0 409 88027 2022121419
36.4 4 0 0 409 87984 2022121419
36.4 4 0 0 409 88024 2022121419
31.2 3 0 0 409 88270 2022121419
31.2 3 1 0 409 88031 2022121419
62.4 7 0 0 409 88395 2022121419
36.4 4 0 0 409 88037 2022121419
36.4 4 0 0 409 88030 2022121419
31.2 3 0 0 409 88009 2022121419
36.4 4 0 0 409 89090 2022121419
31.2 3 1 0 409 88029 2022121419
57.2 6 0 0 409 88007 2022121419
10.4 1 0 0 409 88035 2022121419
52.0 5 0 0 409 87989 2022121419
46.8 5 0 0 409 88414 2022121419
36.4 4 0 0 409 88023 2022121419
36.4 4 0 0 409 90040 2022121419
31.2 3 0 0 409 88012 2022121419
31.2 3 0 0 409 88017 2022121419
46.8 5 0 0 409 88015 2022121419
46.8 5 0 0 409 88078 2022121419
41.6 5 0 0 409 88033 2022121419
20.8 2 0 0 410 88008 2022121419
46.8 5 0 0 410 88434 2022121419
36.4 4 0 0 410 88038 2022121419
41.6 4 0 0 412 88029 2022121419
26.0 3 0 0 412 87993 2022121419
36.4 4 0 0 412 88016 2022121419
52.0 6 0 0 413 88032 2022121419
41.6 4 0 0 413 88011 2022121419
36.4 4 0 0 415 88063 2022121419
36.4 4 0 0 415 88025 2022121419
36.4 4 0 0 416 88014 2022121419
36.4 4 0 0 417 88022 2022121419
52.0 5 0 0 419 88151 2022121419
46.8 5 0 0 420 87999 2022121419
20.8 2 0 0 420 89371 2022121419
46.8 5 0 0 421 87997 2022121419
36.4 4 0 0 423 88008 2022121419
41.6 5 0 0 424 88032 2022121419
31.2 3 0 0 426 88010 2022121419
36.4 4 0 0 427 87980 2022121419
52.0 5 0 0 430 88036 2022121419
52.0 5 0 0 431 87997 2022121419
36.4 4 0 0 432 87982 2022121419
26.0 3 0 0 434 88004 2022121419
46.8 5 0 0 437 87994 2022121419
41.6 4 0 0 439 88166 2022121419
52.0 5 0 0 442 88004 2022121419
52.0 5 0 0 445 88019 2022121419
15.6 2 0 0 446 88116 2022121419
52.0 6 0 0 450 87998 2022121419
46.8 5 0 0 455 88022 2022121419
41.6 5 0 0 457 88028 2022121419
36.4 4 0 0 459 87998 2022121419
41.6 4 0 0 463 87987 2022121419
46.8 5 0 0 467 88396 2022121419
57.2 6 0 0 470 88002 2022121419
52.0 6 0 0 475 88192 2022121419
20.8 2 0 0 477 88041 2022121419
57.2 6 0 0 482 88445 2022121419
46.8 5 0 0 488 87996 2022121419
52.0 6 0 0 492 88039 2022121419
57.2 6 0 0 497 88435 2022121419
20.8 2 0 0 500 88000 2022121419
62.4 6 0 0 506 88032 2022121419
57.2 6 0 0 512 88003 2022121419
46.8 5 0 0 518 88007 2022121419
41.6 4 0 0 521 88041 2022121419
46.8 5 0 0 528 87985 2022121419
52.0 5 0 0 535 88052 2022121419
67.6 7 0 0 541 88034 2022121419
62.4 7 0 0 550 88492 2022121419
31.2 3 0 0 552 88042 2022121419
62.4 6 0 0 561 88108 2022121419
52.0 5 0 0 569 88051 2022121419
57.2 6 0 0 576 88045 2022121419
72.7 7 0 0 584 88059 2022121419
26.0 3 0 0 590 87990 2022121419
72.7 7 0 0 598 88007 2022121419
72.7 7 0 0 609 88265 2022121419
57.2 6 0 0 617 88057 2022121419
36.4 4 0 0 621 88136 2022121419
72.7 8 0 0 632 88017 2022121419
62.4 6 0 0 643 88002 2022121419
77.9 8 0 0 653 88150 2022121419
77.9 8 0 0 663 88139 2022121419
26.0 3 0 0 670 88012 2022121419
72.7 8 0 0 679 87993 2022121419
72.7 8 0 0 693 87998 2022121419
62.4 6 0 0 706 88041 2022121419
83.1 9 0 0 717 88092 2022121419
31.2 3 0 0 725 88186 2022121419
72.7 8 0 0 736 88080 2022121419
77.9 8 0 0 748 88083 2022121419
83.1 9 0 0 765 88143 2022121419
36.4 4 0 0 770 88039 2022121419
83.1 8 0 0 785 87996 2022121419
72.7 8 0 0 801 88067 2022121419
77.9 8 0 0 814 88018 2022121419
88.3 9 0 0 830 88007 2022121419
41.6 4 0 0 838 88039 2022121419
93.5 10 0 0 853 88067 2022121419
93.5 9 0 0 871 88188 2022121419
77.9 8 0 0 888 88103 2022121419
88.3 9 0 0 904 88048 2022121419
52.0 5 0 0 914 88202 2022121419
88.3 9 0 0 930 88285 2022121419
104 11 0 0 945 88014 2022121419
104 11 0 0 967 88117 2022121419
41.6 4 0 0 976 88248 2022121419
104 11 0 0 996 88327 2022121419
98.7 10 0 0 1016 88142 2022121419
93.5 10 0 0 1035 88259 2022121419
120 12 0 0 1053 88032 2022121419
41.6 4 0 0 1067 88021 2022121419
120 12 0 0 1086 88026 2022121419
114 11 0 0 1105 88154 2022121419
109 11 0 0 1130 88136 2022121419
109 11 0 0 1152 88065 2022121419
67.6 7 0 0 1165 88650 2022121419
109 11 0 0 1188 88064 2022121419
135 14 0 0 1209 88042 2022121419
125 13 0 0 1234 88163 2022121419
46.8 5 0 0 1247 88073 2022121419
140 14 0 0 1269 88084 2022121419
135 14 0 0 1298 88498 2022121419
120 12 0 0 1325 88192 2022121419
140 14 0 0 1348 88249 2022121419
72.7 7 0 0 1365 88416 2022121419
135 14 0 0 1389 88174 2022121419
156 15 0 0 1418 88231 2022121419
151 15 0 0 1447 88123 2022121419
72.7 7 0 0 1457 88060 2022121419
156 15 0 0 1489 88513 2022121419
135 13 0 0 1519 88255 2022121419
151 15 0 0 1547 88161 2022121419
171 17 0 0 1574 88119 2022121419
67.6 7 0 0 1594 88086 2022121419
177 18 0 0 1622 88264 2022121419
177 18 0 0 1656 88626 2022121419
156 16 0 0 1690 89986 2022121419
161 16 0 0 1720 88367 2022121419
104 10 0 0 1740 88433 2022121419
166 17 0 0 1773 88348 2022121419
187 18 0 0 1804 88374 2022121419
197 19 0 0 1839 88291 2022121419
77.9 8 0 0 1858 88183 2022121419
182 18 0 308 1260 88146 2022121419
0.00 0 2 338 1006 96170 2022121419
0.00 0 2 192 832 99660 2022121419
104 11 0 86 744 99667 2022121419
0.00 0 1 4 748 99662 2022121419
140 14 0 5 741 99672 2022121419
114 11 0 1 602 99467 2022121419
26.0 3 0 2 523 87965 2022121419
125 13 0 0 529 88099 2022121419
67.6 7 0 0 535 88150 2022121419
31.2 3 0 0 537 88067 2022121419
52.0 6 0 0 543 88075 2022121419
57.2 6 0 0 548 88232 2022121419
57.2 6 0 0 554 88025 2022121419
57.2 6 0 0 559 88170 2022121419
26.0 3 0 0 562 88067 2022121419
62.4 6 0 0 568 88240 2022121419
57.2 6 0 0 572 88026 2022121419
57.2 6 0 0 576 88454 2022121419
62.4 6 0 0 580 88221 2022121419
26.0 3 0 0 581 88008 2022121419
62.4 6 0 0 586 88309 2022121419
62.4 6 0 0 590 88279 2022121419
57.2 6 0 0 592 88167 2022121419
36.4 4 0 0 594 88026 2022121419
57.2 6 0 0 598 88040 2022121419
62.4 6 0 0 601 88339 2022121419
62.4 6 0 0 605 88096 2022121419
62.4 6 0 0 606 88064 2022121419
31.2 3 0 0 608 87998 2022121419
67.6 7 0 0 610 88222 2022121419
62.4 7 0 0 613 88069 2022121419
57.2 6 0 0 614 88051 2022121419
67.6 7 0 0 617 88100 2022121419
31.2 3 0 0 617 88189 2022121419
62.4 6 0 0 620 88096 2022121419
67.6 7 0 0 621 88020 2022121419
67.6 7 0 0 623 88523 2022121419
26.0 3 0 0 624 88035 2022121419
67.6 7 0 0 626 88036 2022121419
62.4 6 0 0 627 88029 2022121419
67.6 7 0 0 628 88073 2022121419
62.4 6 0 0 630 88104 2022121419
36.4 4 0 0 630 88087 2022121419
62.4 6 0 0 631 88098 2022121419
67.6 7 0 0 631 88067 2022121419
62.4 6 0 0 632 88356 2022121419
67.6 7 0 0 632 88036 2022121419
31.2 3 0 0 632 88317 2022121419
67.6 7 0 0 634 88032 2022121419
62.4 7 0 0 634 88003 2022121419
72.7 8 0 0 634 88036 2022121419
26.0 3 0 0 635 88120 2022121419
72.7 8 0 0 635 88041 2022121419
62.4 7 0 0 635 88015 2022121419
67.6 7 0 0 635 88121 2022121419
62.4 7 0 0 635 88039 2022121419
36.4 4 0 0 635 88170 2022121419
62.4 7 0 0 635 88003 2022121419
67.6 7 0 0 635 88091 2022121419
67.6 7 0 0 635 88104 2022121419
67.6 7 0 0 635 88006 2022121419
36.4 4 0 0 635 88142 2022121419
62.4 7 0 0 635 88217 2022121419
62.4 6 0 0 635 88067 2022121419
67.6 7 0 0 635 88000 2022121419
31.2 3 0 0 635 88001 2022121419
67.6 7 0 0 635 88010 2022121419
72.7 8 0 0 635 88023 2022121419
62.4 7 0 0 635 87988 2022121419
62.4 6 0 0 635 88041 2022121419
36.4 4 0 0 635 88005 2022121419
62.4 6 0 0 635 88022 2022121419
67.6 7 0 0 635 88030 2022121419
72.7 8 0 0 635 88016 2022121419
62.4 7 0 0 635 88091 2022121419
31.2 3 0 0 635 88226 2022121419
67.6 7 0 0 635 88007 2022121419
62.4 6 0 0 635 88088 2022121419
67.6 7 0 0 637 88038 2022121419
36.4 4 0 0 637 88092 2022121419
62.4 7 0 0 637 88253 2022121419
67.6 7 0 0 637 88018 2022121419
62.4 6 0 0 638 88441 2022121419
67.6 7 0 0 638 88020 2022121419
36.4 4 0 0 639 88002 2022121419
67.6 7 0 0 639 88034 2022121419
62.4 7 0 0 641 88039 2022121419
72.7 8 0 0 641 88032 2022121419
57.2 6 0 0 642 88030 2022121419
36.4 4 0 0 642 88052 2022121419
67.6 7 0 0 643 88028 2022121419
67.6 7 0 0 645 88075 2022121419
67.6 7 0 0 648 88028 2022121419
31.2 3 0 0 648 88029 2022121419
67.6 7 0 0 649 88032 2022121419
67.6 7 0 0 650 88027 2022121419
67.6 7 0 0 653 88070 2022121419
67.6 7 0 0 654 88082 2022121419
36.4 4 0 0 654 88000 2022121419
67.6 7 0 0 657 88037 2022121419
67.6 7 0 0 659 88226 2022121419
67.6 7 0 0 661 88001 2022121419
67.6 7 0 0 664 88003 2022121419
36.4 4 0 0 666 88017 2022121419
67.6 7 0 0 668 88023 2022121419
67.6 7 0 0 671 88037 2022121419
72.7 7 0 0 674 87999 2022121419
31.2 3 0 0 675 87995 2022121419
72.7 8 0 0 679 88020 2022121419
72.7 8 0 0 682 88007 2022121419
67.6 7 0 0 686 88017 2022121419
72.7 8 0 0 690 88005 2022121419
36.4 4 0 0 692 88031 2022121419
67.6 7 0 0 696 87994 2022121419
72.7 8 0 0 700 87984 2022121419
72.7 8 0 0 706 88011 2022121419
72.7 8 0 0 710 88008 2022121419
36.4 4 0 0 712 88004 2022121419
77.9 8 0 0 717 87997 2022121419
67.6 7 0 0 723 88023 2022121419
77.9 8 0 0 728 88018 2022121419
41.6 4 0 0 730 87984 2022121419
72.7 8 0 0 736 88023 2022121419
72.7 7 0 0 743 88004 2022121419
83.1 8 0 0 748 88044 2022121419
72.7 8 0 0 757 88037 2022121419
41.6 4 0 0 759 88025 2022121419
77.9 8 0 0 766 88000 2022121419
77.9 8 0 0 773 88102 2022121419
77.9 8 0 0 780 88045 2022121419
88.3 9 0 0 788 88055 2022121419
36.4 4 0 0 792 88238 2022121419
77.9 8 0 0 801 88051 2022121419
88.3 9 0 0 809 89295 2022121419
77.9 8 0 0 819 88012 2022121419
46.8 5 0 0 823 88181 2022121419
77.9 8 0 0 832 88036 2022121419
88.3 9 0 0 841 88189 2022121419
88.3 9 0 0 850 88379 2022121419
93.5 10 0 0 861 88177 2022121419
41.6 4 0 0 867 88061 2022121419
88.3 9 0 0 876 88043 2022121419
88.3 9 0 0 888 88289 2022121419
88.3 9 0 87 681 97666 2022121419
5.20 1 1 24 626 87938 2022121419
20.8 2 0 0 627 88139 2022121419
135 14 0 0 639 87972 2022121419
72.7 8 0 0 649 87999 2022121419
67.6 7 0 0 660 88037 2022121419
31.2 3 0 0 666 88032 2022121419
67.6 7 0 0 677 88291 2022121419
72.7 8 0 0 686 87998 2022121419
67.6 7 0 0 694 87995 2022121419
72.7 8 0 0 704 88653 2022121419
36.4 4 0 0 708 93554 2022121419
67.6 7 0 0 718 95255 2022121419
67.6 7 0 0 725 96361 2022121419
67.6 7 0 0 733 97488 2022121419
67.6 7 0 0 741 98525 2022121419
36.4 4 0 0 745 98935 2022121419
67.6 7 0 3 606 99242 2022121419
0.00 0 2 2 523 88012 2022121419
114 12 0 0 530 88096 2022121419
36.4 4 0 0 533 88011 2022121419
57.2 6 0 0 539 88089 2022121419
52.0 6 0 0 546 88036 2022121419
57.2 6 0 0 550 88030 2022121419
57.2 6 0 0 555 88069 2022121419
26.0 3 0 0 558 88144 2022121419
57.2 6 0 0 563 88015 2022121419
62.4 6 0 0 568 88006 2022121419
57.2 6 0 0 573 87986 2022121419
57.2 6 0 0 577 88147 2022121419
36.4 4 0 0 579 88038 2022121419
57.2 6 0 0 583 88005 2022121419
62.4 6 0 0 587 88169 2022121419
62.4 6 0 0 591 88010 2022121419
26.0 3 0 0 592 88041 2022121419
62.4 6 0 0 597 88078 2022121419
62.4 6 0 0 599 88111 2022121419
62.4 6 0 0 603 88133 2022121419
62.4 6 0 0 605 88212 2022121419
31.2 3 0 0 608 88020 2022121419
62.4 6 0 0 609 87984 2022121419
62.4 6 0 0 612 88051 2022121419
67.6 7 0 0 614 88443 2022121419
31.2 3 0 0 614 88005 2022121419
62.4 6 0 0 617 88415 2022121419
62.4 6 0 0 619 88009 2022121419
62.4 6 0 0 620 88120 2022121419
67.6 7 0 0 623 88103 2022121419
31.2 3 0 0 623 88063 2022121419
67.6 7 0 0 626 88035 2022121419
67.6 7 0 0 627 88025 2022121419
62.4 7 0 0 628 88036 2022121419
62.4 6 0 0 630 88004 2022121419
36.4 4 0 0 630 88007 2022121419
62.4 6 0 0 631 88026 2022121419
67.6 7 0 0 632 88015 2022121419
67.6 7 0 0 632 88024 2022121419
31.2 3 0 0 634 88073 2022121419
62.4 6 0 0 634 88061 2022121419
67.6 7 0 0 634 87999 2022121419
62.4 6 0 0 635 87988 2022121419
67.6 7 0 0 635 88100 2022121419
36.4 4 0 0 635 88102 2022121419
67.6 7 0 0 637 88059 2022121419
62.4 6 0 0 637 88267 2022121419
67.6 7 0 0 637 88072 2022121419
62.4 6 0 0 637 88004 2022121419
36.4 4 0 0 637 88034 2022121419
67.6 7 0 0 637 88026 2022121419
67.6 7 0 0 637 88010 2022121419
62.4 6 0 0 637 88008 2022121419
36.4 4 0 0 637 88025 2022121419
62.4 6 0 0 637 88021 2022121419
67.6 7 0 0 637 88007 2022121419
67.6 7 0 0 637 88108 2022121419
67.6 7 0 0 637 88024 2022121419
31.2 3 0 0 637 88183 2022121419
67.6 7 0 0 637 88014 2022121419
62.4 6 0 0 637 88044 2022121419
67.6 7 0 0 637 88076 2022121419
67.6 7 0 0 637 88077 2022121419
31.2 3 0 0 637 88004 2022121419
67.6 7 0 0 637 88010 2022121419
67.6 7 0 0 637 88019 2022121419
62.4 6 0 0 637 88012 2022121419
31.2 3 0 0 637 88042 2022121419
67.6 7 0 0 637 87997 2022121419
67.6 7 0 0 637 87990 2022121419
67.6 7 0 0 637 87989 2022121419
67.6 7 0 0 637 88219 2022121419
31.2 3 0 0 637 87992 2022121419
62.4 6 0 0 638 88008 2022121419
67.6 7 0 0 638 88035 2022121419
67.6 7 0 0 638 88012 2022121419
67.6 7 0 0 639 88018 2022121419
31.2 3 0 0 639 87999 2022121419
67.6 7 0 0 641 88034 2022121419
67.6 7 0 0 641 88022 2022121419
62.4 6 0 0 642 88046 2022121419
36.4 4 0 0 642 88063 2022121419
67.6 7 0 0 643 88007 2022121419
62.4 6 0 0 645 87983 2022121419
67.6 7 0 0 645 87998 2022121419
67.6 7 0 0 646 88005 2022121419
36.4 4 0 0 648 88033 2022121419
67.6 7 0 0 649 88017 2022121419
67.6 7 0 0 650 88025 2022121419
67.6 7 0 0 652 88016 2022121419
67.6 7 0 0 653 88040 2022121419
31.2 3 0 0 654 88010 2022121419
72.7 8 0 0 656 88000 2022121419
62.4 6 0 0 659 88001 2022121419
72.7 8 0 0 660 88065 2022121419
31.2 3 0 0 661 88001 2022121419
67.6 7 0 0 664 88020 2022121419
72.7 8 0 0 667 88075 2022121419
67.6 7 0 0 670 88017 2022121419
67.6 7 0 0 672 88036 2022121419
36.4 4 0 0 674 88016 2022121419
67.6 7 0 0 678 88015 2022121419
67.6 7 0 0 681 88033 2022121419
72.7 8 0 0 685 87985 2022121419
72.7 8 0 0 688 87979 2022121419
36.4 4 0 0 690 88016 2022121419
67.6 7 0 0 693 88104 2022121419
77.9 8 0 0 697 88042 2022121419
67.6 7 0 0 701 88029 2022121419
36.4 4 0 0 704 88003 2022121419
72.7 8 0 0 708 88063 2022121419
72.7 7 0 0 714 88042 2022121419
77.9 8 0 0 718 88029 2022121419
72.7 8 0 0 723 88004 2022121419
36.4 4 0 0 726 88042 2022121419
77.9 8 0 0 732 87994 2022121419
72.7 8 0 0 739 87992 2022121419
77.9 8 0 0 744 88056 2022121419
77.9 8 0 0 751 88647 2022121419
36.4 4 0 0 754 88022 2022121419
77.9 8 0 0 761 88033 2022121419
77.9 8 0 0 768 88066 2022121419
83.1 8 0 0 774 88022 2022121419
36.4 4 0 0 779 88024 2022121419
83.1 8 0 0 785 88031 2022121419
77.9 8 0 0 794 88054 2022121419
83.1 8 0 0 802 88039 2022121419
83.1 8 0 0 810 88041 2022121419
41.6 4 0 0 816 88096 2022121419
88.3 9 0 0 824 88055 2022121419
83.1 9 0 0 832 88042 2022121419
83.1 8 0 0 842 88081 2022121419
83.1 9 0 0 852 88107 2022121419
46.8 5 0 0 859 88082 2022121419
93.5 10 0 0 868 88166 2022121419
88.3 9 0 0 878 88073 2022121419
88.3 9 0 14 814 98134 2022121419
20.8 2 0 90 605 99156 2022121419
0.00 0 2 1 621 88126 2022121419
135 13 0 0 632 88048 2022121419
77.9 8 0 0 642 88048 2022121419
67.6 7 0 0 653 88035 2022121419
31.2 3 0 0 659 88000 2022121419
67.6 7 0 0 670 88046 2022121419
67.6 7 0 0 679 88002 2022121419
67.6 7 0 0 688 88014 2022121419
72.7 7 0 0 697 88378 2022121419
36.4 4 0 0 701 88013 2022121419
72.7 7 0 0 711 93455 2022121419
67.6 7 0 0 719 95421 2022121419
72.7 8 0 0 726 96358 2022121419
31.2 3 0 0 730 97028 2022121419
67.6 7 0 0 739 98177 2022121419
67.6 7 0 0 745 98973 2022121419
62.4 7 0 3 587 99136 2022121419
0.00 0 2 2 523 88223 2022121419
72.7 7 0 0 528 88208 2022121419
83.1 8 0 0 533 87991 2022121419
57.2 6 0 0 539 88125 2022121419
57.2 6 0 0 546 88121 2022121419
52.0 6 0 0 551 88146 2022121419
31.2 3 0 0 552 88066 2022121419
57.2 6 0 0 558 88127 2022121419
57.2 6 0 0 563 88028 2022121419
57.2 6 0 0 569 88076 2022121419
31.2 3 0 0 570 88039 2022121419
62.4 6 0 0 575 88021 2022121419
57.2 6 0 0 579 88159 2022121419
57.2 6 0 0 583 88249 2022121419
62.4 6 0 0 587 88033 2022121419
31.2 3 0 0 590 88008 2022121419
57.2 6 0 0 592 88010 2022121419
67.6 7 0 0 597 88237 2022121419
57.2 6 0 0 599 88105 2022121419
62.4 6 0 0 602 88120 2022121419
31.2 3 0 0 605 88015 2022121419
62.4 6 0 0 608 88242 2022121419
62.4 6 0 0 609 88067 2022121419
67.6 7 0 0 612 88141 2022121419
26.0 3 0 0 613 88101 2022121419
62.4 6 0 0 614 88043 2022121419
67.6 7 0 0 617 88028 2022121419
62.4 6 0 0 619 88011 2022121419
67.6 7 0 0 621 88015 2022121419
31.2 3 0 0 621 88026 2022121419
67.6 7 0 0 623 88029 2022121419
62.4 6 0 0 626 88008 2022121419
62.4 6 0 0 627 88017 2022121419
67.6 7 0 0 628 88072 2022121419
31.2 3 0 0 630 88004 2022121419
67.6 7 0 0 630 88028 2022121419
67.6 7 0 0 631 88025 2022121419
62.4 6 0 0 632 88045 2022121419
31.2 3 0 0 632 88006 2022121419
62.4 6 0 0 632 88050 2022121419
67.6 7 0 0 634 88019 2022121419
67.6 7 0 0 635 88045 2022121419
67.6 7 0 0 635 88021 2022121419
31.2 3 0 0 635 88008 2022121419
67.6 7 0 0 635 88020 2022121419
62.4 6 0 0 637 88006 2022121419
67.6 7 0 0 637 87997 2022121419
67.6 7 0 0 637 88021 2022121419
31.2 3 0 0 637 88034 2022121419
67.6 7 0 0 637 88014 2022121419
67.6 7 0 0 637 88043 2022121419
62.4 6 0 0 637 88057 2022121419
36.4 4 0 0 637 88034 2022121419
67.6 7 0 0 637 88036 2022121419
62.4 6 0 0 637 88016 2022121419
67.6 7 0 0 637 87997 2022121419
67.6 7 0 0 637 88052 2022121419
31.2 3 0 0 637 88024 2022121419
67.6 7 0 0 637 88014 2022121419
67.6 7 0 0 637 88033 2022121419
62.4 6 0 0 637 88024 2022121419
67.6 7 0 0 637 88019 2022121419
31.2 3 0 0 637 88016 2022121419
67.6 7 0 0 637 88090 2022121419
67.6 7 0 0 637 88023 2022121419
67.6 7 0 0 637 88025 2022121419
31.2 3 0 0 637 88011 2022121419
67.6 7 0 0 637 88025 2022121419
62.4 6 0 0 637 88026 2022121419
72.7 8 0 0 637 88004 2022121419
62.4 7 0 0 637 88031 2022121419
31.2 3 0 0 637 88019 2022121419
67.6 7 0 0 637 88017 2022121419
67.6 7 0 0 638 88007 2022121419
62.4 6 0 0 638 88017 2022121419
67.6 7 0 0 638 88046 2022121419
31.2 3 0 0 639 88053 2022121419
67.6 7 0 0 639 89289 2022121419
60.2 3722 30 1241 639 89289 2022121419
426 2022121419
