13.7 2 0 0 27 118650 2022121423
0.00 0 1 0 55 119669 2022121423
8.58 1 0 0 110 119526 2022121423
14.9 2 0 0 187 118890 2022121423
37.8 4 0 0 373 117632 2022121423
62.9 6 0 0 375 122541 2022121423
72.2 7 0 0 750 117760 2022121423
171 17 0 0 1043 117743 2022121423
67.6 7 0 0 1070 117258 2022121423
41.6 4 0 0 1097 117589 2022121423
36.4 4 0 0 1123 117208 2022121423
93.5 9 0 5 613 117451 2022121423
88.3 9 0 2 620 119637 2022121423
10.4 1 0 0 832 117005 2022121423
36.4 4 0 0 841 118854 2022121423
52.0 5 0 0 852 118171 2022121423
88.3 9 0 0 870 119019 2022121423
52.0 5 0 0 879 118973 2022121423
52.0 5 0 0 889 117808 2022121423
36.4 4 0 0 896 119161 2022121423
109 11 0 0 915 117442 2022121423
36.4 4 0 0 921 122858 2022121423
57.2 6 0 0 929 122953 2022121423
57.2 6 0 0 939 117845 2022121423
93.5 10 0 0 952 119179 2022121423
57.2 6 0 0 963 118836 2022121423
77.9 8 0 0 972 117089 2022121423
15.6 2 0 0 976 117094 2022121423
83.1 8 0 0 987 117252 2022121423
36.4 4 0 0 991 117590 2022121423
125 12 0 0 1005 112838 2022121423
36.4 4 0 0 1009 117049 2022121423
41.6 4 0 0 1013 119232 2022121423
77.9 8 0 0 1023 117554 2022121423
88.3 9 0 0 1031 119391 2022121423
77.9 8 0 0 1038 117880 2022121423
46.8 5 0 0 1043 117256 2022121423
41.6 4 0 0 1046 119323 2022121423
125 13 0 0 1059 121738 2022121423
46.8 5 0 0 1063 118275 2022121423
77.9 8 0 0 1068 117374 2022121423
46.8 5 0 0 1072 117375 2022121423
130 13 0 0 1081 117145 2022121423
41.6 4 0 0 1085 117748 2022121423
52.0 5 0 0 1087 119048 2022121423
72.7 7 0 0 1093 117658 2022121423
104 10 0 0 1100 119278 2022121423
72.7 7 0 0 1104 117341 2022121423
52.0 5 0 0 1107 117981 2022121423
52.0 5 0 0 1110 118886 2022121423
130 13 0 0 1116 118158 2022121423
52.0 5 0 0 1119 119091 2022121423
77.9 8 0 0 1123 117548 2022121423
52.0 5 0 0 1126 118048 2022121423
130 13 0 0 1132 118082 2022121423
52.0 5 0 0 1133 122235 2022121423
57.2 6 0 0 1136 115571 2022121423
72.7 7 0 0 1140 117819 2022121423
109 11 0 0 1143 118862 2022121423
77.9 8 0 0 1144 117184 2022121423
46.8 5 0 0 1147 117195 2022121423
62.4 6 0 0 1150 117263 2022121423
120 12 0 0 1150 113264 2022121423
57.2 6 0 0 1150 117590 2022121423
52.0 5 0 0 1150 117384 2022121423
41.6 4 0 0 1150 113417 2022121423
98.7 10 0 0 1150 118120 2022121423
31.2 3 0 0 1150 117305 2022121423
57.2 6 0 0 1150 117496 2022121423
52.0 5 0 0 1150 117199 2022121423
46.8 5 0 0 1150 117304 2022121423
52.0 5 0 0 1150 117191 2022121423
88.3 9 0 0 1162 116970 2022121423
52.0 5 0 51 794 118516 2022121423
57.2 6 0 0 794 119490 2022121423
5.20 1 0 0 813 117396 2022121423
5.20 1 0 0 813 114349 2022121423
83.1 8 0 12 285 117448 2022121423
31.2 4 0 0 569 118183 2022121423
41.6 4 0 0 569 113501 2022121423
0.00 0 1 0 570 117268 2022121423
26.0 3 0 0 576 117509 2022121423
57.2 6 0 0 586 117520 2022121423
36.4 4 0 0 588 117336 2022121423
36.4 4 0 0 588 117398 2022121423
15.6 2 0 0 594 117302 2022121423
26.0 3 0 0 601 117275 2022121423
31.2 3 0 0 603 117617 2022121423
67.6 7 0 0 614 117759 2022121423
31.2 3 0 0 619 117824 2022121423
31.2 3 0 0 621 117034 2022121423
36.4 4 0 0 626 117235 2022121423
62.4 6 0 0 631 113688 2022121423
36.4 4 0 0 634 117500 2022121423
31.2 3 0 3 459 118016 2022121423
36.4 4 0 13 44 117788 2022121423
20.8 3 0 0 446 117467 2022121423
31.2 3 0 0 450 119020 2022121423
36.4 4 0 0 455 117411 2022121423
15.6 2 0 0 459 117347 2022121423
46.8 5 0 0 466 117848 2022121423
26.0 3 0 0 470 117707 2022121423
26.0 3 0 0 472 117134 2022121423
26.0 3 0 0 472 117496 2022121423
36.4 4 0 0 472 118506 2022121423
20.8 2 0 0 481 117228 2022121423
26.0 3 0 0 485 117388 2022121423
20.8 2 0 0 485 117333 2022121423
52.0 6 0 0 485 117335 2022121423
20.8 2 0 0 485 117480 2022121423
26.0 3 0 0 485 117517 2022121423
26.0 3 0 0 485 117332 2022121423
36.4 4 0 0 485 117273 2022121423
26.0 3 0 0 485 113335 2022121423
26.0 3 0 0 500 121259 2022121423
26.0 3 0 0 508 117367 2022121423
57.2 6 0 0 515 117392 2022121423
26.0 3 0 0 517 117593 2022121423
26.0 3 0 0 519 117237 2022121423
31.2 3 0 0 521 117449 2022121423
52.0 6 0 0 523 117197 2022121423
26.0 3 0 0 525 117349 2022121423
31.2 3 0 0 525 117447 2022121423
26.0 3 0 0 525 117363 2022121423
46.8 5 0 0 525 117680 2022121423
26.0 3 0 0 525 118615 2022121423
31.2 3 0 0 528 117360 2022121423
5.20 1 0 0 530 117507 2022121423
57.2 6 0 0 530 117345 2022121423
20.8 2 0 0 530 117464 2022121423
26.0 3 0 0 530 117542 2022121423
20.8 2 0 0 530 117405 2022121423
41.6 4 0 0 530 118307 2022121423
20.8 2 0 0 530 117557 2022121423
10.4 1 0 0 530 117484 2022121423
20.8 2 0 0 530 117658 2022121423
46.8 5 0 0 530 117494 2022121423
20.8 2 0 0 530 117509 2022121423
20.8 2 0 0 530 117288 2022121423
20.8 2 0 0 530 117372 2022121423
41.6 5 0 0 530 117264 2022121423
20.8 2 0 0 530 117230 2022121423
26.0 3 0 0 530 117477 2022121423
0.00 0 0 0 530 117477 2022121423
0.00 0 0 0 530 117477 2022121423
0.00 0 0 0 530 117477 2022121423
120 12 0 0 530 117388 2022121423
26.0 3 0 0 530 117264 2022121423
26.0 3 0 0 530 117405 2022121423
31.2 3 0 0 530 117453 2022121423
52.0 5 0 0 530 117459 2022121423
26.0 3 0 0 530 117324 2022121423
26.0 3 0 0 530 117708 2022121423
26.0 3 0 0 530 117292 2022121423
36.4 4 0 0 530 117331 2022121423
26.0 3 0 0 530 118047 2022121423
26.0 3 0 0 530 117429 2022121423
26.0 3 0 0 530 117174 2022121423
15.6 2 0 0 530 117419 2022121423
20.8 2 0 0 530 113271 2022121423
52.0 6 0 0 530 117149 2022121423
26.0 3 0 0 530 117285 2022121423
26.0 3 0 0 530 117327 2022121423
20.8 2 0 0 530 117209 2022121423
46.8 5 0 0 530 117493 2022121423
26.0 3 0 0 530 117262 2022121423
26.0 3 0 0 530 117202 2022121423
26.0 3 0 0 530 117348 2022121423
46.8 5 0 0 530 117313 2022121423
31.2 3 0 0 530 117343 2022121423
26.0 3 0 0 530 117207 2022121423
26.0 3 0 0 530 117272 2022121423
46.8 5 0 0 530 117408 2022121423
26.0 3 0 0 536 117303 2022121423
20.8 2 0 0 541 117185 2022121423
31.2 3 0 0 543 117376 2022121423
57.2 6 0 0 546 117236 2022121423
26.0 3 0 0 548 113370 2022121423
31.2 3 0 0 548 117331 2022121423
31.2 3 0 0 550 118577 2022121423
52.0 5 0 0 551 117405 2022121423
26.0 3 0 0 551 117442 2022121423
26.0 3 0 0 551 117411 2022121423
26.0 3 0 0 551 117362 2022121423
57.2 6 0 0 551 8429361 2022121423
0.00 0 0 0 551 8429361 2022121423
0.00 0 0 0 551 8429361 2022121423
0.00 0 0 0 551 8429361 2022121423
31.5 3 0 0 551 8429361 2022121423
0.00 0 0 0 551 8429361 2022121423
0.00 0 0 0 551 8429361 2022121423
0.00 0 0 0 551 8429361 2022121423
0.00 0 0 0 551 8429361 2022121423
0.00 0 0 0 551 8429361 2022121423
0.00 0 0 0 551 8429361 2022121423
0.00 0 0 0 551 8429361 2022121423
0.00 0 0 0 551 8429361 2022121423
0.00 0 0 0 551 8429361 2022121423
0.00 0 0 0 551 8429361 2022121423
0.00 0 0 0 551 8429361 2022121423
0.00 0 0 0 551 8429361 2022121423
0.00 0 0 0 551 8429361 2022121423
0.00 0 0 0 551 8429361 2022121423
0.00 0 0 0 551 8429361 2022121423
0.00 0 0 0 551 8429361 2022121423
0.00 0 0 0 551 8429361 2022121423
0.00 0 0 0 551 8429361 2022121423
0.00 0 0 0 551 8429361 2022121423
0.00 0 0 0 551 8429361 2022121423
0.00 0 0 0 551 8429361 2022121423
0.00 0 0 0 551 8429361 2022121423
0.00 0 0 0 551 8429361 2022121423
0.00 0 0 0 551 8429361 2022121423
0.00 0 0 0 551 8429361 2022121423
0.00 0 0 0 551 8429361 2022121423
0.00 0 0 0 551 8429361 2022121423
0.00 0 0 0 551 8429361 2022121423
0.00 0 0 0 551 8429361 2022121423
0.00 0 0 0 551 8429361 2022121423
0.00 0 0 0 551 8429361 2022121423
0.00 0 0 0 551 8429361 2022121423
0.00 0 0 0 551 8429361 2022121423
0.00 0 0 0 551 8429361 2022121423
0.00 0 0 0 551 8429361 2022121423
0.00 0 0 0 551 8429361 2022121423
0.00 0 0 0 551 8429361 2022121423
0.00 0 0 0 551 8429361 2022121423
0.00 0 0 0 551 8429361 2022121423
0.00 0 0 0 551 8429361 2022121423
0.00 0 0 0 551 8429361 2022121423
0.00 0 0 0 551 8429361 2022121423
0.00 0 0 0 551 8429361 2022121423
0.00 0 0 0 551 8429361 2022121423
0.00 0 0 0 551 8429361 2022121423
0.00 0 0 0 551 8429361 2022121423
0.00 0 0 0 551 8429361 2022121423
0.00 0 0 0 551 8429361 2022121423
0.00 0 0 0 551 8429361 2022121423
0.00 0 0 0 551 8429361 2022121423
0.00 0 0 0 551 8429361 2022121423
0.00 0 0 0 551 8429361 2022121423
0.00 0 0 0 551 8429361 2022121423
0.00 0 0 0 551 8429361 2022121423
0.00 0 0 0 551 8429361 2022121423
0.00 0 0 0 551 8429361 2022121423
0.00 0 0 0 551 8429361 2022121423
0.00 0 0 0 551 8429361 2022121423
0.00 0 0 0 551 8429361 2022121423
0.00 0 0 0 551 8429361 2022121423
0.00 0 0 0 551 8429361 2022121423
0.00 0 0 0 551 8429361 2022121423
0.00 0 0 0 551 8429361 2022121423
0.00 0 0 0 551 8429361 2022121423
0.00 0 0 0 551 8429361 2022121423
0.00 0 0 0 551 8429361 2022121423
0.00 0 0 0 551 8429361 2022121423
0.00 0 0 0 551 8429361 2022121423
0.00 0 0 0 551 8429361 2022121423
0.00 0 0 0 551 8429361 2022121423
0.00 0 0 0 551 8429361 2022121423
0.00 0 0 0 551 8429361 2022121423
0.00 0 0 0 551 8429361 2022121423
0.00 0 0 0 551 8429361 2022121423
0.00 0 0 0 551 8429361 2022121423
0.00 0 0 0 551 8429361 2022121423
0.00 0 0 0 551 8429361 2022121423
0.00 0 0 0 551 8429361 2022121423
0.00 0 0 0 551 8429361 2022121423
0.00 0 0 0 551 8429361 2022121423
0.00 0 0 0 551 8429361 2022121423
0.00 0 0 0 551 8429361 2022121423
0.00 0 0 0 551 8429361 2022121423
0.00 0 0 0 551 8429361 2022121423
0.00 0 0 0 551 8429361 2022121423
10.5 1 0 0 551 8429361 2022121423
124 12 0 0 551 118135 2022121423
0.00 0 0 0 551 118135 2022121423
5.20 1 0 0 841 117361 2022121423
0.00 0 0 0 841 117361 2022121423
0.00 0 0 0 841 117361 2022121423
0.00 0 0 0 841 117361 2022121423
0.00 0 0 0 841 117361 2022121423
156 15 0 0 841 117291 2022121423
0.00 0 0 0 841 117291 2022121423
0.00 0 0 0 841 117291 2022121423
0.00 0 0 0 841 117291 2022121423
151 15 0 0 841 113457 2022121423
0.00 0 0 0 841 113457 2022121423
0.00 0 0 0 841 113457 2022121423
0.00 0 0 0 841 113457 2022121423
208 20 0 8 679 120083 2022121423
0.00 0 0 0 679 120083 2022121423
0.00 0 0 0 679 120083 2022121423
0.00 0 0 0 679 120083 2022121423
140 14 0 0 725 117433 2022121423
0.00 0 0 0 725 117433 2022121423
0.00 0 0 0 725 117433 2022121423
0.00 0 0 0 725 117433 2022121423
203 20 0 0 758 117218 2022121423
0.00 0 0 0 758 117218 2022121423
0.00 0 0 0 758 117218 2022121423
0.00 0 0 0 758 117218 2022121423
0.00 0 0 0 758 117218 2022121423
0.00 0 0 0 758 117218 2022121423
136 13 0 0 758 9360836 2022121423
0.00 0 0 0 758 9360836 2022121423
136 13 0 51 783 113051 2022121423
0.00 0 0 0 783 113051 2022121423
0.00 0 0 0 783 113051 2022121423
0.00 0 0 0 783 113051 2022121423
0.00 0 0 0 783 113051 2022121423
0.00 0 0 0 783 113051 2022121423
0.00 0 0 0 783 113051 2022121423
0.00 0 0 0 783 113051 2022121423
0.00 0 0 0 783 113051 2022121423
0.00 0 0 0 783 113051 2022121423
0.00 0 0 0 783 113051 2022121423
0.00 0 0 0 783 113051 2022121423
0.00 0 0 0 783 113051 2022121423
0.00 0 0 0 783 113051 2022121423
0.00 0 0 0 783 113051 2022121423
0.00 0 0 0 783 113051 2022121423
0.00 0 0 0 783 113051 2022121423
0.00 0 0 0 783 113051 2022121423
0.00 0 0 0 783 113051 2022121423
0.00 0 0 0 783 113051 2022121423
0.00 0 0 0 783 113051 2022121423
0.00 0 0 0 783 113051 2022121423
0.00 0 0 0 783 113051 2022121423
0.00 0 0 0 783 113051 2022121423
0.00 0 0 0 783 113051 2022121423
0.00 0 0 0 783 113051 2022121423
0.00 0 0 0 783 113051 2022121423
0.00 0 0 0 783 113051 2022121423
0.00 0 0 0 783 113051 2022121423
0.00 0 0 0 783 113051 2022121423
0.00 0 0 0 783 113051 2022121423
0.00 0 0 0 783 113051 2022121423
0.00 0 0 0 783 113051 2022121423
0.00 0 0 0 783 113051 2022121423
0.00 0 0 0 783 113051 2022121423
0.00 0 0 0 783 113051 2022121423
0.00 0 0 0 783 113051 2022121423
0.00 0 0 0 783 113051 2022121423
0.00 0 0 0 783 113051 2022121423
0.00 0 0 0 783 113051 2022121423
0.00 0 0 0 783 113051 2022121423
0.00 0 0 0 783 113051 2022121423
0.00 0 0 0 783 113051 2022121423
0.00 0 0 0 783 113051 2022121423
0.00 0 0 0 783 113051 2022121423
0.00 0 0 0 783 113051 2022121423
0.00 0 0 0 783 113051 2022121423
0.00 0 0 0 783 113051 2022121423
0.00 0 0 0 783 113051 2022121423
0.00 0 0 0 783 113051 2022121423
0.00 0 0 0 783 113051 2022121423
0.00 0 0 0 783 113051 2022121423
0.00 0 0 0 783 113051 2022121423
0.00 0 0 0 783 113051 2022121423
0.00 0 0 0 783 113051 2022121423
0.00 0 0 0 783 113051 2022121423
0.00 0 0 0 783 113051 2022121423
0.00 0 0 0 783 113051 2022121423
0.00 0 0 0 783 113051 2022121423
0.00 0 0 0 783 113051 2022121423
0.00 0 0 0 783 113051 2022121423
0.00 0 0 0 783 113051 2022121423
0.00 0 0 0 783 113051 2022121423
0.00 0 0 0 783 113051 2022121423
0.00 0 0 0 783 113051 2022121423
0.00 0 0 0 783 113051 2022121423
0.00 0 0 0 783 113051 2022121423
0.00 0 0 0 783 113051 2022121423
0.00 0 0 0 783 113051 2022121423
0.00 0 0 0 783 113051 2022121423
0.00 0 0 0 783 113051 2022121423
0.00 0 0 0 783 113051 2022121423
0.00 0 0 0 783 113051 2022121423
0.00 0 0 0 783 113051 2022121423
0.00 0 0 0 783 113051 2022121423
0.00 0 0 0 783 113051 2022121423
0.00 0 0 0 783 113051 2022121423
0.00 0 0 0 783 113051 2022121423
0.00 0 0 0 783 113051 2022121423
0.00 0 0 0 783 113051 2022121423
0.00 0 0 0 783 113051 2022121423
0.00 0 0 0 783 113051 2022121423
0.00 0 0 0 783 113051 2022121423
0.00 0 0 0 783 113051 2022121423
0.00 0 0 0 783 113051 2022121423
0.00 0 0 0 783 113051 2022121423
0.00 0 0 0 783 113051 2022121423
0.00 0 0 0 783 113051 2022121423
0.00 0 0 0 783 113051 2022121423
0.00 0 0 0 783 113051 2022121423
0.00 0 0 0 783 113051 2022121423
0.00 0 0 0 783 113051 2022121423
0.00 0 0 0 783 113051 2022121423
0.00 0 0 0 783 113051 2022121423
0.00 0 0 0 783 113051 2022121423
0.00 0 0 0 783 113051 2022121423
0.00 0 0 0 783 113051 2022121423
138 14 0 0 783 113051 2022121423
0.00 0 0 0 783 113051 2022121423
41.6 4 0 0 783 113051 2022121423
31.2 3 0 0 783 113051 2022121423
31.2 3 0 0 783 113051 2022121423
26.0 3 0 0 783 113051 2022121423
0.00 0 0 0 783 113051 2022121423
0.00 0 0 0 783 113051 2022121423
135 13 0 0 783 113051 2022121423
0.00 0 0 0 783 113051 2022121423
0.00 0 0 0 783 113051 2022121423
125 12 0 0 783 113051 2022121423
0.00 0 0 0 783 113051 2022121423
77.9 8 0 0 783 113051 2022121423
72.7 8 0 0 783 113051 2022121423
31.2 3 0 0 783 113051 2022121423
31.2 3 0 0 783 113051 2022121423
31.2 3 0 0 783 113051 2022121423
57.2 6 0 0 783 113051 2022121423
31.2 3 0 0 783 113051 2022121423
26.0 3 0 0 783 113051 2022121423
26.0 3 0 0 783 113051 2022121423
57.2 6 0 0 783 113051 2022121423
36.4 4 0 0 783 113051 2022121423
36.4 4 0 0 783 113051 2022121423
36.4 4 0 0 783 113051 2022121423
67.6 7 0 0 783 113051 2022121423
31.2 3 0 0 783 113051 2022121423
36.4 4 0 0 783 113051 2022121423
31.2 3 0 0 783 113051 2022121423
72.7 8 0 0 783 113051 2022121423
31.2 3 0 0 783 113051 2022121423
36.4 4 0 0 783 113051 2022121423
0.00 0 0 0 783 113051 2022121423
104 10 0 0 783 113051 2022121423
31.2 3 0 0 783 113051 2022121423
31.2 3 0 0 783 113051 2022121423
46.8 5 0 0 783 113051 2022121423
98.7 10 0 0 783 113051 2022121423
67.6 7 0 0 783 113051 2022121423
57.2 6 0 0 783 113051 2022121423
57.2 6 0 0 783 113051 2022121423
130 13 0 0 783 113051 2022121423
57.2 6 0 0 783 113051 2022121423
77.9 8 0 0 783 113051 2022121423
52.0 5 0 0 783 113051 2022121423
93.5 10 0 0 783 113051 2022121423
57.2 6 0 0 783 113051 2022121423
5.20 1 0 0 783 113051 2022121423
36.4 4 0 0 783 113051 2022121423
109 11 0 0 783 113051 2022121423
36.4 4 0 0 783 113051 2022121423
67.6 7 0 0 783 113051 2022121423
41.6 4 0 0 783 113051 2022121423
104 10 0 0 783 113051 2022121423
36.4 4 0 0 783 113051 2022121423
36.4 4 0 0 783 113051 2022121423
77.9 8 0 0 783 113051 2022121423
36.4 4 0 0 783 113051 2022121423
104 10 0 0 783 113051 2022121423
31.2 3 0 0 783 113051 2022121423
62.4 6 0 0 783 113051 2022121423
57.2 6 0 0 783 113051 2022121423
104 10 0 0 783 113051 2022121423
57.2 6 0 0 783 113051 2022121423
41.6 4 0 0 783 113051 2022121423
62.4 6 0 0 783 113051 2022121423
104 10 0 0 783 113051 2022121423
67.6 7 0 0 783 113051 2022121423
46.8 5 0 0 783 113051 2022121423
52.0 5 0 0 783 113051 2022121423
120 12 0 0 783 113051 2022121423
52.0 5 0 0 783 113051 2022121423
62.4 6 0 0 783 113051 2022121423
88.6 9 0 0 783 113051 2022121423
88.1 9 0 0 783 113051 2022121423
57.2 6 0 0 783 113051 2022121423
52.0 5 0 0 783 113051 2022121423
93.5 9 0 0 783 113051 2022121423
31.2 3 0 0 783 113051 2022121423
93.5 9 0 0 783 113051 2022121423
77.9 8 0 0 783 113051 2022121423
10.4 1 0 0 783 113051 2022121423
0.00 0 1 0 803 118118 2022121423
93.5 9 0 0 803 118118 2022121423
57.2 6 0 0 803 118118 2022121423
67.6 7 0 0 808 117455 2022121423
31.2 3 0 0 812 118522 2022121423
31.2 3 0 0 819 117035 2022121423
104 11 0 0 827 118593 2022121423
31.2 3 0 0 834 117527 2022121423
72.7 7 0 0 836 117918 2022121423
31.2 3 0 0 841 121448 2022121423
104 11 0 0 849 117702 2022121423
31.2 3 0 0 853 117949 2022121423
36.4 4 0 0 859 117671 2022121423
67.6 7 0 0 863 117305 2022121423
72.7 8 0 0 870 119091 2022121423
67.6 7 0 0 875 117113 2022121423
36.4 4 0 0 890 118940 2022121423
0.00 0 0 0 890 118940 2022121423
0.00 0 0 0 890 118940 2022121423
0.00 0 0 0 890 118940 2022121423
260 26 0 0 896 118597 2022121423
10.4 1 0 0 899 117147 2022121423
57.2 6 0 0 900 119029 2022121423
52.0 5 0 0 903 117800 2022121423
93.5 10 0 0 907 118963 2022121423
46.8 5 0 0 910 118282 2022121423
41.6 4 0 0 912 117570 2022121423
62.4 6 0 0 914 119112 2022121423
88.3 9 0 0 919 118826 2022121423
0.00 0 0 0 919 118826 2022121423
98.7 10 0 0 923 118106 2022121423
0.00 0 0 0 923 118106 2022121423
125 12 0 0 926 118740 2022121423
0.00 0 0 0 926 118740 2022121423
135 13 0 0 928 117083 2022121423
41.6 4 0 0 929 118238 2022121423
104 11 0 0 932 118444 2022121423
0.00 0 0 0 932 118444 2022121423
125 13 0 0 934 117504 2022121423
46.8 5 0 0 936 118275 2022121423
57.2 6 0 0 936 117261 2022121423
46.8 5 0 0 937 117583 2022121423
109 11 0 0 940 117744 2022121423
0.00 0 0 0 940 117744 2022121423
120 12 0 0 941 113672 2022121423
0.00 0 0 0 941 113672 2022121423
114 11 0 0 943 117576 2022121423
31.2 3 0 0 943 116856 2022121423
36.4 4 0 0 944 117955 2022121423
77.9 8 0 0 944 118301 2022121423
77.9 8 0 0 944 117223 2022121423
72.7 7 0 0 945 119130 2022121423
36.4 4 0 0 945 116972 2022121423
46.8 5 0 0 945 119521 2022121423
109 11 0 0 945 117639 2022121423
41.6 4 0 0 945 119348 2022121423
72.7 7 0 0 945 117489 2022121423
41.6 4 0 0 945 117764 2022121423
114 11 0 0 945 117524 2022121423
36.4 4 0 0 945 118093 2022121423
46.8 5 0 0 945 119007 2022121423
67.6 7 0 0 945 117110 2022121423
88.3 9 0 0 945 119284 2022121423
67.6 7 0 0 945 117809 2022121423
41.6 4 0 0 945 117738 2022121423
41.6 4 0 0 945 120251 2022121423
114 11 0 0 945 118307 2022121423
41.6 4 0 0 945 119484 2022121423
72.7 7 0 0 945 116948 2022121423
36.4 4 0 0 945 117484 2022121423
109 11 0 0 945 113040 2022121423
46.8 5 0 0 945 117381 2022121423
46.8 5 0 0 945 119078 2022121423
62.4 6 0 0 945 117252 2022121423
93.5 10 0 0 945 118982 2022121423
57.2 6 0 0 945 117621 2022121423
52.0 5 0 0 945 117850 2022121423
41.6 4 0 0 945 118777 2022121423
109 11 0 0 945 117874 2022121423
46.8 5 0 0 947 119311 2022121423
62.4 6 0 0 947 119260 2022121423
46.8 5 0 0 947 113882 2022121423
46.8 5 0 0 947 118056 2022121423
72.7 7 0 0 948 118949 2022121423
114 11 0 0 948 118124 2022121423
41.6 4 0 0 950 119099 2022121423
62.4 6 0 0 950 117999 2022121423
52.0 5 0 0 951 117253 2022121423
104 10 0 0 951 113271 2022121423
46.8 5 0 0 952 117875 2022121423
52.0 5 0 0 954 116999 2022121423
26.0 3 0 0 954 117084 2022121423
93.5 10 0 0 956 119370 2022121423
62.4 6 0 0 956 118063 2022121423
57.2 6 0 0 958 117243 2022121423
36.4 4 0 0 959 119227 2022121423
120 12 0 0 961 117134 2022121423
36.4 4 0 0 962 119188 2022121423
62.4 6 0 0 963 118083 2022121423
57.2 6 0 0 965 116946 2022121423
104 11 0 0 967 117909 2022121423
46.8 5 0 0 969 117407 2022121423
41.6 4 0 0 972 119353 2022121423
67.6 7 0 0 973 117619 2022121423
93.5 9 0 0 977 119286 2022121423
67.6 7 0 0 979 118354 2022121423
46.8 5 0 0 980 117735 2022121423
46.8 5 0 0 983 119342 2022121423
114 11 0 0 987 117785 2022121423
46.8 5 0 0 990 119460 2022121423
62.4 6 0 0 994 117964 2022121423
52.0 5 0 0 995 113893 2022121423
114 12 0 0 1002 118216 2022121423
46.8 5 0 0 1003 118063 2022121423
35.2 2154 3 145 1003 118063 2022121423
Interval Transfer Bandwidth Write Err Rtry Cwnd RTT 2022121423
38.9 2397 10 251 1089 117272 2022121423
