16.3 2 0 0 27 91929 2022121418
13.0 2 1 0 55 91963 2022121418
20.2 2 0 0 110 91960 2022121418
42.7 5 0 0 220 92709 2022121418
98.7 10 0 3 210 96174 2022121418
46.8 5 1 5 212 93004 2022121418
31.2 3 1 0 304 94953 2022121418
20.8 2 0 0 304 94953 2022121418
31.2 4 0 0 313 92539 2022121418
26.0 3 1 0 319 92477 2022121418
26.0 3 0 0 325 91896 2022121418
26.0 3 1 0 330 91942 2022121418
26.0 3 0 0 333 91949 2022121418
31.2 3 1 0 337 91954 2022121418
31.2 4 0 0 343 91980 2022121418
46.8 5 0 0 347 91938 2022121418
31.2 3 1 0 353 92108 2022121418
15.6 2 0 0 355 91941 2022121418
41.6 4 0 0 359 91950 2022121418
31.2 3 1 0 366 91919 2022121418
26.0 3 0 0 369 91918 2022121418
31.2 3 0 0 370 92038 2022121418
31.2 3 1 0 375 91940 2022121418
31.2 3 1 0 379 92149 2022121418
31.2 3 1 0 381 92874 2022121418
57.2 6 0 0 384 91944 2022121418
5.20 1 0 0 386 91955 2022121418
36.4 4 0 0 390 92000 2022121418
57.2 6 0 0 391 91971 2022121418
31.2 3 1 0 394 92025 2022121418
31.2 4 0 0 397 92350 2022121418
31.2 3 0 0 398 92174 2022121418
36.4 4 1 0 401 91977 2022121418
31.2 3 0 0 402 92207 2022121418
31.2 3 1 0 405 92124 2022121418
36.4 4 0 0 405 92009 2022121418
31.2 4 0 0 406 91953 2022121418
31.2 3 1 0 409 92018 2022121418
67.6 7 0 0 410 91963 2022121418
31.2 3 1 0 412 91958 2022121418
5.20 1 0 0 413 92162 2022121418
62.4 6 0 0 415 92011 2022121418
36.4 4 0 0 416 91923 2022121418
36.4 4 0 0 417 91936 2022121418
31.2 3 1 0 419 91922 2022121418
36.4 4 0 0 419 92016 2022121418
31.2 3 0 0 419 91919 2022121418
36.4 4 0 0 420 91997 2022121418
62.4 6 0 0 420 91969 2022121418
5.20 1 0 0 420 91942 2022121418
36.4 4 0 0 421 91951 2022121418
62.4 6 0 0 421 92580 2022121418
36.4 4 0 0 421 92365 2022121418
36.4 4 0 0 423 91926 2022121418
31.2 3 0 0 423 92275 2022121418
36.4 4 0 0 423 91932 2022121418
36.4 4 0 0 423 91943 2022121418
36.4 4 0 0 423 91928 2022121418
52.0 5 0 0 423 91983 2022121418
15.6 2 0 0 423 92011 2022121418
36.4 4 0 0 423 92888 2022121418
57.2 6 0 0 423 91941 2022121418
41.6 4 0 0 423 91935 2022121418
5.20 1 0 0 423 92450 2022121418
57.2 6 0 0 423 91945 2022121418
41.6 4 0 0 423 92021 2022121418
41.6 5 0 0 423 91988 2022121418
31.2 3 1 0 423 91955 2022121418
36.4 4 0 0 423 92412 2022121418
36.4 4 0 0 423 91965 2022121418
31.2 3 1 0 423 91958 2022121418
57.2 6 0 0 423 91924 2022121418
46.8 5 0 0 423 92027 2022121418
0.00 0 1 0 423 92014 2022121418
62.4 7 0 0 423 91986 2022121418
41.6 4 0 0 423 92117 2022121418
36.4 4 1 0 423 92494 2022121418
26.0 3 0 0 423 92073 2022121418
41.6 4 0 0 423 92065 2022121418
36.4 4 0 0 423 91995 2022121418
36.4 4 0 0 424 91932 2022121418
46.8 5 0 0 424 92532 2022121418
20.8 2 0 0 424 92342 2022121418
36.4 4 0 0 424 92399 2022121418
52.0 5 0 0 426 91961 2022121418
46.8 5 0 0 426 92067 2022121418
41.6 5 0 0 427 91964 2022121418
20.8 2 0 0 427 92295 2022121418
46.8 5 0 0 428 92137 2022121418
36.4 4 0 0 428 91944 2022121418
36.4 4 0 0 430 91961 2022121418
31.2 3 0 0 431 91931 2022121418
41.6 5 0 0 431 91972 2022121418
36.4 4 0 0 434 92001 2022121418
52.0 5 0 0 435 92117 2022121418
52.0 5 0 0 437 91996 2022121418
5.20 1 0 0 437 92009 2022121418
57.2 6 0 0 439 92040 2022121418
46.8 5 0 0 441 92881 2022121418
41.6 5 0 0 442 91941 2022121418
20.8 2 0 0 442 91996 2022121418
46.8 5 0 0 445 91933 2022121418
41.6 4 0 0 448 92011 2022121418
41.6 4 0 0 449 91931 2022121418
46.8 5 0 0 452 92446 2022121418
26.0 3 0 0 453 91957 2022121418
36.4 4 0 0 456 92146 2022121418
57.2 6 0 0 459 92119 2022121418
52.0 5 0 0 461 91975 2022121418
46.8 5 0 0 466 91967 2022121418
20.8 2 0 0 467 91963 2022121418
52.0 5 0 0 470 91942 2022121418
41.6 5 0 0 475 91968 2022121418
46.8 5 0 0 478 92104 2022121418
31.2 3 0 0 481 91944 2022121418
46.8 5 0 0 485 91998 2022121418
41.6 4 0 0 489 91947 2022121418
57.2 6 0 0 493 91962 2022121418
62.4 7 0 0 497 92208 2022121418
5.20 1 0 0 501 91952 2022121418
67.6 7 0 0 506 91937 2022121418
57.2 6 0 0 510 92087 2022121418
46.8 5 0 0 518 91934 2022121418
46.8 5 0 0 523 91968 2022121418
36.4 4 0 0 526 91940 2022121418
52.0 5 0 0 533 91959 2022121418
46.8 5 0 0 539 91944 2022121418
57.2 6 0 0 544 91967 2022121418
36.4 4 0 0 548 92016 2022121418
52.0 6 0 0 555 92100 2022121418
62.4 7 0 0 562 92042 2022121418
72.7 7 0 0 569 92206 2022121418
52.0 5 0 0 579 91910 2022121418
31.2 3 0 0 581 91964 2022121418
62.4 7 0 0 588 92005 2022121418
57.2 6 0 0 599 91965 2022121418
57.2 6 0 0 609 92134 2022121418
57.2 6 0 0 617 91965 2022121418
46.8 5 0 0 623 91978 2022121418
57.2 6 0 0 631 91939 2022121418
67.6 7 0 0 641 92098 2022121418
83.1 8 0 0 649 91982 2022121418
15.6 2 0 0 656 91959 2022121418
83.1 8 0 0 666 92020 2022121418
77.9 8 0 0 675 91963 2022121418
57.2 6 0 0 690 92024 2022121418
62.4 7 0 0 701 91967 2022121418
46.8 5 0 0 704 91998 2022121418
62.4 7 0 0 721 91951 2022121418
67.6 7 0 0 732 91963 2022121418
57.2 6 0 0 744 91964 2022121418
98.7 10 0 0 755 91957 2022121418
20.8 2 0 0 765 91975 2022121418
77.9 8 0 0 777 91971 2022121418
93.5 10 0 0 790 91972 2022121418
67.6 7 0 0 808 92036 2022121418
36.4 4 0 0 812 91980 2022121418
93.5 9 0 0 824 91971 2022121418
72.7 7 0 0 842 92412 2022121418
77.9 8 0 0 860 91959 2022121418
72.7 8 0 0 875 92014 2022121418
62.4 6 0 0 885 92125 2022121418
77.9 8 0 0 901 91973 2022121418
77.9 8 0 0 916 91963 2022121418
120 12 0 0 932 91964 2022121418
83.1 9 0 0 952 92062 2022121418
26.0 3 0 0 961 92014 2022121418
125 12 0 0 977 92071 2022121418
88.3 9 0 0 996 92130 2022121418
93.5 10 0 0 1020 92180 2022121418
62.4 6 0 0 1024 92054 2022121418
93.5 9 0 0 1049 92079 2022121418
93.5 9 0 0 1070 92010 2022121418
88.3 9 0 0 1089 92056 2022121418
135 14 0 0 1108 91970 2022121418
41.6 4 0 0 1123 92152 2022121418
93.5 9 0 0 1143 92105 2022121418
145 14 0 0 1162 92024 2022121418
114 12 0 0 1188 92139 2022121418
109 11 0 0 1216 92154 2022121418
72.7 7 0 0 1220 91992 2022121418
114 11 0 0 1249 92131 2022121418
114 11 0 0 1275 92449 2022121418
109 11 0 0 1298 92034 2022121418
83.1 8 0 0 1311 92918 2022121418
120 12 0 0 1338 92939 2022121418
120 12 0 0 1362 92040 2022121418
151 15 0 0 1387 92027 2022121418
151 15 0 0 1412 91989 2022121418
31.2 3 0 0 1429 92016 2022121418
166 17 0 0 1454 92025 2022121418
156 15 0 0 1485 92142 2022121418
135 14 0 0 1518 92208 2022121418
130 13 0 2 1508 92904 2022121418
98.7 10 0 0 1263 92285 2022121418
109 11 1 0 1093 92103 2022121418
125 13 0 0 1110 92159 2022121418
114 11 0 0 1123 91972 2022121418
62.4 6 0 0 1130 92009 2022121418
93.5 9 0 0 1147 92349 2022121418
125 13 0 0 1161 92122 2022121418
125 12 0 0 1173 92020 2022121418
120 12 0 0 1188 92014 2022121418
52.0 5 0 0 1195 91994 2022121418
114 11 0 0 1209 91986 2022121418
125 13 0 0 1223 92045 2022121418
109 11 0 0 1236 92074 2022121418
120 12 0 0 1249 91995 2022121418
77.9 8 0 0 1253 92014 2022121418
109 11 0 0 1267 91971 2022121418
125 13 0 0 1278 92031 2022121418
135 13 0 0 1287 92234 2022121418
52.0 5 0 0 1294 92249 2022121418
135 13 0 0 1305 91989 2022121418
135 13 0 0 1314 92022 2022121418
140 14 0 0 1326 92683 2022121418
120 12 0 0 1337 92014 2022121418
67.6 7 0 0 1340 92038 2022121418
135 13 0 0 1349 92114 2022121418
125 13 0 0 1359 92072 2022121418
130 13 0 0 1367 92285 2022121418
135 13 0 0 1376 92008 2022121418
72.7 7 0 0 1381 92071 2022121418
130 13 0 0 1389 92029 2022121418
114 11 0 338 755 99366 2022121418
0.00 0 2 112 755 95007 2022121418
31.2 3 0 0 761 101727 2022121418
145 15 0 0 774 101877 2022121418
67.6 7 0 3 718 103104 2022121418
10.4 1 1 8 550 91910 2022121418
88.3 9 0 0 554 92170 2022121418
46.8 5 0 0 557 91997 2022121418
67.6 7 0 0 563 91962 2022121418
52.0 6 0 0 569 92062 2022121418
62.4 6 0 0 575 92090 2022121418
52.0 5 0 0 580 92021 2022121418
31.2 3 0 0 583 91999 2022121418
57.2 6 0 0 587 91952 2022121418
57.2 6 0 0 592 91988 2022121418
57.2 6 0 0 598 92046 2022121418
31.2 3 0 0 601 91967 2022121418
57.2 6 0 0 605 92178 2022121418
62.4 6 0 0 609 92102 2022121418
57.2 6 0 0 613 91980 2022121418
62.4 6 0 0 617 92014 2022121418
31.2 3 0 0 619 92017 2022121418
62.4 6 0 0 623 92007 2022121418
62.4 6 0 0 626 92014 2022121418
62.4 7 0 0 630 91951 2022121418
62.4 7 0 0 632 91933 2022121418
31.2 3 0 0 634 92055 2022121418
62.4 6 0 0 637 92025 2022121418
62.4 6 0 0 639 92043 2022121418
62.4 7 0 0 642 91959 2022121418
31.2 3 0 0 643 92002 2022121418
67.6 7 0 0 645 91984 2022121418
62.4 6 0 0 648 91990 2022121418
67.6 7 0 0 649 92282 2022121418
67.6 7 0 0 652 92019 2022121418
31.2 3 0 0 652 91947 2022121418
62.4 6 0 0 653 92118 2022121418
67.6 7 0 0 656 92234 2022121418
62.4 6 0 0 657 91944 2022121418
36.4 4 0 0 657 92014 2022121418
62.4 7 0 0 660 92073 2022121418
62.4 6 0 0 660 91958 2022121418
67.6 7 0 0 661 92011 2022121418
67.6 7 0 0 663 91946 2022121418
31.2 3 0 0 663 91934 2022121418
67.6 7 0 0 664 91943 2022121418
67.6 7 0 0 664 92004 2022121418
67.6 7 0 0 664 91962 2022121418
62.4 7 0 0 666 91999 2022121418
31.2 3 0 0 666 91975 2022121418
67.6 7 0 0 666 91986 2022121418
67.6 7 0 0 667 91969 2022121418
62.4 6 0 0 667 91996 2022121418
36.4 4 0 0 667 91976 2022121418
62.4 6 0 0 667 91964 2022121418
67.6 7 0 0 667 91988 2022121418
67.6 7 0 0 667 91972 2022121418
67.6 7 0 0 667 92007 2022121418
31.2 3 0 0 667 91952 2022121418
67.6 7 0 0 667 92008 2022121418
67.6 7 0 0 667 91996 2022121418
67.6 7 0 0 667 91930 2022121418
62.4 6 0 0 667 91954 2022121418
36.4 4 0 0 667 91944 2022121418
62.4 6 0 0 667 91994 2022121418
67.6 7 0 0 667 91932 2022121418
67.6 7 0 0 667 91952 2022121418
31.2 3 0 0 667 91944 2022121418
67.6 7 0 0 667 92159 2022121418
67.6 7 0 0 667 91996 2022121418
67.6 7 0 0 667 91942 2022121418
67.6 7 0 0 667 91975 2022121418
31.2 3 0 0 667 92022 2022121418
67.6 7 0 0 667 91965 2022121418
67.6 7 0 0 667 91957 2022121418
62.4 6 0 0 667 91958 2022121418
67.6 7 0 0 667 91959 2022121418
36.4 4 0 0 667 91957 2022121418
62.4 7 0 0 667 91921 2022121418
72.7 7 0 0 668 91929 2022121418
62.4 7 0 0 668 92072 2022121418
31.2 3 0 0 668 92020 2022121418
67.6 7 0 0 670 91960 2022121418
67.6 7 0 0 670 91965 2022121418
67.6 7 0 0 671 92008 2022121418
62.4 6 0 0 671 91989 2022121418
36.4 4 0 0 671 91979 2022121418
67.6 7 0 0 672 91960 2022121418
62.4 6 0 0 674 92029 2022121418
67.6 7 0 0 675 91950 2022121418
72.7 8 0 0 675 91990 2022121418
26.0 3 0 0 677 91975 2022121418
72.7 8 0 0 678 91979 2022121418
67.6 7 0 0 679 91959 2022121418
67.6 7 0 0 681 91982 2022121418
31.2 3 0 0 682 91969 2022121418
72.7 7 0 0 683 92014 2022121418
62.4 6 0 0 685 91940 2022121418
67.6 7 0 0 686 91946 2022121418
67.6 7 0 0 688 91966 2022121418
36.4 4 0 0 689 91928 2022121418
67.6 7 0 0 692 91947 2022121418
67.6 7 0 0 694 92005 2022121418
72.7 8 0 0 697 91968 2022121418
67.6 7 0 0 700 91956 2022121418
36.4 4 0 0 701 92015 2022121418
72.7 7 0 0 704 91984 2022121418
62.4 6 0 0 707 92047 2022121418
67.6 7 0 0 711 91923 2022121418
41.6 4 0 0 712 92007 2022121418
67.6 7 0 0 715 91970 2022121418
67.6 7 0 0 719 91941 2022121418
77.9 8 0 0 723 91964 2022121418
72.7 8 0 0 728 91966 2022121418
31.2 3 0 0 730 91954 2022121418
72.7 8 0 0 734 91977 2022121418
77.9 8 0 0 739 91974 2022121418
72.7 7 0 0 744 91967 2022121418
67.6 7 0 0 748 91989 2022121418
41.6 4 0 0 751 91970 2022121418
72.7 7 0 0 757 91983 2022121418
72.7 7 0 0 762 91971 2022121418
77.9 8 0 0 768 92048 2022121418
41.6 4 0 0 772 91977 2022121418
67.6 7 0 0 777 92082 2022121418
83.1 9 0 0 784 92003 2022121418
77.9 8 0 0 791 92241 2022121418
77.9 8 0 0 798 91967 2022121418
36.4 4 0 0 801 91992 2022121418
88.3 9 0 0 808 92003 2022121418
72.7 8 0 0 817 92013 2022121418
77.9 8 0 0 824 91998 2022121418
83.1 9 0 0 832 91953 2022121418
41.6 4 0 0 836 92222 2022121418
83.1 9 0 0 845 91985 2022121418
83.1 9 0 0 853 92094 2022121418
83.1 9 0 0 863 91959 2022121418
41.6 4 0 0 868 91970 2022121418
88.3 9 0 0 876 92025 2022121418
88.3 9 0 0 886 91992 2022121418
88.3 9 0 0 897 91978 2022121418
88.3 9 0 0 908 91976 2022121418
46.8 5 0 0 914 92098 2022121418
52.0 6 0 104 605 103131 2022121418
26.0 3 1 1 575 92018 2022121418
104 11 0 0 449 92169 2022121418
67.6 7 0 0 455 91940 2022121418
26.0 3 0 0 457 91936 2022121418
41.6 4 0 0 463 91921 2022121418
46.8 5 0 0 467 92005 2022121418
46.8 5 0 0 472 91949 2022121418
20.8 2 0 0 475 91979 2022121418
46.8 5 0 0 479 91943 2022121418
52.0 6 0 0 483 91985 2022121418
46.8 5 0 0 488 91963 2022121418
46.8 5 0 0 492 91956 2022121418
26.0 3 0 0 493 91948 2022121418
52.0 5 0 0 497 91926 2022121418
46.8 5 0 0 501 91949 2022121418
46.8 5 0 0 504 91948 2022121418
52.0 5 0 0 507 92000 2022121418
26.0 3 0 0 510 91971 2022121418
46.8 5 0 0 511 92001 2022121418
57.2 6 0 0 514 91954 2022121418
52.0 5 0 0 517 91916 2022121418
20.8 2 0 0 518 91968 2022121418
52.0 6 0 0 521 91953 2022121418
52.0 6 0 0 522 92072 2022121418
52.0 6 0 0 525 92143 2022121418
46.8 5 0 0 526 92058 2022121418
31.2 3 0 0 526 92048 2022121418
52.0 6 0 0 529 91941 2022121418
52.0 6 0 0 530 91938 2022121418
52.0 6 0 0 532 91989 2022121418
57.2 6 0 0 533 91969 2022121418
20.8 2 0 0 535 91943 2022121418
57.2 6 0 0 536 92005 2022121418
57.2 6 0 0 537 92029 2022121418
52.0 6 0 0 537 91940 2022121418
26.0 3 0 0 539 91968 2022121418
52.0 5 0 0 539 91977 2022121418
46.8 5 0 0 540 91944 2022121418
57.2 6 0 0 540 91992 2022121418
52.0 5 0 0 541 91933 2022121418
26.0 3 0 0 541 92066 2022121418
57.2 6 0 0 541 91969 2022121418
52.0 5 0 0 541 92068 2022121418
62.4 6 0 0 543 91968 2022121418
52.0 5 0 0 543 92216 2022121418
20.8 2 0 0 543 92069 2022121418
62.4 6 0 0 543 91943 2022121418
46.8 5 0 0 543 91949 2022121418
57.2 6 0 0 543 91947 2022121418
31.2 3 0 0 543 91930 2022121418
46.8 5 0 0 543 92062 2022121418
57.2 6 0 0 543 91951 2022121418
52.0 6 0 0 543 91946 2022121418
57.2 6 0 0 543 91930 2022121418
26.0 3 0 0 543 91954 2022121418
52.0 6 0 0 543 91999 2022121418
57.2 6 0 0 543 92013 2022121418
52.0 5 0 0 543 92108 2022121418
52.0 5 0 0 543 91945 2022121418
36.4 4 0 0 543 92052 2022121418
46.8 5 0 0 543 92050 2022121418
52.0 5 0 0 543 91957 2022121418
57.2 6 0 0 543 91968 2022121418
20.8 2 0 0 543 91953 2022121418
62.4 7 0 0 543 91971 2022121418
52.0 6 0 0 543 92173 2022121418
57.2 6 0 0 543 92485 2022121418
52.0 5 0 0 543 92119 2022121418
20.8 2 0 0 543 92021 2022121418
62.4 7 0 0 543 92114 2022121418
52.0 5 0 0 544 91929 2022121418
52.0 6 0 0 544 92000 2022121418
52.0 5 0 0 544 93672 2022121418
26.0 3 0 0 544 91921 2022121418
57.2 6 0 0 546 92258 2022121418
57.2 6 0 0 546 91980 2022121418
57.2 6 0 0 547 91974 2022121418
20.8 2 0 0 547 92243 2022121418
52.0 5 0 0 548 92039 2022121418
57.2 6 0 0 548 91981 2022121418
57.2 6 0 0 550 92012 2022121418
46.8 5 0 0 551 91954 2022121418
41.6 4 0 0 552 91950 2022121418
46.8 5 0 0 552 91968 2022121418
52.0 5 0 0 554 91950 2022121418
57.2 6 0 0 555 92132 2022121418
62.4 7 0 0 558 91974 2022121418
20.8 2 0 0 558 92340 2022121418
57.2 6 0 0 559 92267 2022121418
57.2 6 0 0 562 91965 2022121418
57.2 6 0 0 563 92070 2022121418
20.8 2 0 0 565 92362 2022121418
62.4 7 0 0 566 92226 2022121418
52.0 5 0 0 569 92197 2022121418
52.0 6 0 0 572 92025 2022121418
57.2 6 0 0 575 92136 2022121418
31.2 3 0 0 576 92436 2022121418
57.2 6 0 0 579 92035 2022121418
57.2 6 0 0 581 91954 2022121418
62.4 6 0 0 586 91970 2022121418
57.2 6 0 0 588 91995 2022121418
26.0 3 0 0 590 91989 2022121418
62.4 7 0 0 594 91947 2022121418
57.2 6 0 0 598 92022 2022121418
52.0 6 0 0 602 92020 2022121418
36.4 4 0 0 605 92219 2022121418
62.4 7 0 0 609 92204 2022121418
57.2 6 0 0 613 92092 2022121418
57.2 6 0 0 617 91938 2022121418
62.4 7 0 0 623 91938 2022121418
31.2 3 0 0 626 91956 2022121418
62.4 7 0 0 631 92337 2022121418
67.6 7 0 0 635 92331 2022121418
62.4 7 0 0 641 92304 2022121418
57.2 6 0 0 649 91948 2022121418
36.4 4 0 0 650 91959 2022121418
67.6 7 0 0 657 92063 2022121418
57.2 6 0 0 664 91979 2022121418
67.6 7 0 0 671 91971 2022121418
36.4 4 0 0 674 91962 2022121418
62.4 7 0 0 682 91968 2022121418
67.6 7 0 0 689 92090 2022121418
67.6 7 0 0 696 91972 2022121418
77.9 8 0 0 704 92007 2022121418
26.0 3 0 0 708 92026 2022121418
77.9 8 0 0 718 91993 2022121418
67.6 7 0 0 726 92001 2022121418
67.6 7 0 0 736 91974 2022121418
72.7 7 0 0 745 91971 2022121418
41.6 4 0 0 750 91943 2022121418
67.6 7 0 0 761 91949 2022121418
77.9 8 0 0 769 91975 2022121418
72.7 8 0 0 780 91965 2022121418
41.6 4 0 0 785 91977 2022121418
77.9 8 0 0 797 91997 2022121418
77.9 8 0 0 808 91959 2022121418
88.3 9 0 0 819 92012 2022121418
72.7 7 0 0 832 92129 2022121418
46.8 5 0 0 836 91956 2022121418
83.1 9 0 0 849 91967 2022121418
77.9 8 0 0 863 91987 2022121418
83.1 9 0 0 875 92191 2022121418
88.3 9 0 0 888 92022 2022121418
41.6 4 0 0 896 92056 2022121418
88.3 9 0 0 910 92030 2022121418
88.3 9 0 0 923 91998 2022121418
104 11 0 0 939 92020 2022121418
31.2 3 0 0 945 91969 2022121418
93.5 10 0 0 961 92020 2022121418
109 11 0 0 977 91995 2022121418
88.3 9 0 0 994 92131 2022121418
98.7 10 0 0 1010 92063 2022121418
57.2 6 0 0 1017 91992 2022121418
88.3 9 0 0 1036 92089 2022121418
104 10 0 0 1053 92384 2022121418
104 11 0 0 1070 92054 2022121418
46.8 5 0 0 1079 92089 2022121418
114 12 0 0 1097 92016 2022121418
104 10 0 0 1118 92116 2022121418
120 12 0 0 1136 91994 2022121418
109 11 0 0 1158 92137 2022121418
62.4 6 0 0 1166 91994 2022121418
120 12 0 0 1185 92014 2022121418
104 11 0 0 1207 92237 2022121418
125 13 0 0 1229 92052 2022121418
67.6 7 0 0 1238 92323 2022121418
109 11 0 0 1263 92211 2022121418
125 13 0 0 1283 92008 2022121418
125 12 0 0 1305 91965 2022121418
140 14 0 0 1329 92155 2022121418
62.4 6 0 0 1341 92057 2022121418
130 13 0 0 1365 92476 2022121418
140 14 0 0 1391 92579 2022121418
130 13 0 0 1417 92502 2022121418
140 14 0 0 1442 92033 2022121418
77.9 8 0 0 1453 92335 2022121418
72.7 8 0 318 805 102846 2022121418
0.00 0 2 136 830 92243 2022121418
109 11 1 53 700 103255 2022121418
0.00 0 1 0 700 94107 2022121418
125 12 0 0 718 94322 2022121418
109 11 0 0 726 96234 2022121418
67.6 7 0 0 733 97106 2022121418
67.6 7 0 0 740 98416 2022121418
67.6 7 0 0 745 98228 2022121418
36.4 4 0 0 750 99625 2022121418
67.6 7 0 0 757 100707 2022121418
67.6 7 0 0 762 101534 2022121418
67.6 7 0 0 768 102299 2022121418
67.6 7 0 0 774 103010 2022121418
36.4 4 0 0 777 103415 2022121418
36.4 4 0 5 550 103142 2022121418
26.0 3 1 0 546 92086 2022121418
120 12 0 0 552 92028 2022121418
31.2 3 0 0 555 91980 2022121418
57.2 6 0 0 562 91993 2022121418
52.0 6 0 0 568 92012 2022121418
57.2 6 0 0 573 92122 2022121418
57.2 6 0 0 579 92018 2022121418
26.0 3 0 0 581 92377 2022121418
57.2 6 0 0 586 91963 2022121418
62.4 6 0 0 591 91951 2022121418
57.2 6 0 0 597 91971 2022121418
57.2 6 0 0 601 92054 2022121418
31.2 3 0 0 602 92134 2022121418
62.4 6 0 0 606 91960 2022121418
57.2 6 0 0 612 91992 2022121418
57.2 6 0 0 614 92198 2022121418
31.2 3 0 0 616 91936 2022121418
62.4 6 0 0 620 92022 2022121418
62.4 6 0 0 623 91946 2022121418
62.4 6 0 0 627 92016 2022121418
62.4 6 0 0 630 92076 2022121418
31.2 3 0 0 631 92464 2022121418
62.4 6 0 0 632 92032 2022121418
62.4 6 0 0 637 91976 2022121418
62.4 6 0 0 638 92026 2022121418
62.4 6 0 0 641 91971 2022121418
36.4 4 0 0 641 92037 2022121418
57.2 6 0 0 643 91975 2022121418
67.6 7 0 0 645 92187 2022121418
62.4 6 0 0 646 92045 2022121418
31.2 3 0 0 648 92000 2022121418
62.4 7 0 0 649 91988 2022121418
72.7 8 0 0 650 91968 2022121418
62.4 7 0 0 653 92044 2022121418
62.4 6 0 0 654 91953 2022121418
36.4 4 0 0 654 91977 2022121418
62.4 6 0 0 656 92020 2022121418
62.4 6 0 0 657 95912 2022121418
67.6 7 0 0 657 93103 2022121418
31.2 3 0 0 657 92479 2022121418
60.5 3739 31 1088 657 92479 2022121418
