16.3 2 0 0 27 88700 2022121420
12.0 2 1 0 55 88691 2022121420
23.7 3 0 0 110 88657 2022121420
46.3 5 0 0 220 88708 2022121420
120 12 0 30 297 92475 2022121420
20.8 2 0 27 275 88644 2022121420
5.20 1 1 0 278 88644 2022121420
52.0 5 1 0 284 88687 2022121420
41.6 4 0 0 289 88668 2022121420
5.20 1 0 0 295 88673 2022121420
20.8 2 1 0 299 88676 2022121420
52.0 6 0 0 303 91332 2022121420
20.8 2 1 0 311 89003 2022121420
26.0 3 1 0 315 88754 2022121420
31.2 3 0 0 319 88752 2022121420
26.0 3 0 0 324 88714 2022121420
26.0 3 1 0 328 89900 2022121420
46.8 5 0 0 332 88754 2022121420
5.20 1 0 0 335 88947 2022121420
41.6 5 0 0 339 91632 2022121420
41.6 4 0 0 343 88778 2022121420
26.0 3 1 0 347 89022 2022121420
31.2 4 0 0 350 88691 2022121420
26.0 3 0 0 353 88781 2022121420
26.0 3 0 0 355 88826 2022121420
31.2 3 1 0 358 91121 2022121420
57.2 6 0 0 361 88705 2022121420
0.00 0 1 0 362 89227 2022121420
57.2 6 0 0 366 88734 2022121420
31.2 4 0 0 368 88687 2022121420
31.2 3 0 0 370 88718 2022121420
41.6 4 0 0 373 88948 2022121420
20.8 2 0 0 375 89137 2022121420
31.2 4 0 0 376 88828 2022121420
52.0 6 0 0 377 88712 2022121420
36.4 4 0 0 380 88695 2022121420
26.0 3 0 0 380 89014 2022121420
36.4 4 0 0 383 88805 2022121420
31.2 4 0 0 384 89197 2022121420
31.2 3 1 0 386 88711 2022121420
57.2 6 0 0 387 88696 2022121420
10.4 1 0 0 388 88873 2022121420
36.4 4 0 0 390 89056 2022121420
52.0 6 0 0 390 90266 2022121420
36.4 4 0 0 391 88731 2022121420
31.2 3 0 0 391 88899 2022121420
31.2 3 0 0 392 89062 2022121420
31.2 3 0 0 392 88677 2022121420
36.4 4 0 0 392 88816 2022121420
57.2 6 0 0 394 88692 2022121420
5.20 1 0 0 394 89142 2022121420
52.0 5 0 0 394 89810 2022121420
41.6 4 0 0 395 88774 2022121420
36.4 4 0 0 395 88651 2022121420
31.2 4 0 0 395 88799 2022121420
31.2 3 0 0 395 88687 2022121420
36.4 4 0 0 395 88754 2022121420
41.6 5 0 0 395 88858 2022121420
46.8 5 0 0 395 90474 2022121420
36.4 4 0 0 395 88838 2022121420
31.2 3 0 0 395 88784 2022121420
36.4 4 0 0 395 88712 2022121420
31.2 3 0 0 395 88686 2022121420
36.4 4 0 0 395 88752 2022121420
26.0 3 0 0 395 88712 2022121420
36.4 4 0 0 395 88663 2022121420
52.0 5 0 0 395 88692 2022121420
41.6 4 0 0 395 88760 2022121420
31.2 4 0 0 395 88694 2022121420
31.2 3 0 0 395 88700 2022121420
36.4 4 0 0 395 88660 2022121420
31.2 3 0 0 395 89016 2022121420
52.0 5 0 0 395 89748 2022121420
41.6 5 0 0 395 88773 2022121420
5.20 1 0 0 395 88713 2022121420
57.2 6 0 0 395 88711 2022121420
36.4 4 0 0 395 88823 2022121420
36.4 4 0 0 395 88705 2022121420
26.0 3 0 0 395 89795 2022121420
36.4 4 0 0 397 88703 2022121420
36.4 4 0 0 397 88762 2022121420
52.0 5 0 0 397 89439 2022121420
41.6 4 0 0 397 88672 2022121420
10.4 1 0 0 398 88700 2022121420
52.0 6 0 0 398 88740 2022121420
36.4 4 0 0 399 88665 2022121420
36.4 4 0 0 399 88667 2022121420
52.0 5 0 0 401 88923 2022121420
10.4 1 0 0 401 88691 2022121420
41.6 4 0 0 402 89190 2022121420
52.0 6 0 0 404 88681 2022121420
36.4 4 0 0 405 88828 2022121420
26.0 3 0 0 405 88696 2022121420
41.6 4 0 0 406 88900 2022121420
36.4 4 0 0 408 88878 2022121420
36.4 4 0 0 409 88701 2022121420
57.2 6 0 0 410 88691 2022121420
10.4 1 0 0 412 88794 2022121420
52.0 5 0 0 413 89243 2022121420
46.8 5 0 0 416 88661 2022121420
36.4 4 0 0 417 88665 2022121420
41.6 4 0 0 419 88705 2022121420
31.2 3 0 0 420 88693 2022121420
36.4 4 0 0 423 88696 2022121420
46.8 5 0 0 426 88794 2022121420
52.0 6 0 0 428 88814 2022121420
10.4 1 0 0 430 88710 2022121420
62.4 6 0 0 432 89188 2022121420
41.6 4 0 0 437 88676 2022121420
41.6 4 0 0 439 88691 2022121420
41.6 4 0 0 444 88734 2022121420
31.2 3 0 0 445 88750 2022121420
41.6 5 0 0 449 88681 2022121420
57.2 6 0 0 452 88755 2022121420
46.8 5 0 0 456 88710 2022121420
46.8 5 0 0 461 88685 2022121420
31.2 3 0 0 463 88741 2022121420
41.6 4 0 0 468 88674 2022121420
46.8 5 0 0 474 89031 2022121420
57.2 6 0 0 478 88766 2022121420
20.8 2 0 0 481 88702 2022121420
46.8 5 0 0 486 88723 2022121420
67.6 7 0 0 492 88746 2022121420
52.0 6 0 0 499 88670 2022121420
46.8 5 0 0 504 88692 2022121420
31.2 3 0 0 507 88733 2022121420
52.0 6 0 0 514 88864 2022121420
52.0 6 0 0 521 88703 2022121420
72.7 8 0 0 528 88948 2022121420
15.6 2 0 0 530 88705 2022121420
67.6 7 0 0 537 88678 2022121420
57.2 6 0 0 547 88746 2022121420
57.2 6 0 0 555 89105 2022121420
52.0 6 0 0 562 88757 2022121420
41.6 4 0 0 568 88725 2022121420
57.2 6 0 0 575 88696 2022121420
62.4 7 0 0 583 89276 2022121420
72.7 7 0 0 592 88714 2022121420
20.8 2 0 0 598 88733 2022121420
83.1 8 0 0 608 88722 2022121420
62.4 6 0 0 620 89105 2022121420
62.4 6 0 0 628 88721 2022121420
67.6 7 0 0 638 88844 2022121420
41.6 4 0 0 646 88765 2022121420
62.4 6 0 0 656 88731 2022121420
88.3 9 0 0 667 88734 2022121420
62.4 7 0 0 679 88841 2022121420
67.6 7 0 0 692 88695 2022121420
41.6 4 0 0 699 88812 2022121420
67.6 7 0 0 711 88748 2022121420
67.6 7 0 0 723 88790 2022121420
83.1 8 0 0 736 88691 2022121420
31.2 3 0 0 743 88715 2022121420
67.6 7 0 0 757 88730 2022121420
93.5 10 0 0 770 88765 2022121420
72.7 8 0 0 787 88805 2022121420
72.7 8 0 0 801 88728 2022121420
52.0 5 0 0 810 88829 2022121420
77.9 8 0 0 824 88705 2022121420
72.7 8 0 0 841 88713 2022121420
109 11 0 0 854 88823 2022121420
26.0 3 0 0 865 88749 2022121420
109 11 0 0 881 88729 2022121420
83.1 8 0 0 901 88788 2022121420
88.3 9 0 0 918 88707 2022121420
83.1 8 0 0 934 88729 2022121420
57.2 6 0 0 945 88936 2022121420
88.3 9 0 0 963 88805 2022121420
109 11 0 0 981 89113 2022121420
104 11 0 0 1003 88780 2022121420
93.5 9 0 0 1024 88783 2022121420
62.4 6 0 0 1030 88988 2022121420
98.7 10 0 0 1054 88759 2022121420
98.7 10 0 0 1074 88722 2022121420
114 12 0 0 1094 88733 2022121420
57.2 6 0 0 1108 88775 2022121420
98.7 10 0 0 1129 88711 2022121420
140 14 0 0 1150 88728 2022121420
109 11 0 0 1177 89033 2022121420
114 12 0 0 1199 88748 2022121420
72.7 7 0 0 1206 88729 2022121420
109 11 0 0 1236 88906 2022121420
120 12 0 0 1258 88736 2022121420
145 15 0 0 1282 88770 2022121420
135 14 0 0 1311 88907 2022121420
46.8 5 0 0 1322 88751 2022121420
156 16 0 0 1345 88713 2022121420
130 13 0 0 1380 88883 2022121420
130 13 0 0 1405 88798 2022121420
83.1 8 0 0 1417 88943 2022121420
140 14 0 0 1447 88841 2022121420
135 13 0 0 1472 88773 2022121420
177 18 0 0 1503 88732 2022121420
140 14 0 0 1536 88955 2022121420
77.9 8 0 0 1548 88753 2022121420
166 16 0 0 1580 89309 2022121420
151 15 0 0 1613 88831 2022121420
151 15 0 0 1642 88775 2022121420
182 18 0 0 1672 88891 2022121420
77.9 8 0 0 1690 89151 2022121420
166 17 0 0 1725 88877 2022121420
197 20 0 0 1756 88971 2022121420
171 17 0 0 1795 89651 2022121420
88.3 9 0 0 1806 88916 2022121420
192 19 0 0 1847 89059 2022121420
182 18 0 31 1711 91246 2022121420
62.4 6 1 350 990 88882 2022121420
10.5 1 1 2 410 88921 2022121420
249 25 0 0 921 88751 2022121420
46.8 5 0 188 646 88825 2022121420
10.4 1 1 0 649 88940 2022121420
104 10 0 0 653 88713 2022121420
62.4 6 0 0 661 88789 2022121420
72.7 8 0 0 667 88765 2022121420
83.1 8 0 0 674 88721 2022121420
57.2 6 0 0 681 88792 2022121420
41.6 4 0 0 683 88712 2022121420
67.6 7 0 0 690 88764 2022121420
57.2 6 0 0 696 88769 2022121420
77.9 8 0 0 700 89679 2022121420
36.4 4 0 0 704 88741 2022121420
72.7 7 0 0 708 88771 2022121420
72.7 7 0 0 712 88714 2022121420
83.1 8 0 0 718 88710 2022121420
57.2 6 0 0 722 88713 2022121420
57.2 6 0 0 723 88698 2022121420
62.4 7 0 0 729 88761 2022121420
67.6 7 0 0 732 88801 2022121420
83.1 8 0 0 736 88701 2022121420
31.2 3 0 0 739 88767 2022121420
83.1 9 0 0 741 88784 2022121420
88.3 9 0 0 744 88756 2022121420
67.6 7 0 0 748 88708 2022121420
62.4 6 0 0 751 88740 2022121420
57.2 6 0 0 752 88734 2022121420
67.6 7 0 0 755 89175 2022121420
77.9 8 0 0 758 88734 2022121420
93.5 9 0 0 761 88690 2022121420
26.0 3 0 0 761 88919 2022121420
77.9 8 0 0 763 88702 2022121420
93.5 10 0 0 766 88696 2022121420
62.4 7 0 0 768 88984 2022121420
77.9 8 0 0 769 88773 2022121420
46.8 5 0 0 770 88790 2022121420
67.6 7 0 0 772 88712 2022121420
88.3 9 0 0 773 88892 2022121420
93.5 10 0 0 776 88684 2022121420
67.6 7 0 0 777 88894 2022121420
46.8 5 0 0 777 88796 2022121420
77.9 8 0 0 779 88759 2022121420
67.6 7 0 0 779 88709 2022121420
83.1 9 0 0 780 89146 2022121420
41.6 4 0 0 780 88747 2022121420
77.9 8 0 0 781 88763 2022121420
83.1 9 0 0 781 88750 2022121420
93.5 10 0 0 783 88686 2022121420
67.6 7 0 0 783 88778 2022121420
57.2 6 0 0 783 88738 2022121420
67.6 7 0 0 783 88751 2022121420
72.7 8 0 0 784 88711 2022121420
88.3 9 0 0 784 89168 2022121420
93.5 10 0 0 784 88693 2022121420
26.0 3 0 0 784 88725 2022121420
93.5 9 0 0 784 88696 2022121420
72.7 7 0 0 784 88805 2022121420
72.7 8 0 0 784 88723 2022121420
52.0 5 0 0 784 88690 2022121420
67.6 7 0 0 784 88816 2022121420
77.9 8 0 0 784 88734 2022121420
93.5 9 0 0 784 88697 2022121420
83.1 9 0 0 784 88692 2022121420
31.2 3 0 0 784 88935 2022121420
93.5 10 0 0 784 88688 2022121420
67.6 7 0 0 784 88834 2022121420
77.9 8 0 0 784 89178 2022121420
83.1 8 0 0 784 88776 2022121420
36.4 4 0 0 784 88783 2022121420
83.1 9 0 0 784 88900 2022121420
93.5 9 0 0 784 88684 2022121420
72.7 8 0 0 784 88752 2022121420
41.6 4 0 0 784 88793 2022121420
83.1 8 0 0 784 88701 2022121420
72.7 8 0 0 784 88907 2022121420
83.1 9 0 0 784 88720 2022121420
93.5 9 0 0 784 88713 2022121420
20.8 2 0 0 784 88772 2022121420
83.1 8 0 0 785 88721 2022121420
93.5 10 0 0 785 88711 2022121420
72.7 7 0 0 785 89017 2022121420
72.7 7 0 0 787 88710 2022121420
52.0 5 0 0 787 88842 2022121420
72.7 8 0 0 787 88731 2022121420
83.1 8 0 0 788 88750 2022121420
93.5 9 0 0 788 88753 2022121420
26.0 3 0 0 790 88728 2022121420
93.5 10 0 0 790 88874 2022121420
77.9 8 0 0 791 88731 2022121420
72.7 7 0 0 792 88703 2022121420
83.1 9 0 0 794 88728 2022121420
41.6 4 0 0 794 88798 2022121420
77.9 8 0 0 795 88777 2022121420
88.3 9 0 0 797 88745 2022121420
88.3 9 0 0 798 88740 2022121420
72.7 7 0 0 801 88838 2022121420
52.0 5 0 0 801 88719 2022121420
77.9 8 0 0 803 89079 2022121420
72.7 8 0 0 805 88766 2022121420
88.3 9 0 0 806 88763 2022121420
36.4 4 0 0 808 88794 2022121420
88.3 9 0 0 810 88726 2022121420
93.5 9 0 0 813 88838 2022121420
77.9 8 0 0 816 88697 2022121420
72.7 8 0 0 819 88841 2022121420
57.2 6 0 0 820 88790 2022121420
77.9 8 0 0 823 88875 2022121420
72.7 8 0 0 827 88746 2022121420
98.7 10 0 0 830 88718 2022121420
88.3 9 0 0 834 88709 2022121420
36.4 4 0 0 835 88708 2022121420
93.5 10 0 0 838 88791 2022121420
77.9 8 0 0 842 88746 2022121420
83.1 8 0 0 846 88729 2022121420
52.0 5 0 0 849 88763 2022121420
77.9 8 0 0 853 88758 2022121420
88.3 9 0 0 859 88805 2022121420
88.3 9 0 72 650 89347 2022121420
0.00 0 2 10 601 88607 2022121420
26.0 3 0 0 606 88789 2022121420
135 13 0 0 616 88740 2022121420
62.4 6 0 0 627 88764 2022121420
62.4 6 0 0 638 88720 2022121420
67.6 7 0 0 648 88694 2022121420
36.4 4 0 0 653 88699 2022121420
62.4 6 0 0 661 88702 2022121420
67.6 7 0 0 671 88703 2022121420
72.7 8 0 0 679 88719 2022121420
31.2 3 0 0 683 88727 2022121420
72.7 8 0 0 693 88737 2022121420
67.6 7 0 0 700 88720 2022121420
72.7 8 0 0 708 88862 2022121420
67.6 7 0 0 717 88696 2022121420
41.6 4 0 0 721 88786 2022121420
72.7 7 0 0 728 89440 2022121420
72.7 8 0 0 734 96675 2022121420
67.6 7 0 0 740 98420 2022121420
67.6 7 0 0 747 99318 2022121420
36.4 4 0 0 750 99705 2022121420
67.6 7 0 3 619 99952 2022121420
5.20 1 1 2 528 88622 2022121420
104 10 0 0 533 88698 2022121420
41.6 4 0 0 536 88713 2022121420
57.2 6 0 0 541 88711 2022121420
57.2 6 0 0 548 88729 2022121420
52.0 6 0 0 554 88686 2022121420
57.2 6 0 0 558 88744 2022121420
31.2 3 0 0 561 88709 2022121420
57.2 6 0 0 566 88826 2022121420
62.4 6 0 0 572 88694 2022121420
57.2 6 0 0 576 88699 2022121420
26.0 3 0 0 577 88702 2022121420
62.4 6 0 0 583 88710 2022121420
57.2 6 0 0 587 88709 2022121420
57.2 6 0 0 591 88811 2022121420
62.4 7 0 0 594 88742 2022121420
31.2 3 0 0 597 88907 2022121420
57.2 6 0 0 599 88919 2022121420
67.6 7 0 0 603 88700 2022121420
62.4 7 0 0 606 88817 2022121420
62.4 6 0 0 609 88844 2022121420
31.2 3 0 0 610 88722 2022121420
62.4 6 0 0 613 88701 2022121420
62.4 6 0 0 616 88786 2022121420
62.4 6 0 0 617 88832 2022121420
31.2 3 0 0 619 88805 2022121420
62.4 7 0 0 621 88986 2022121420
67.6 7 0 0 623 88716 2022121420
62.4 6 0 0 624 88750 2022121420
62.4 7 0 0 626 88731 2022121420
36.4 4 0 0 627 88832 2022121420
62.4 6 0 0 628 88725 2022121420
67.6 7 0 0 631 88769 2022121420
67.6 7 0 0 632 88768 2022121420
62.4 7 0 0 634 88816 2022121420
31.2 3 0 0 634 89326 2022121420
67.6 7 0 0 635 88901 2022121420
62.4 6 0 0 637 89295 2022121420
67.6 7 0 0 637 88768 2022121420
31.2 3 0 0 637 88686 2022121420
62.4 6 0 0 638 88909 2022121420
72.7 8 0 0 638 88758 2022121420
57.2 6 0 0 639 88707 2022121420
72.7 8 0 0 639 89421 2022121420
31.2 3 0 0 639 88710 2022121420
67.6 7 0 0 641 88858 2022121420
62.4 6 0 0 641 88782 2022121420
72.7 8 0 0 641 88906 2022121420
26.0 3 0 0 641 88761 2022121420
67.6 7 0 0 641 88726 2022121420
67.6 7 0 0 641 88855 2022121420
67.6 7 0 0 641 88731 2022121420
62.4 6 0 0 641 88695 2022121420
31.2 3 0 0 641 88728 2022121420
67.6 7 0 0 641 88736 2022121420
62.4 6 0 0 641 89426 2022121420
67.6 7 0 0 641 88741 2022121420
36.4 4 0 0 641 89198 2022121420
67.6 7 0 0 641 88788 2022121420
62.4 6 0 0 641 88981 2022121420
67.6 7 0 0 641 89924 2022121420
62.4 6 0 0 641 89079 2022121420
36.4 4 0 0 641 88716 2022121420
62.4 6 0 0 641 88735 2022121420
72.7 7 0 0 641 88780 2022121420
62.4 6 0 0 641 88760 2022121420
67.6 7 0 0 641 88700 2022121420
31.2 3 0 0 641 88735 2022121420
62.4 6 0 0 641 88706 2022121420
67.6 7 0 0 641 88731 2022121420
62.4 6 0 0 641 88942 2022121420
36.4 4 0 0 641 88864 2022121420
62.4 6 0 0 641 88759 2022121420
67.6 7 0 0 642 88763 2022121420
62.4 7 0 0 642 88714 2022121420
72.7 7 0 0 642 88710 2022121420
31.2 3 0 0 643 88727 2022121420
67.6 7 0 0 643 88720 2022121420
67.6 7 0 0 643 88726 2022121420
67.6 7 0 0 645 88692 2022121420
62.4 6 0 0 646 88683 2022121420
31.2 3 0 0 646 88720 2022121420
67.6 7 0 0 648 88714 2022121420
67.6 7 0 0 648 88698 2022121420
67.6 7 0 0 649 88716 2022121420
31.2 3 0 0 650 88753 2022121420
72.7 8 0 0 652 88698 2022121420
62.4 7 0 0 653 88720 2022121420
67.6 7 0 0 654 88843 2022121420
67.6 7 0 0 656 88680 2022121420
36.4 4 0 0 657 88723 2022121420
62.4 6 0 0 659 88879 2022121420
67.6 7 0 0 660 88672 2022121420
67.6 7 0 0 661 88691 2022121420
72.7 8 0 0 664 88747 2022121420
36.4 4 0 0 666 88728 2022121420
67.6 7 0 0 667 88705 2022121420
62.4 7 0 0 670 88830 2022121420
72.7 8 0 0 672 88723 2022121420
36.4 4 0 0 675 88727 2022121420
62.4 6 0 0 678 88689 2022121420
72.7 7 0 0 681 88788 2022121420
67.6 7 0 0 685 89390 2022121420
77.9 8 0 0 688 88979 2022121420
31.2 3 0 0 689 88673 2022121420
72.7 8 0 0 693 88793 2022121420
72.7 8 0 0 697 88678 2022121420
72.7 8 0 0 701 88690 2022121420
31.2 3 0 0 703 88716 2022121420
77.9 8 0 0 708 88685 2022121420
67.6 7 0 0 712 88722 2022121420
77.9 8 0 0 717 88728 2022121420
72.7 7 0 0 722 88702 2022121420
36.4 4 0 0 725 88694 2022121420
72.7 7 0 0 730 88685 2022121420
77.9 8 0 0 734 88792 2022121420
72.7 8 0 0 741 88733 2022121420
77.9 8 0 0 747 89029 2022121420
41.6 4 0 0 751 88721 2022121420
72.7 7 0 0 758 88741 2022121420
83.1 8 0 0 765 88712 2022121420
72.7 7 0 0 772 88727 2022121420
41.6 4 0 0 774 88990 2022121420
77.9 8 0 0 781 88715 2022121420
77.9 8 0 0 790 88826 2022121420
83.1 8 0 0 797 88752 2022121420
83.1 8 0 0 805 88705 2022121420
36.4 4 0 0 810 88714 2022121420
88.3 9 0 0 819 88721 2022121420
77.9 8 0 0 827 88713 2022121420
88.3 9 0 0 836 88709 2022121420
83.1 9 0 0 846 88720 2022121420
46.8 5 0 0 852 88730 2022121420
88.3 9 0 0 860 88754 2022121420
88.3 9 0 0 871 88688 2022121420
93.5 10 0 0 882 88688 2022121420
41.6 4 0 0 888 88698 2022121420
98.7 10 0 0 899 88723 2022121420
77.9 8 0 92 699 99406 2022121420
5.20 1 1 22 631 88614 2022121420
31.2 3 0 0 634 88808 2022121420
130 13 0 0 645 88727 2022121420
67.6 7 0 0 657 88722 2022121420
67.6 7 0 0 667 88693 2022121420
67.6 7 0 0 678 88688 2022121420
36.4 4 0 0 682 88711 2022121420
67.6 7 0 0 693 88704 2022121420
72.7 8 0 0 703 88744 2022121420
72.7 8 0 0 711 91789 2022121420
67.6 7 0 0 719 95224 2022121420
31.2 3 0 0 725 95941 2022121420
72.7 8 0 0 733 97053 2022121420
67.6 7 0 0 741 98201 2022121420
67.6 7 0 0 750 99489 2022121420
31.2 3 0 0 752 99849 2022121420
46.8 5 0 6 537 99794 2022121420
15.6 2 1 0 529 88817 2022121420
130 13 0 0 536 88682 2022121420
52.0 6 0 0 541 88672 2022121420
31.2 3 0 0 544 88683 2022121420
52.0 6 0 0 550 88707 2022121420
57.2 6 0 0 555 88750 2022121420
57.2 6 0 0 561 88787 2022121420
57.2 6 0 0 566 88833 2022121420
31.2 3 0 0 569 88703 2022121420
57.2 6 0 0 575 88923 2022121420
57.2 6 0 0 579 88798 2022121420
57.2 6 0 0 583 88733 2022121420
31.2 3 0 0 584 88693 2022121420
62.4 7 0 0 588 88712 2022121420
62.4 6 0 0 592 88714 2022121420
62.4 6 0 0 597 88733 2022121420
57.2 6 0 0 599 89113 2022121420
36.4 4 0 0 601 88713 2022121420
57.2 6 0 0 605 88759 2022121420
62.4 7 0 0 608 88775 2022121420
67.6 7 0 0 610 88716 2022121420
26.0 3 0 0 612 88862 2022121420
62.4 6 0 0 614 88727 2022121420
67.6 7 0 0 616 88724 2022121420
62.4 7 0 0 619 88791 2022121420
62.4 6 0 0 621 88712 2022121420
31.2 3 0 0 621 88713 2022121420
67.6 7 0 0 623 88670 2022121420
62.4 6 0 0 626 88698 2022121420
67.6 7 0 0 627 88982 2022121420
62.4 7 0 0 628 88723 2022121420
31.2 3 0 0 630 88707 2022121420
67.6 7 0 0 631 88710 2022121420
62.4 6 0 0 632 88712 2022121420
62.4 7 0 0 634 88829 2022121420
36.4 4 0 0 635 88719 2022121420
62.4 6 0 0 635 88706 2022121420
67.6 7 0 0 637 88711 2022121420
67.6 7 0 0 637 88742 2022121420
62.4 6 0 0 638 88710 2022121420
36.4 4 0 0 638 88761 2022121420
62.4 6 0 0 639 88707 2022121420
67.6 7 0 0 639 88763 2022121420
62.4 7 0 0 639 88742 2022121420
72.7 8 0 0 639 88723 2022121420
26.0 3 0 0 641 88724 2022121420
67.6 7 0 0 641 88720 2022121420
67.6 7 0 0 641 88732 2022121420
67.6 7 0 0 641 88740 2022121420
36.4 4 0 0 641 89613 2022121420
62.4 6 0 0 641 88702 2022121420
67.6 7 0 0 641 88722 2022121420
67.6 7 0 0 641 88708 2022121420
31.2 3 0 0 641 88813 2022121420
67.6 7 0 0 641 88697 2022121420
67.6 7 0 0 641 88701 2022121420
62.4 6 0 0 641 88701 2022121420
62.4 7 0 0 641 88687 2022121420
36.4 4 0 0 641 88715 2022121420
67.6 7 0 0 641 88740 2022121420
62.4 6 0 0 641 88832 2022121420
67.6 7 0 0 641 88918 2022121420
62.4 6 0 0 641 89022 2022121420
36.4 4 0 0 641 89523 2022121420
67.6 7 0 0 641 90169 2022121420
62.4 6 0 0 641 88896 2022121420
62.4 7 0 0 641 88839 2022121420
36.4 4 0 0 641 88950 2022121420
62.4 6 0 0 641 91005 2022121420
67.6 7 0 0 641 91170 2022121420
67.6 7 0 0 641 90344 2022121420
31.2 3 0 0 641 89009 2022121420
72.7 7 0 0 642 89524 2022121420
72.7 7 0 0 642 89772 2022121420
36.4 4 0 0 642 91484 2022121420
46.9 5 0 0 652 1066838 2022121420
0.00 0 0 0 652 1066838 2022121420
0.00 0 0 0 652 1066838 2022121420
0.00 0 0 0 652 1066838 2022121420
0.00 0 0 0 652 1066838 2022121420
0.00 0 0 0 652 1066838 2022121420
0.00 0 0 0 652 1066838 2022121420
0.00 0 0 0 652 1066838 2022121420
0.00 0 0 0 652 1066838 2022121420
0.00 0 0 0 652 1066838 2022121420
0.00 0 0 0 652 1066838 2022121420
10.5 1 0 0 652 1066838 2022121420
0.00 0 0 0 652 1066838 2022121420
0.00 0 0 0 652 1066838 2022121420
0.00 0 0 0 652 1066838 2022121420
0.00 0 0 0 652 1066838 2022121420
0.00 0 0 0 652 1066838 2022121420
0.00 0 0 0 652 1066838 2022121420
0.00 0 0 0 652 1066838 2022121420
0.00 0 0 0 652 1066838 2022121420
0.00 0 0 0 652 1066838 2022121420
0.00 0 0 0 652 1066838 2022121420
0.00 0 0 0 652 1066838 2022121420
0.00 0 0 0 652 1066838 2022121420
59.4 3692 19 835 652 1066838 2022121420
