13.7 2 0 0 27 117671 2022121422
0.00 0 1 0 55 119517 2022121422
12.3 2 0 0 110 119845 2022121422
20.0 2 0 0 219 119086 2022121422
36.8 4 0 0 437 117395 2022121422
104 10 0 0 832 117143 2022121422
62.9 6 0 0 878 119153 2022121422
124 12 0 0 921 118099 2022121422
93.5 9 0 0 994 117068 2022121422
0.00 0 0 0 994 117068 2022121422
72.7 7 0 0 1016 120272 2022121422
10.5 1 0 0 1043 9734462 2022121422
115 11 0 0 1556 118373 2022121422
0.00 0 0 0 1556 118373 2022121422
0.00 0 0 0 1556 118373 2022121422
0.00 0 0 0 1556 118373 2022121422
0.00 0 0 0 1556 118373 2022121422
0.00 0 0 0 1556 118373 2022121422
0.00 0 0 0 1556 118373 2022121422
0.00 0 0 0 1556 118373 2022121422
0.00 0 0 0 1556 118373 2022121422
0.00 0 0 0 1556 118373 2022121422
0.00 0 0 0 1556 118373 2022121422
0.00 0 0 0 1556 118373 2022121422
0.00 0 0 0 1556 118373 2022121422
0.00 0 0 0 1556 118373 2022121422
0.00 0 0 0 1556 118373 2022121422
0.00 0 0 0 1556 118373 2022121422
0.00 0 0 0 1556 118373 2022121422
0.00 0 0 0 1556 118373 2022121422
0.00 0 0 0 1556 118373 2022121422
0.00 0 0 0 1556 118373 2022121422
0.00 0 0 0 1556 118373 2022121422
0.00 0 0 0 1556 118373 2022121422
0.00 0 0 0 1556 118373 2022121422
0.00 0 0 0 1556 118373 2022121422
0.00 0 0 0 1556 118373 2022121422
0.00 0 0 0 1556 118373 2022121422
0.00 0 0 0 1556 118373 2022121422
0.00 0 0 0 1556 118373 2022121422
0.00 0 0 0 1556 118373 2022121422
0.00 0 0 0 1556 118373 2022121422
0.00 0 0 0 1556 118373 2022121422
0.00 0 0 0 1556 118373 2022121422
0.00 0 0 0 1556 118373 2022121422
0.00 0 0 0 1556 118373 2022121422
0.00 0 0 0 1556 118373 2022121422
0.00 0 0 0 1556 118373 2022121422
0.00 0 0 0 1556 118373 2022121422
0.00 0 0 0 1556 118373 2022121422
0.00 0 0 0 1556 118373 2022121422
0.00 0 0 0 1556 118373 2022121422
0.00 0 0 0 1556 118373 2022121422
0.00 0 0 0 1556 118373 2022121422
0.00 0 0 0 1556 118373 2022121422
0.00 0 0 0 1556 118373 2022121422
0.00 0 0 0 1556 118373 2022121422
0.00 0 0 0 1556 118373 2022121422
0.00 0 0 0 1556 118373 2022121422
0.00 0 0 0 1556 118373 2022121422
0.00 0 0 0 1556 118373 2022121422
0.00 0 0 0 1556 118373 2022121422
0.00 0 0 0 1556 118373 2022121422
0.00 0 0 0 1556 118373 2022121422
0.00 0 0 0 1556 118373 2022121422
0.00 0 0 0 1556 118373 2022121422
0.00 0 0 0 1556 118373 2022121422
0.00 0 0 0 1556 118373 2022121422
0.00 0 0 0 1556 118373 2022121422
0.00 0 0 0 1556 118373 2022121422
0.00 0 0 0 1556 118373 2022121422
0.00 0 0 0 1556 118373 2022121422
0.00 0 0 0 1556 118373 2022121422
0.00 0 0 0 1556 118373 2022121422
0.00 0 0 0 1556 118373 2022121422
0.00 0 0 0 1556 118373 2022121422
0.00 0 0 0 1556 118373 2022121422
0.00 0 0 0 1556 118373 2022121422
0.00 0 0 0 1556 118373 2022121422
0.00 0 0 0 1556 118373 2022121422
0.00 0 0 0 1556 118373 2022121422
0.00 0 0 0 1556 118373 2022121422
0.00 0 0 0 1556 118373 2022121422
0.00 0 0 0 1556 118373 2022121422
0.00 0 0 0 1556 118373 2022121422
0.00 0 0 0 1556 118373 2022121422
0.00 0 0 0 1556 118373 2022121422
0.00 0 0 0 1556 118373 2022121422
0.00 0 0 0 1556 118373 2022121422
0.00 0 0 0 1556 118373 2022121422
0.00 0 0 0 1556 118373 2022121422
0.00 0 0 0 1556 118373 2022121422
0.00 0 0 0 1556 118373 2022121422
0.00 0 0 0 1556 118373 2022121422
0.00 0 0 0 1556 118373 2022121422
0.00 0 0 0 1556 118373 2022121422
0.00 0 0 0 1556 118373 2022121422
0.00 0 0 0 1556 118373 2022121422
0.00 0 0 0 1556 118373 2022121422
0.00 0 0 0 1556 118373 2022121422
0.00 0 0 0 1556 118373 2022121422
0.00 0 0 0 1556 118373 2022121422
0.00 0 0 0 1556 118373 2022121422
0.00 0 0 0 1556 118373 2022121422
0.00 0 0 0 1556 118373 2022121422
0.00 0 0 0 1556 118373 2022121422
0.00 0 0 0 1556 118373 2022121422
0.00 0 0 0 1556 118373 2022121422
0.00 0 0 0 1556 118373 2022121422
0.00 0 0 0 1556 118373 2022121422
0.00 0 0 0 1556 118373 2022121422
0.00 0 0 0 1556 118373 2022121422
0.00 0 0 0 1556 118373 2022121422
0.00 0 0 0 1556 118373 2022121422
0.00 0 0 0 1556 118373 2022121422
0.00 0 0 0 1556 118373 2022121422
0.00 0 0 0 1556 118373 2022121422
0.00 0 0 0 1556 118373 2022121422
0.00 0 0 0 1556 118373 2022121422
0.00 0 0 0 1556 118373 2022121422
0.00 0 0 0 1556 118373 2022121422
0.00 0 0 0 1556 118373 2022121422
0.00 0 0 0 1556 118373 2022121422
0.00 0 0 0 1556 118373 2022121422
0.00 0 0 0 1556 118373 2022121422
0.00 0 0 0 1556 118373 2022121422
0.00 0 0 0 1556 118373 2022121422
0.00 0 0 0 1556 118373 2022121422
0.00 0 0 0 1556 118373 2022121422
0.00 0 0 0 1556 118373 2022121422
0.00 0 0 0 1556 118373 2022121422
0.00 0 0 0 1556 118373 2022121422
0.00 0 0 0 1556 118373 2022121422
0.00 0 0 0 1556 118373 2022121422
0.00 0 0 0 1556 118373 2022121422
0.00 0 0 0 1556 118373 2022121422
0.00 0 0 0 1556 118373 2022121422
0.00 0 0 0 1556 118373 2022121422
0.00 0 0 0 1556 118373 2022121422
0.00 0 0 0 1556 118373 2022121422
0.00 0 0 0 1556 118373 2022121422
0.00 0 0 0 1556 118373 2022121422
0.00 0 0 0 1556 118373 2022121422
0.00 0 0 0 1556 118373 2022121422
0.00 0 0 0 1556 118373 2022121422
0.00 0 0 0 1556 118373 2022121422
0.00 0 0 0 1556 118373 2022121422
0.00 0 0 0 1556 118373 2022121422
0.00 0 0 0 1556 118373 2022121422
0.00 0 0 0 1556 118373 2022121422
0.00 0 0 0 1556 118373 2022121422
0.00 0 0 0 1556 118373 2022121422
0.00 0 0 0 1556 118373 2022121422
0.00 0 0 0 1556 118373 2022121422
0.00 0 0 0 1556 118373 2022121422
0.00 0 0 0 1556 118373 2022121422
0.00 0 0 0 1556 118373 2022121422
0.00 0 0 0 1556 118373 2022121422
0.00 0 0 0 1556 118373 2022121422
0.00 0 0 0 1556 118373 2022121422
0.00 0 0 0 1556 118373 2022121422
0.00 0 0 0 1556 118373 2022121422
0.00 0 0 0 1556 118373 2022121422
0.00 0 0 0 1556 118373 2022121422
0.00 0 0 0 1556 118373 2022121422
0.00 0 0 0 1556 118373 2022121422
0.00 0 0 0 1556 118373 2022121422
0.00 0 0 0 1556 118373 2022121422
0.00 0 0 0 1556 118373 2022121422
0.00 0 0 0 1556 118373 2022121422
0.00 0 0 0 1556 118373 2022121422
0.00 0 0 0 1556 118373 2022121422
0.00 0 0 0 1556 118373 2022121422
0.00 0 0 0 1556 118373 2022121422
0.00 0 0 0 1556 118373 2022121422
0.00 0 0 0 1556 118373 2022121422
0.00 0 0 0 1556 118373 2022121422
0.00 0 0 0 1556 118373 2022121422
0.00 0 0 0 1556 118373 2022121422
0.00 0 0 0 1556 118373 2022121422
0.00 0 0 0 1556 118373 2022121422
0.00 0 0 0 1556 118373 2022121422
0.00 0 0 0 1556 118373 2022121422
0.00 0 0 0 1556 118373 2022121422
0.00 0 0 0 1556 118373 2022121422
0.00 0 0 0 1556 118373 2022121422
0.00 0 0 0 1556 118373 2022121422
0.00 0 0 0 1556 118373 2022121422
0.00 0 0 0 1556 118373 2022121422
0.00 0 0 0 1556 118373 2022121422
0.00 0 0 0 1556 118373 2022121422
0.00 0 0 0 1556 118373 2022121422
0.00 0 0 0 1556 118373 2022121422
0.00 0 0 0 1556 118373 2022121422
0.00 0 0 0 1556 118373 2022121422
0.00 0 0 0 1556 118373 2022121422
0.00 0 0 0 1556 118373 2022121422
0.00 0 0 0 1556 118373 2022121422
0.00 0 0 0 1556 118373 2022121422
0.00 0 0 0 1556 118373 2022121422
0.00 0 0 0 1556 118373 2022121422
0.00 0 0 0 1556 118373 2022121422
0.00 0 0 0 1556 118373 2022121422
0.00 0 0 0 1556 118373 2022121422
0.00 0 0 0 1556 118373 2022121422
0.00 0 0 0 1556 118373 2022121422
0.00 0 0 0 1556 118373 2022121422
0.00 0 0 0 1556 118373 2022121422
0.00 0 0 0 1556 118373 2022121422
0.00 0 0 0 1556 118373 2022121422
0.00 0 0 0 1556 118373 2022121422
0.00 0 0 0 1556 118373 2022121422
0.00 0 0 0 1556 118373 2022121422
0.00 0 0 0 1556 118373 2022121422
0.00 0 0 0 1556 118373 2022121422
0.00 0 0 0 1556 118373 2022121422
0.00 0 0 0 1556 118373 2022121422
0.00 0 0 0 1556 118373 2022121422
0.00 0 0 0 1556 118373 2022121422
0.00 0 0 0 1556 118373 2022121422
0.00 0 0 0 1556 118373 2022121422
0.00 0 0 0 1556 118373 2022121422
0.00 0 0 0 1556 118373 2022121422
0.00 0 0 0 1556 118373 2022121422
0.00 0 0 0 1556 118373 2022121422
0.00 0 0 0 1556 118373 2022121422
0.00 0 0 0 1556 118373 2022121422
0.00 0 0 0 1556 118373 2022121422
0.00 0 0 0 1556 118373 2022121422
0.00 0 0 0 1556 118373 2022121422
0.00 0 0 0 1556 118373 2022121422
331 32 0 46 783 124097 2022121422
0.00 0 0 0 783 124097 2022121422
0.00 0 0 0 783 124097 2022121422
0.00 0 0 0 783 124097 2022121422
0.00 0 0 0 783 124097 2022121422
0.00 0 0 0 783 124097 2022121422
0.00 0 0 0 783 124097 2022121422
0.00 0 0 0 783 124097 2022121422
0.00 0 0 0 783 124097 2022121422
0.00 0 0 0 783 124097 2022121422
329 32 0 0 821 124633 2022121422
0.00 0 0 0 821 124633 2022121422
0.00 0 0 0 821 124633 2022121422
0.00 0 0 0 821 124633 2022121422
0.00 0 0 0 821 124633 2022121422
0.00 0 0 0 821 124633 2022121422
0.00 0 0 0 821 124633 2022121422
0.00 0 0 0 821 124633 2022121422
0.00 0 0 0 821 124633 2022121422
0.00 0 0 0 821 124633 2022121422
83.9 8 0 0 13 176565 2022121422
0.00 0 0 0 27 176565 2022121422
0.00 0 0 0 27 176565 2022121422
0.00 0 0 0 27 176565 2022121422
0.00 0 0 0 27 176565 2022121422
0.00 0 0 0 27 176565 2022121422
0.00 0 0 0 27 176565 2022121422
0.00 0 0 0 27 176565 2022121422
0.00 0 0 0 27 176565 2022121422
0.00 0 0 0 27 176565 2022121422
0.00 0 0 0 27 176565 2022121422
0.00 0 0 0 27 176565 2022121422
0.00 0 0 0 27 176565 2022121422
0.00 0 0 0 27 176565 2022121422
0.00 0 0 0 27 176565 2022121422
0.00 0 0 0 27 176565 2022121422
0.00 0 0 0 27 176565 2022121422
0.00 0 0 0 27 176565 2022121422
0.00 0 0 0 27 176565 2022121422
0.00 0 0 0 27 176565 2022121422
0.00 0 0 0 27 176565 2022121422
0.00 0 0 0 27 176565 2022121422
0.00 0 0 0 27 176565 2022121422
0.00 0 0 0 27 176565 2022121422
0.00 0 0 0 27 176565 2022121422
0.00 0 0 0 27 176565 2022121422
0.00 0 0 0 27 176565 2022121422
0.00 0 0 0 27 176565 2022121422
0.00 0 0 0 27 176565 2022121422
0.00 0 0 0 27 176565 2022121422
0.00 0 0 0 27 176565 2022121422
0.00 0 0 0 27 176565 2022121422
0.00 0 0 0 27 176565 2022121422
0.00 0 0 0 27 176565 2022121422
0.00 0 0 0 27 176565 2022121422
0.00 0 0 0 27 176565 2022121422
0.00 0 0 0 27 176565 2022121422
0.00 0 0 0 27 176565 2022121422
0.00 0 0 0 27 176565 2022121422
0.00 0 0 0 27 176565 2022121422
0.00 0 0 0 27 176565 2022121422
0.00 0 0 0 27 176565 2022121422
0.00 0 0 0 27 176565 2022121422
0.00 0 0 0 27 176565 2022121422
0.00 0 0 0 27 176565 2022121422
0.00 0 0 0 27 176565 2022121422
0.00 0 0 0 27 176565 2022121422
0.00 0 0 0 27 176565 2022121422
0.00 0 0 0 27 176565 2022121422
0.00 0 0 0 27 176565 2022121422
0.00 0 0 0 27 176565 2022121422
0.00 0 0 0 27 176565 2022121422
0.00 0 0 0 27 176565 2022121422
0.00 0 0 0 27 176565 2022121422
0.00 0 0 0 27 176565 2022121422
0.00 0 0 0 27 176565 2022121422
0.00 0 0 0 27 176565 2022121422
0.00 0 0 0 27 176565 2022121422
0.00 0 0 0 27 176565 2022121422
0.00 0 0 0 27 176565 2022121422
0.00 0 0 0 27 176565 2022121422
0.00 0 0 0 27 176565 2022121422
0.00 0 0 0 27 176565 2022121422
0.00 0 0 0 27 176565 2022121422
0.00 0 0 0 27 176565 2022121422
0.00 0 0 0 27 176565 2022121422
0.00 0 0 0 27 176565 2022121422
0.00 0 0 0 27 176565 2022121422
0.00 0 0 0 27 176565 2022121422
0.00 0 0 0 27 176565 2022121422
0.00 0 0 0 27 176565 2022121422
0.00 0 0 0 27 176565 2022121422
0.00 0 0 0 27 176565 2022121422
0.00 0 0 0 27 176565 2022121422
0.00 0 0 0 27 176565 2022121422
0.00 0 0 0 27 176565 2022121422
0.00 0 0 0 27 176565 2022121422
0.00 0 0 0 27 176565 2022121422
0.00 0 0 0 27 176565 2022121422
0.00 0 0 0 27 176565 2022121422
0.00 0 0 0 27 176565 2022121422
0.00 0 0 0 27 176565 2022121422
0.00 0 0 0 27 176565 2022121422
0.00 0 0 0 27 176565 2022121422
0.00 0 0 0 27 176565 2022121422
0.00 0 0 0 27 176565 2022121422
0.00 0 0 0 27 176565 2022121422
0.00 0 0 0 27 176565 2022121422
0.00 0 0 0 27 176565 2022121422
0.00 0 0 0 27 176565 2022121422
0.00 0 0 0 27 176565 2022121422
0.00 0 0 0 27 176565 2022121422
0.00 0 0 0 27 176565 2022121422
0.00 0 0 0 27 176565 2022121422
0.00 0 0 0 27 176565 2022121422
0.00 0 0 0 27 176565 2022121422
0.00 0 0 0 27 176565 2022121422
0.00 0 0 0 27 176565 2022121422
0.00 0 0 0 27 176565 2022121422
0.00 0 0 0 27 176565 2022121422
0.00 0 0 0 27 176565 2022121422
0.00 0 0 0 27 176565 2022121422
0.00 0 0 0 27 176565 2022121422
157 15 0 0 27 3034988 2022121422
0.00 0 0 0 55 3034988 2022121422
0.00 0 0 0 55 3034988 2022121422
0.00 0 0 0 55 3034988 2022121422
21.0 2 0 0 55 2390071 2022121422
0.00 0 0 0 79 2390071 2022121422
0.00 0 0 0 79 2390071 2022121422
0.00 0 0 0 79 2390071 2022121422
0.00 0 0 0 79 2390071 2022121422
0.00 0 0 0 79 2390071 2022121422
0.00 0 0 0 79 2390071 2022121422
0.00 0 0 0 79 2390071 2022121422
0.00 0 0 0 79 2390071 2022121422
0.00 0 0 0 79 2390071 2022121422
0.00 0 0 0 79 2390071 2022121422
0.00 0 0 0 79 2390071 2022121422
0.00 0 0 0 79 2390071 2022121422
0.00 0 0 0 79 2390071 2022121422
0.00 0 0 0 79 2390071 2022121422
0.00 0 0 0 79 2390071 2022121422
0.00 0 0 0 79 2390071 2022121422
0.00 0 0 0 79 2390071 2022121422
0.00 0 0 0 79 2390071 2022121422
0.00 0 0 0 79 2390071 2022121422
0.00 0 0 0 79 2390071 2022121422
0.00 0 0 0 79 2390071 2022121422
0.00 0 0 0 79 2390071 2022121422
0.00 0 0 0 79 2390071 2022121422
0.00 0 0 0 79 2390071 2022121422
0.00 0 0 0 79 2390071 2022121422
0.00 0 0 0 79 2390071 2022121422
0.00 0 0 0 79 2390071 2022121422
0.00 0 0 0 79 2390071 2022121422
0.00 0 0 0 79 2390071 2022121422
0.00 0 0 0 79 2390071 2022121422
0.00 0 0 0 79 2390071 2022121422
0.00 0 0 0 79 2390071 2022121422
0.00 0 0 0 79 2390071 2022121422
0.00 0 0 0 79 2390071 2022121422
0.00 0 0 0 79 2390071 2022121422
0.00 0 0 0 79 2390071 2022121422
0.00 0 0 0 79 2390071 2022121422
0.00 0 0 0 79 2390071 2022121422
0.00 0 0 0 79 2390071 2022121422
0.00 0 0 0 79 2390071 2022121422
0.00 0 0 0 79 2390071 2022121422
0.00 0 0 0 79 2390071 2022121422
0.00 0 0 0 79 2390071 2022121422
0.00 0 0 0 79 2390071 2022121422
0.00 0 0 0 79 2390071 2022121422
0.00 0 0 0 79 2390071 2022121422
0.00 0 0 0 79 2390071 2022121422
0.00 0 0 0 79 2390071 2022121422
0.00 0 0 0 79 2390071 2022121422
0.00 0 0 0 79 2390071 2022121422
0.00 0 0 0 79 2390071 2022121422
0.00 0 0 0 79 2390071 2022121422
0.00 0 0 0 79 2390071 2022121422
0.00 0 0 0 79 2390071 2022121422
0.00 0 0 0 79 2390071 2022121422
0.00 0 0 0 79 2390071 2022121422
0.00 0 0 0 79 2390071 2022121422
0.00 0 0 0 79 2390071 2022121422
0.00 0 0 0 79 2390071 2022121422
0.00 0 0 0 79 2390071 2022121422
0.00 0 0 0 79 2390071 2022121422
0.00 0 0 0 79 2390071 2022121422
0.00 0 0 0 79 2390071 2022121422
0.00 0 0 0 79 2390071 2022121422
0.00 0 0 0 79 2390071 2022121422
0.00 0 0 0 79 2390071 2022121422
0.00 0 0 0 79 2390071 2022121422
0.00 0 0 0 79 2390071 2022121422
0.00 0 0 0 79 2390071 2022121422
0.00 0 0 0 79 2390071 2022121422
0.00 0 0 0 79 2390071 2022121422
0.00 0 0 0 79 2390071 2022121422
0.00 0 0 0 79 2390071 2022121422
0.00 0 0 0 79 2390071 2022121422
0.00 0 0 0 79 2390071 2022121422
0.00 0 0 0 79 2390071 2022121422
0.00 0 0 0 79 2390071 2022121422
0.00 0 0 0 79 2390071 2022121422
0.00 0 0 0 79 2390071 2022121422
0.00 0 0 0 79 2390071 2022121422
0.00 0 0 0 79 2390071 2022121422
0.00 0 0 0 79 2390071 2022121422
0.00 0 0 0 79 2390071 2022121422
0.00 0 0 0 79 2390071 2022121422
0.00 0 0 0 79 2390071 2022121422
0.00 0 0 0 79 2390071 2022121422
0.00 0 0 0 79 2390071 2022121422
94.4 9 0 0 79 3330612 2022121422
0.00 0 0 0 118 3330612 2022121422
0.00 0 0 0 118 3330612 2022121422
10.5 1 0 0 118 3330612 2022121422
0.00 0 0 0 118 3330612 2022121422
0.00 0 0 0 118 3330612 2022121422
0.00 0 0 0 118 3330612 2022121422
0.00 0 0 0 118 3330612 2022121422
0.00 0 0 0 118 3330612 2022121422
0.00 0 0 0 118 3330612 2022121422
0.00 0 0 0 118 3330612 2022121422
0.00 0 0 0 118 3330612 2022121422
0.00 0 0 0 118 3330612 2022121422
0.00 0 0 0 118 3330612 2022121422
0.00 0 0 0 118 3330612 2022121422
0.00 0 0 0 118 3330612 2022121422
0.00 0 0 0 118 3330612 2022121422
0.00 0 0 0 118 3330612 2022121422
0.00 0 0 0 118 3330612 2022121422
0.00 0 0 0 118 3330612 2022121422
0.00 0 0 0 118 3330612 2022121422
0.00 0 0 0 118 3330612 2022121422
0.00 0 0 0 118 3330612 2022121422
0.00 0 0 0 118 3330612 2022121422
0.00 0 0 0 118 3330612 2022121422
0.00 0 0 0 118 3330612 2022121422
0.00 0 0 0 118 3330612 2022121422
0.00 0 0 0 118 3330612 2022121422
0.00 0 0 0 118 3330612 2022121422
0.00 0 0 0 118 3330612 2022121422
0.00 0 0 0 118 3330612 2022121422
0.00 0 0 0 118 3330612 2022121422
0.00 0 0 0 118 3330612 2022121422
0.00 0 0 0 118 3330612 2022121422
0.00 0 0 0 118 3330612 2022121422
0.00 0 0 0 118 3330612 2022121422
0.00 0 0 0 118 3330612 2022121422
0.00 0 0 0 118 3330612 2022121422
0.00 0 0 0 118 3330612 2022121422
0.00 0 0 0 118 3330612 2022121422
0.00 0 0 0 118 3330612 2022121422
0.00 0 0 0 118 3330612 2022121422
0.00 0 0 0 118 3330612 2022121422
0.00 0 0 0 118 3330612 2022121422
0.00 0 0 0 118 3330612 2022121422
0.00 0 0 0 118 3330612 2022121422
0.00 0 0 0 118 3330612 2022121422
0.00 0 0 0 118 3330612 2022121422
0.00 0 0 0 118 3330612 2022121422
0.00 0 0 0 118 3330612 2022121422
0.00 0 0 0 118 3330612 2022121422
0.00 0 0 0 118 3330612 2022121422
0.00 0 0 0 118 3330612 2022121422
0.00 0 0 0 118 3330612 2022121422
0.00 0 0 0 118 3330612 2022121422
0.00 0 0 0 118 3330612 2022121422
0.00 0 0 0 118 3330612 2022121422
0.00 0 0 0 118 3330612 2022121422
0.00 0 0 0 118 3330612 2022121422
0.00 0 0 0 118 3330612 2022121422
0.00 0 0 0 118 3330612 2022121422
0.00 0 0 0 118 3330612 2022121422
0.00 0 0 0 118 3330612 2022121422
0.00 0 0 0 118 3330612 2022121422
0.00 0 0 0 118 3330612 2022121422
0.00 0 0 0 118 3330612 2022121422
0.00 0 0 0 118 3330612 2022121422
0.00 0 0 0 118 3330612 2022121422
0.00 0 0 0 118 3330612 2022121422
0.00 0 0 0 118 3330612 2022121422
0.00 0 0 0 118 3330612 2022121422
0.00 0 0 0 118 3330612 2022121422
0.00 0 0 0 118 3330612 2022121422
0.00 0 0 0 118 3330612 2022121422
0.00 0 0 0 118 3330612 2022121422
0.00 0 0 0 118 3330612 2022121422
0.00 0 0 0 118 3330612 2022121422
0.00 0 0 0 118 3330612 2022121422
0.00 0 0 0 118 3330612 2022121422
0.00 0 0 0 118 3330612 2022121422
0.00 0 0 0 118 3330612 2022121422
0.00 0 0 0 118 3330612 2022121422
0.00 0 0 0 118 3330612 2022121422
0.00 0 0 0 118 3330612 2022121422
0.00 0 0 0 118 3330612 2022121422
0.00 0 0 0 118 3330612 2022121422
0.00 0 0 0 118 3330612 2022121422
0.00 0 0 0 118 3330612 2022121422
0.00 0 0 0 118 3330612 2022121422
0.00 0 0 0 118 3330612 2022121422
0.00 0 0 0 118 3330612 2022121422
0.00 0 0 0 118 3330612 2022121422
0.00 0 0 0 118 3330612 2022121422
0.00 0 0 0 118 3330612 2022121422
0.00 0 0 0 118 3330612 2022121422
0.00 0 0 0 118 3330612 2022121422
0.00 0 0 0 118 3330612 2022121422
0.00 0 0 0 118 3330612 2022121422
0.00 0 0 0 118 3330612 2022121422
0.00 0 0 0 118 3330612 2022121422
0.00 0 0 0 118 3330612 2022121422
0.00 0 0 0 118 3330612 2022121422
55.8 6 0 0 237 130605 2022121422
0.00 0 0 0 237 130605 2022121422
5.20 1 1 0 763 116993 2022121422
0.00 0 0 0 763 116993 2022121422
57.2 6 0 0 962 117228 2022121422
31.2 3 0 0 1161 116986 2022121422
26.0 3 0 0 1412 119028 2022121422
77.9 8 0 7 951 117434 2022121422
83.1 9 0 213 932 116567 2022121422
0.00 0 1 0 1198 117050 2022121422
135 13 0 0 1217 117051 2022121422
26.0 3 0 17 630 118843 2022121422
93.5 9 0 3 706 119305 2022121422
57.2 6 0 0 867 118339 2022121422
46.8 5 0 0 874 121559 2022121422
26.0 3 0 0 878 119055 2022121422
72.7 7 0 0 886 121132 2022121422
67.6 7 0 0 900 117454 2022121422
72.7 7 0 0 903 113951 2022121422
46.8 5 0 0 911 118742 2022121422
72.7 7 0 0 916 118088 2022121422
26.0 3 0 0 922 117423 2022121422
77.9 8 0 0 925 119228 2022121422
46.8 5 0 0 939 193616 2022121422
0.00 0 0 0 952 193616 2022121422
0.00 0 0 0 952 193616 2022121422
52.4 5 0 0 952 193616 2022121422
0.00 0 0 0 952 193616 2022121422
213 21 0 0 963 118044 2022121422
0.00 0 0 0 963 118044 2022121422
109 11 0 0 966 117983 2022121422
46.8 5 0 0 972 122283 2022121422
83.1 8 0 0 977 118269 2022121422
0.00 0 0 0 977 118269 2022121422
77.9 8 0 0 983 118662 2022121422
109 11 0 0 985 118524 2022121422
46.8 5 0 0 988 119142 2022121422
62.4 6 0 0 990 118667 2022121422
104 10 0 0 996 119196 2022121422
57.2 6 0 0 999 118726 2022121422
52.0 5 0 0 1002 118490 2022121422
52.0 5 0 0 1003 119184 2022121422
114 11 0 0 1009 118447 2022121422
46.8 5 0 0 1010 119058 2022121422
62.4 6 0 0 1012 117191 2022121422
52.0 5 0 0 1014 118197 2022121422
114 11 0 0 1017 118469 2022121422
52.0 5 0 0 1019 114202 2022121422
52.0 5 0 0 1020 122675 2022121422
62.4 6 0 0 1021 118381 2022121422
104 10 0 0 1024 115297 2022121422
62.4 6 0 0 1025 113494 2022121422
7.80 465 3 286 1025 113494 2022121422
