16.3 2 0 0 27 95000 2022121417
13.0 2 1 0 55 100443 2022121417
19.8 2 0 0 110 95395 2022121417
42.0 5 0 0 220 95048 2022121417
88.3 9 0 0 377 101743 2022121417
72.7 8 0 4 387 97552 2022121417
0.00 0 1 0 275 95303 2022121417
31.2 3 1 0 281 95060 2022121417
41.6 5 0 0 288 95007 2022121417
31.2 4 0 0 293 94960 2022121417
20.8 2 1 0 303 94983 2022121417
10.4 1 0 0 303 94992 2022121417
41.6 5 0 0 307 95041 2022121417
20.8 2 1 0 314 95037 2022121417
26.0 3 0 0 321 95045 2022121417
26.0 3 1 0 325 95000 2022121417
26.0 3 0 0 326 95030 2022121417
31.2 3 1 0 332 94985 2022121417
26.0 3 0 0 336 95076 2022121417
26.0 3 1 0 340 95049 2022121417
31.2 3 0 0 343 95048 2022121417
26.0 3 0 0 346 94997 2022121417
31.2 4 0 0 350 95014 2022121417
36.4 4 0 0 353 95024 2022121417
46.8 5 0 0 355 95082 2022121417
0.00 0 1 0 358 95612 2022121417
31.2 3 1 0 361 95367 2022121417
52.0 6 0 0 364 95761 2022121417
31.2 4 0 0 366 95091 2022121417
31.2 4 0 0 369 95071 2022121417
15.6 2 0 0 370 95053 2022121417
46.8 5 0 0 372 95044 2022121417
31.2 3 1 0 375 95050 2022121417
31.2 3 0 0 376 95031 2022121417
26.0 3 0 0 377 97020 2022121417
31.2 4 0 0 379 95055 2022121417
36.4 4 0 0 381 95055 2022121417
31.2 4 0 0 383 95069 2022121417
31.2 4 0 0 384 95854 2022121417
31.2 3 0 0 386 95067 2022121417
31.2 3 0 0 387 95366 2022121417
31.2 4 0 0 388 95089 2022121417
41.6 4 0 0 390 95320 2022121417
46.8 5 0 0 390 95179 2022121417
5.20 1 0 0 391 95152 2022121417
36.4 4 0 0 391 95036 2022121417
46.8 5 0 0 392 95815 2022121417
41.6 5 0 0 392 95044 2022121417
5.20 1 0 0 392 95140 2022121417
41.6 4 0 0 394 95250 2022121417
52.0 5 0 0 394 96746 2022121417
31.2 3 1 0 394 95032 2022121417
36.4 4 0 0 395 95097 2022121417
26.0 3 0 0 395 95046 2022121417
36.4 4 0 0 395 95427 2022121417
31.2 4 0 0 395 95045 2022121417
36.4 4 0 0 395 95006 2022121417
31.2 4 0 0 395 95839 2022121417
31.2 3 0 0 395 95031 2022121417
31.2 3 0 0 395 95256 2022121417
36.4 4 0 0 395 95447 2022121417
36.4 4 0 0 395 95023 2022121417
26.0 3 0 0 395 95178 2022121417
31.2 3 0 0 395 95039 2022121417
36.4 4 0 0 395 95014 2022121417
41.6 5 0 0 395 95104 2022121417
46.8 5 0 0 395 95445 2022121417
5.20 1 0 0 395 96442 2022121417
41.6 4 0 0 395 94991 2022121417
52.0 5 0 0 395 95111 2022121417
36.4 4 0 0 395 95035 2022121417
31.2 4 0 0 395 94977 2022121417
26.0 3 0 0 395 96412 2022121417
36.4 4 0 0 395 95001 2022121417
36.4 4 0 0 395 95206 2022121417
31.2 4 0 0 395 95361 2022121417
26.0 3 0 0 395 95007 2022121417
36.4 4 0 0 395 95003 2022121417
36.4 4 0 0 395 95589 2022121417
31.2 4 0 0 397 95015 2022121417
41.6 4 0 0 397 95466 2022121417
20.8 2 0 0 397 95017 2022121417
36.4 4 0 0 397 95029 2022121417
41.6 4 0 0 398 95038 2022121417
46.8 5 0 0 398 95659 2022121417
10.4 1 0 0 399 95028 2022121417
36.4 4 0 0 399 95176 2022121417
41.6 5 0 0 401 95057 2022121417
46.8 5 0 0 401 95076 2022121417
36.4 4 0 0 402 95004 2022121417
10.4 1 0 0 402 95056 2022121417
52.0 6 0 0 404 95510 2022121417
36.4 4 0 0 405 95177 2022121417
36.4 4 0 0 406 95012 2022121417
36.4 4 0 0 408 95266 2022121417
31.2 3 0 0 409 95100 2022121417
36.4 4 0 0 410 95006 2022121417
31.2 4 0 0 412 95020 2022121417
41.6 4 0 0 413 95060 2022121417
26.0 3 0 0 415 95040 2022121417
36.4 4 0 0 416 95389 2022121417
36.4 4 0 0 419 95035 2022121417
46.8 5 0 0 421 95043 2022121417
52.0 5 0 0 423 95054 2022121417
10.4 1 0 0 426 95013 2022121417
36.4 4 0 0 428 95097 2022121417
57.2 6 0 0 431 95806 2022121417
41.6 4 0 0 432 95697 2022121417
41.6 4 0 0 437 94971 2022121417
15.6 2 0 0 438 95387 2022121417
52.0 5 0 0 442 95050 2022121417
41.6 4 0 0 445 95032 2022121417
41.6 4 0 0 450 95005 2022121417
31.2 3 0 0 450 95016 2022121417
41.6 4 0 0 455 95080 2022121417
41.6 5 0 0 460 95035 2022121417
41.6 4 0 0 464 95023 2022121417
46.8 5 0 0 470 95546 2022121417
31.2 3 0 0 472 94996 2022121417
41.6 4 0 0 478 95015 2022121417
46.8 5 0 0 482 95007 2022121417
46.8 5 0 0 488 95043 2022121417
62.4 6 0 0 493 95045 2022121417
15.6 2 0 0 496 95008 2022121417
46.8 5 0 0 503 94996 2022121417
67.6 7 0 0 508 95751 2022121417
52.0 5 0 0 514 95112 2022121417
10.4 1 0 0 519 95026 2022121417
62.4 7 0 0 526 95059 2022121417
62.4 6 0 0 532 95169 2022121417
46.8 5 0 0 540 94992 2022121417
52.0 5 0 0 550 94996 2022121417
36.4 4 0 0 551 95037 2022121417
52.0 5 0 0 561 94991 2022121417
57.2 6 0 0 570 95275 2022121417
52.0 6 0 0 579 95013 2022121417
57.2 6 0 0 587 95126 2022121417
41.6 4 0 0 594 95215 2022121417
52.0 6 0 0 602 95081 2022121417
57.2 6 0 0 610 95049 2022121417
67.6 7 0 0 620 95129 2022121417
36.4 4 0 0 627 95198 2022121417
57.2 6 0 0 637 95051 2022121417
62.4 7 0 0 648 95043 2022121417
88.3 9 0 0 657 95306 2022121417
67.6 7 0 0 668 95082 2022121417
15.6 2 0 0 677 95258 2022121417
72.7 7 0 0 686 95091 2022121417
77.9 8 0 0 699 95044 2022121417
57.2 6 0 0 714 95029 2022121417
67.6 7 0 0 728 95091 2022121417
41.6 4 0 0 730 95043 2022121417
67.6 7 0 0 745 95024 2022121417
62.4 7 0 0 762 95046 2022121417
67.6 7 0 0 776 95028 2022121417
52.0 5 0 0 780 95079 2022121417
67.6 7 0 0 797 95084 2022121417
72.7 8 0 0 813 95379 2022121417
67.6 7 0 0 827 95413 2022121417
88.3 9 0 0 842 95078 2022121417
41.6 4 0 0 853 95024 2022121417
72.7 7 0 0 868 95044 2022121417
77.9 8 0 0 883 95028 2022121417
109 11 0 0 899 95127 2022121417
88.3 9 0 0 916 95040 2022121417
20.8 2 0 0 929 95158 2022121417
104 11 0 0 945 95129 2022121417
98.7 10 0 0 963 95023 2022121417
83.1 9 0 0 985 95123 2022121417
46.8 5 0 0 994 95047 2022121417
104 10 0 0 1013 95290 2022121417
88.3 9 0 0 1036 95341 2022121417
93.5 9 0 0 1060 95091 2022121417
88.3 9 0 0 1078 95145 2022121417
72.7 7 0 0 1089 95157 2022121417
98.7 10 0 0 1114 95162 2022121417
93.5 10 0 0 1134 95190 2022121417
109 11 0 0 1155 95073 2022121417
67.6 7 0 0 1170 95288 2022121417
98.7 10 0 0 1192 95779 2022121417
109 11 0 0 1214 95097 2022121417
130 13 0 0 1236 95070 2022121417
135 13 0 0 1260 95226 2022121417
26.0 3 0 0 1278 95072 2022121417
125 12 0 0 1301 95070 2022121417
151 15 0 0 1323 95191 2022121417
125 13 0 0 1355 95373 2022121417
125 13 0 0 1383 95179 2022121417
67.6 7 0 0 1392 95111 2022121417
140 14 0 0 1420 95062 2022121417
130 13 0 0 1451 95336 2022121417
120 12 0 0 1485 95364 2022121417
98.7 10 0 0 1491 95057 2022121417
130 13 0 0 1525 95132 2022121417
77.9 8 0 25 1071 94959 2022121417
161 16 0 0 1089 95130 2022121417
83.1 8 0 0 1094 95072 2022121417
98.7 10 0 0 1114 95164 2022121417
93.5 9 0 0 1129 95120 2022121417
109 11 0 0 1143 95060 2022121417
120 12 0 0 1156 95044 2022121417
52.0 5 0 0 1165 95071 2022121417
109 11 0 0 1178 95112 2022121417
114 12 0 0 1191 95054 2022121417
130 13 0 0 1203 95098 2022121417
114 12 0 0 1217 95133 2022121417
41.6 4 0 0 1224 95111 2022121417
135 13 0 0 1235 95094 2022121417
120 12 0 0 1247 95764 2022121417
109 11 0 0 1261 95218 2022121417
57.2 6 0 0 1265 95113 2022121417
130 13 0 0 1276 95082 2022121417
120 12 0 0 1289 95193 2022121417
114 11 0 0 1300 95051 2022121417
114 12 0 0 1309 95066 2022121417
83.1 8 0 0 1312 95175 2022121417
120 12 0 0 1323 95092 2022121417
114 11 0 0 1334 95072 2022121417
125 13 0 0 1343 95101 2022121417
145 15 0 0 1351 95124 2022121417
57.2 6 0 0 1356 96170 2022121417
125 12 0 0 1363 95082 2022121417
135 13 0 0 1372 95085 2022121417
151 15 0 0 1380 95093 2022121417
36.4 4 0 0 1384 95109 2022121417
140 14 0 0 1391 95091 2022121417
151 15 0 0 1399 95064 2022121417
135 14 0 0 1406 95127 2022121417
125 13 0 0 1413 95221 2022121417
67.6 7 0 0 1416 95091 2022121417
151 15 0 0 1423 95131 2022121417
125 12 0 0 1429 95269 2022121417
130 13 0 0 1435 95342 2022121417
125 12 0 0 1440 95090 2022121417
93.5 9 0 0 1442 95071 2022121417
130 13 0 0 1449 95144 2022121417
130 13 0 0 1454 95080 2022121417
135 13 0 0 1458 95075 2022121417
88.3 9 0 0 1461 95086 2022121417
130 13 0 0 1465 95168 2022121417
135 14 0 52 1267 95506 2022121417
41.7 4 0 0 1027 95025 2022121417
140 14 0 0 1036 95188 2022121417
130 13 0 0 1046 95041 2022121417
98.7 10 0 88 795 101474 2022121417
0.00 0 2 99 707 94959 2022121417
20.8 2 0 0 708 95222 2022121417
135 14 0 0 718 95109 2022121417
77.9 8 0 0 726 95116 2022121417
72.7 8 0 0 733 95179 2022121417
31.2 3 0 0 739 97963 2022121417
67.6 7 0 0 745 98961 2022121417
72.7 8 0 0 754 100006 2022121417
67.6 7 0 0 761 100807 2022121417
67.6 7 0 0 768 101937 2022121417
36.4 4 0 0 772 102461 2022121417
67.6 7 0 0 777 103396 2022121417
67.6 7 0 0 784 104179 2022121417
67.6 7 0 0 790 105253 2022121417
67.6 7 0 0 795 105939 2022121417
36.4 4 0 0 798 106473 2022121417
52.0 5 0 3 606 106152 2022121417
5.20 1 1 2 559 94934 2022121417
120 12 0 0 565 95249 2022121417
36.4 4 0 0 568 95024 2022121417
57.2 6 0 0 575 95032 2022121417
57.2 6 0 0 580 95198 2022121417
52.0 6 0 0 587 95131 2022121417
57.2 6 0 0 592 95158 2022121417
31.2 3 0 0 594 95019 2022121417
57.2 6 0 0 599 95178 2022121417
52.0 6 0 0 605 95127 2022121417
57.2 6 0 0 609 95025 2022121417
62.4 6 0 0 614 95095 2022121417
31.2 3 0 0 617 95068 2022121417
57.2 6 0 0 621 95189 2022121417
57.2 6 0 0 626 95204 2022121417
62.4 6 0 0 630 94994 2022121417
31.2 3 0 0 631 95012 2022121417
57.2 6 0 0 635 95019 2022121417
62.4 6 0 0 638 95025 2022121417
62.4 6 0 0 641 95043 2022121417
62.4 6 0 0 645 95227 2022121417
31.2 3 0 0 646 95053 2022121417
62.4 6 0 0 649 95279 2022121417
62.4 6 0 0 652 95102 2022121417
62.4 7 0 0 654 95024 2022121417
62.4 7 0 0 656 95130 2022121417
31.2 3 0 0 657 95104 2022121417
62.4 6 0 0 660 95027 2022121417
62.4 6 0 0 661 95111 2022121417
62.4 6 0 0 663 95107 2022121417
31.2 3 0 0 664 95001 2022121417
67.6 7 0 0 666 95014 2022121417
62.4 6 0 0 667 95004 2022121417
62.4 6 0 0 668 95052 2022121417
67.6 7 0 0 671 95036 2022121417
31.2 3 0 0 671 95039 2022121417
62.4 7 0 0 672 95027 2022121417
67.6 7 0 0 674 95005 2022121417
67.6 7 0 0 675 95034 2022121417
62.4 6 0 0 675 95098 2022121417
31.2 3 0 0 675 95043 2022121417
67.6 7 0 0 677 95043 2022121417
67.6 7 0 0 677 95158 2022121417
62.4 7 0 0 678 95182 2022121417
31.2 3 0 0 678 95077 2022121417
67.6 7 0 0 678 95022 2022121417
62.4 6 0 0 679 95032 2022121417
67.6 7 0 0 679 95006 2022121417
62.4 6 0 0 679 95056 2022121417
31.2 3 0 0 679 95042 2022121417
67.6 7 0 0 679 95012 2022121417
67.6 7 0 0 679 95017 2022121417
62.4 6 0 0 679 95049 2022121417
67.6 7 0 0 679 95057 2022121417
31.2 3 0 0 679 95133 2022121417
62.4 7 0 0 679 95013 2022121417
67.6 7 0 0 679 95018 2022121417
67.6 7 0 0 679 94998 2022121417
31.2 3 0 0 679 95066 2022121417
62.4 6 0 0 679 95014 2022121417
67.6 7 0 0 679 95168 2022121417
62.4 6 0 0 679 95015 2022121417
67.6 7 0 0 679 95143 2022121417
31.2 3 0 0 679 95824 2022121417
67.6 7 0 0 679 95198 2022121417
62.4 6 0 0 679 95460 2022121417
62.4 6 0 0 679 95700 2022121417
67.6 7 0 0 679 95808 2022121417
31.2 3 0 0 679 95141 2022121417
62.4 7 0 0 679 94989 2022121417
67.6 7 0 0 679 95042 2022121417
62.4 6 0 0 679 95179 2022121417
36.4 4 0 0 679 95490 2022121417
67.6 7 0 0 679 95023 2022121417
62.4 6 0 0 681 95070 2022121417
67.6 7 0 0 681 95043 2022121417
67.6 7 0 0 681 95060 2022121417
31.2 3 0 0 682 95032 2022121417
57.2 6 0 0 682 95061 2022121417
72.7 8 0 0 682 95067 2022121417
67.6 7 0 0 683 95161 2022121417
62.4 7 0 0 685 95035 2022121417
31.2 3 0 0 685 95014 2022121417
72.7 8 0 0 686 95022 2022121417
62.4 7 0 0 686 95002 2022121417
62.4 6 0 0 688 95026 2022121417
41.6 4 0 0 689 94996 2022121417
57.2 6 0 0 690 95199 2022121417
67.6 7 0 0 692 95034 2022121417
67.6 7 0 0 693 95011 2022121417
62.4 7 0 0 694 95008 2022121417
36.4 4 0 0 696 95244 2022121417
67.6 7 0 0 697 95050 2022121417
67.6 7 0 0 699 95011 2022121417
67.6 7 0 0 700 95032 2022121417
72.7 7 0 0 703 95447 2022121417
26.0 3 0 0 704 95128 2022121417
67.6 7 0 0 706 95021 2022121417
72.7 7 0 0 708 95092 2022121417
67.6 7 0 0 711 95047 2022121417
26.0 3 0 0 714 95014 2022121417
72.7 7 0 0 717 95045 2022121417
72.7 8 0 0 719 95150 2022121417
67.6 7 0 0 722 95043 2022121417
67.6 7 0 0 726 95012 2022121417
41.6 4 0 0 728 95029 2022121417
62.4 7 0 0 732 95217 2022121417
72.7 8 0 0 736 95005 2022121417
67.6 7 0 0 740 95010 2022121417
67.6 7 0 0 744 94990 2022121417
41.6 4 0 0 745 95004 2022121417
72.7 8 0 0 751 95060 2022121417
67.6 7 0 0 755 95016 2022121417
72.7 8 0 0 761 95013 2022121417
41.6 4 0 0 763 95036 2022121417
67.6 7 0 0 769 94990 2022121417
77.9 8 0 0 774 95012 2022121417
77.9 8 0 0 780 95016 2022121417
72.7 7 0 0 785 95009 2022121417
31.2 3 0 0 788 95111 2022121417
77.9 8 0 0 795 95344 2022121417
77.9 8 0 0 802 95039 2022121417
77.9 8 0 0 809 95123 2022121417
77.9 8 0 0 816 95212 2022121417
41.6 4 0 0 819 95046 2022121417
72.7 8 0 0 827 95121 2022121417
83.1 8 0 0 836 95133 2022121417
77.9 8 0 0 843 95064 2022121417
41.6 4 0 0 848 95060 2022121417
83.1 9 0 0 857 95186 2022121417
77.9 8 0 0 865 95045 2022121417
83.1 8 0 0 874 95100 2022121417
83.1 8 0 0 883 95021 2022121417
41.6 4 0 0 889 95373 2022121417
83.1 9 0 0 899 95079 2022121417
88.3 9 0 0 910 95052 2022121417
93.5 10 0 0 919 95231 2022121417
83.1 9 0 0 930 95393 2022121417
36.4 4 0 0 934 95093 2022121417
98.7 10 0 0 947 95098 2022121417
88.3 9 0 0 956 95038 2022121417
88.3 9 0 0 970 95047 2022121417
46.8 5 0 0 977 95157 2022121417
98.7 10 0 0 988 95070 2022121417
88.3 9 0 0 1001 103970 2022121417
36.4 4 1 150 700 105750 2022121417
26.0 3 1 0 703 95181 2022121417
83.1 8 0 0 710 95164 2022121417
98.7 10 0 0 722 95032 2022121417
67.6 7 0 0 733 95339 2022121417
67.6 7 0 0 744 97976 2022121417
67.6 7 0 0 755 99638 2022121417
36.4 4 0 0 761 100388 2022121417
67.6 7 0 0 770 101938 2022121417
67.6 7 0 0 780 103208 2022121417
67.6 7 0 0 790 104497 2022121417
36.4 4 0 0 795 105264 2022121417
67.6 7 0 0 805 106431 2022121417
36.4 4 1 8 562 105841 2022121417
31.2 3 1 0 563 95138 2022121417
114 12 0 0 570 95049 2022121417
31.2 3 0 0 573 95030 2022121417
57.2 6 0 0 580 95111 2022121417
52.0 6 0 0 586 95036 2022121417
57.2 6 0 0 591 95101 2022121417
57.2 6 0 0 597 95066 2022121417
31.2 3 0 0 599 95043 2022121417
52.0 6 0 0 605 95066 2022121417
57.2 6 0 0 610 95152 2022121417
62.4 6 0 0 614 95252 2022121417
26.0 3 0 0 617 95075 2022121417
57.2 6 0 0 621 95217 2022121417
62.4 7 0 0 626 95049 2022121417
62.4 6 0 0 630 95107 2022121417
62.4 7 0 0 634 95239 2022121417
26.0 3 0 0 635 95110 2022121417
62.4 6 0 0 639 95531 2022121417
62.4 6 0 0 642 95060 2022121417
62.4 7 0 0 646 95067 2022121417
62.4 6 0 0 649 95130 2022121417
31.2 3 0 0 650 95064 2022121417
62.4 7 0 0 653 95143 2022121417
62.4 6 0 0 656 95209 2022121417
57.2 6 0 0 659 95011 2022121417
36.4 4 0 0 660 95043 2022121417
62.4 6 0 0 663 95101 2022121417
62.4 6 0 0 664 95060 2022121417
62.4 7 0 0 666 95132 2022121417
67.6 7 0 0 667 95150 2022121417
31.2 3 0 0 668 95000 2022121417
62.4 6 0 0 670 95113 2022121417
67.6 7 0 0 671 95035 2022121417
67.6 7 0 0 672 95087 2022121417
62.4 6 0 0 675 95027 2022121417
31.2 3 0 0 675 95028 2022121417
67.6 7 0 0 677 95039 2022121417
62.4 6 0 0 678 95004 2022121417
67.6 7 0 0 679 95091 2022121417
31.2 3 0 0 679 95046 2022121417
67.6 7 0 0 679 95007 2022121417
62.4 6 0 0 681 95029 2022121417
67.6 7 0 0 681 95035 2022121417
62.4 6 0 0 682 95032 2022121417
36.4 4 0 0 682 95011 2022121417
62.4 6 0 0 682 95148 2022121417
67.6 7 0 0 683 95088 2022121417
62.4 6 0 0 683 95099 2022121417
67.6 7 0 0 683 95018 2022121417
31.2 3 0 0 683 95019 2022121417
67.6 7 0 0 683 95052 2022121417
67.6 7 0 0 683 95055 2022121417
67.6 7 0 0 683 95022 2022121417
31.2 3 0 0 683 95028 2022121417
67.6 7 0 0 683 95082 2022121417
62.4 6 0 0 683 95034 2022121417
67.6 7 0 0 683 95016 2022121417
67.6 7 0 0 683 95038 2022121417
31.2 3 0 0 683 95109 2022121417
67.6 7 0 0 683 95046 2022121417
67.6 7 0 0 683 95046 2022121417
62.4 6 0 0 683 95071 2022121417
62.4 7 0 0 683 95035 2022121417
36.4 4 0 0 683 95009 2022121417
67.6 7 0 0 683 95006 2022121417
62.4 6 0 0 683 95030 2022121417
67.6 7 0 0 683 95030 2022121417
36.4 4 0 0 683 95009 2022121417
62.4 6 0 0 683 95050 2022121417
62.4 7 0 0 683 95007 2022121417
67.6 7 0 0 683 95045 2022121417
67.6 7 0 0 683 95058 2022121417
31.2 3 0 0 683 95023 2022121417
67.6 7 0 0 683 95203 2022121417
67.6 7 0 0 685 95052 2022121417
67.6 7 0 0 685 95017 2022121417
62.4 6 0 0 685 95035 2022121417
36.4 4 0 0 686 95003 2022121417
62.4 6 0 0 686 95013 2022121417
67.6 7 0 0 688 95017 2022121417
62.4 6 0 0 688 95180 2022121417
36.4 4 0 0 688 95013 2022121417
67.6 7 0 0 689 95024 2022121417
62.4 6 0 0 690 95036 2022121417
67.6 7 0 0 690 95108 2022121417
67.6 7 0 0 692 95353 2022121417
31.2 3 0 0 693 95049 2022121417
67.6 7 0 0 694 95072 2022121417
62.4 7 0 0 696 95003 2022121417
72.7 7 0 0 697 95142 2022121417
67.6 7 0 0 699 95058 2022121417
31.2 3 0 0 700 95043 2022121417
67.6 7 0 0 701 95056 2022121417
67.6 7 0 0 703 95133 2022121417
67.6 7 0 0 704 95058 2022121417
31.2 3 0 0 706 95222 2022121417
72.7 8 0 0 708 95047 2022121417
67.6 7 0 0 711 95018 2022121417
67.6 7 0 0 714 95204 2022121417
67.6 7 0 0 717 95107 2022121417
36.4 4 0 0 718 95140 2022121417
67.6 7 0 0 721 95050 2022121417
67.6 7 0 0 723 95042 2022121417
67.6 7 0 0 728 95000 2022121417
67.6 7 0 0 730 95055 2022121417
41.6 4 0 0 732 95026 2022121417
67.6 7 0 0 736 95051 2022121417
72.7 7 0 0 740 95206 2022121417
67.6 7 0 0 744 95032 2022121417
36.4 4 0 0 747 95017 2022121417
72.7 8 0 0 751 95068 2022121417
72.7 8 0 0 755 95034 2022121417
72.7 8 0 0 761 95089 2022121417
77.9 8 0 0 766 95040 2022121417
31.2 3 0 0 768 95049 2022121417
72.7 8 0 0 773 95047 2022121417
77.9 8 0 0 779 95008 2022121417
72.7 8 0 0 784 95141 2022121417
72.7 8 0 0 791 95015 2022121417
41.6 4 0 0 794 95000 2022121417
77.9 8 0 0 801 95398 2022121417
72.7 7 0 0 808 95044 2022121417
72.7 7 0 0 814 95050 2022121417
46.8 5 0 0 817 95074 2022121417
72.7 8 0 0 824 95094 2022121417
77.9 8 0 0 832 95081 2022121417
83.1 9 0 0 841 95118 2022121417
77.9 8 0 0 849 95023 2022121417
41.6 4 0 0 853 95123 2022121417
83.1 8 0 0 861 95032 2022121417
77.9 8 0 0 870 95009 2022121417
88.3 9 0 0 879 95039 2022121417
83.1 9 0 0 889 95090 2022121417
41.6 4 0 0 894 95031 2022121417
93.5 9 0 0 904 95015 2022121417
83.1 9 0 0 914 95095 2022121417
88.3 9 0 0 925 95078 2022121417
41.6 4 0 0 930 95156 2022121417
93.5 9 0 0 941 95039 2022121417
88.3 9 0 0 952 95376 2022121417
88.3 9 0 0 965 95060 2022121417
93.5 10 0 14 916 105449 2022121417
26.0 3 0 92 681 103536 2022121417
0.00 0 2 25 682 94907 2022121417
120 12 0 0 692 95129 2022121417
88.3 9 0 0 706 95004 2022121417
36.4 4 0 0 710 95034 2022121417
67.6 7 0 0 721 95044 2022121417
67.6 7 0 0 732 95053 2022121417
67.6 7 0 0 743 95078 2022121417
72.7 7 0 0 752 95382 2022121417
36.4 4 0 0 758 97536 2022121417
72.7 8 0 0 766 101535 2022121417
67.6 7 0 0 776 102653 2022121417
67.6 7 0 0 785 103883 2022121417
31.2 3 0 0 790 104470 2022121417
67.6 7 0 0 798 105591 2022121417
72.7 8 0 4 712 106283 2022121417
5.20 1 1 3 562 94931 2022121417
93.5 9 0 0 566 95337 2022121417
46.8 5 0 0 569 95150 2022121417
62.4 7 0 0 576 95238 2022121417
52.0 6 0 0 581 95172 2022121417
57.2 6 0 0 588 95060 2022121417
57.2 6 0 0 594 95131 2022121417
26.0 3 0 0 597 95115 2022121417
62.4 6 0 0 602 95141 2022121417
57.2 6 0 0 606 95170 2022121417
57.2 6 0 0 612 95437 2022121417
26.0 3 0 0 614 95524 2022121417
62.4 6 0 0 619 95934 2022121417
62.4 7 0 0 623 96413 2022121417
52.0 5 0 0 627 97257 2022121417
36.4 4 0 0 630 97227 2022121417
57.2 6 0 0 634 99626 2022121417
62.4 7 0 0 638 97571 2022121417
52.0 6 0 17 317 102065 2022121417
36.4 4 0 0 448 106652 2022121417
5.20 1 0 0 449 101731 2022121417
61.1 3781 22 586 449 101731 2022121417
