37.8 20221222
37.8 20221222
39.9 20221222
36.6 20221222
37.2 20221222
39.9 20221222
37.6 20221222
39.9 20221222
37.2 20221222
39.8 20221222
39.9 20221222
40.0 20221222
40.0 20221222
39.9 20221222
40.0 20221222
39.9 20221222
0.417 20221222
1.98 20221222
2.09 20221222
36.2 20221222
37.2 20221222
2.07 20221222
39.8 20221222
39.7 20221222
39.9 20221222
36.2 20221222
32.9 20221222
40.0 20221222
39.8 20221222
40.0 20221222
39.9 20221222
37.1 20221222
39.9 20221222
40.0 20221222
37.3 20221222
39.9 20221222
39.9 20221222
36.3 20221222
36.7 20221222
36.7 20221222
0.537 20221222
40.4 20221222
0.546 20221222
40.0 20221222
36.7 20221222
0.999 20221222
40.1 20221222
35.9 20221222
40.1 20221222
40.1 20221222
42.5 20221222
40.0 20221222
38.5 20221222
39.7 20221222
40.0 20221222
39.8 20221222
39.9 20221222
39.5 20221222
34.9 20221222
40.0 20221222
37.9 20221222
39.9 20221222
40.3 20221222
41.9 20221222
40.1 20221222
39.9 20221222
39.9 20221222
39.9 20221222
36.9 20221222
35.7 20221222
39.8 20221222
39.9 20221222
37.0 20221222
38.1 20221222
40.2 20221222
36.3 20221222
36.3 20221222
40.1 20221222
37.2 20221222
39.8 20221222
39.8 20221222
40.0 20221222
42.2 20221222
40.4 20221222
37.7 20221222
39.4 20221222
36.7 20221222
39.3 20221222
0.521 20221222
0.497 20221222
0.484 20221222
0.502 20221222
1.33 20221222
0.518 20221222
1.96 20221222
0.531 20221222
0.555 20221222
40.0 20221222
36.2 20221222
0.507 20221222
3.43 20221222
36.9 20221222
39.7 20221222
36.8 20221222
40.0 20221222
40.0 20221222
37.6 20221222
37.9 20221222
39.6 20221222
40.0 20221222
40.0 20221222
36.9 20221222
37.4 20221222
0.519 20221222
0.520 20221222
40.0 20221222
38.0 20221222
39.2 20221222
36.7 20221222
37.2 20221222
40.1 20221222
40.1 20221222
40.0 20221222
40.1 20221222
0.547 20221222
36.1 20221222
38.6 20221222
40.0 20221222
36.9 20221222
39.5 20221222
33.1 20221222
39.9 20221222
36.7 20221222
37.0 20221222
39.9 20221222
39.9 20221222
39.9 20221222
36.2 20221222
40.0 20221222
40.0 20221222
39.7 20221222
36.7 20221222
37.1 20221222
38.2 20221222
35.9 20221222
44.1 20221222
40.0 20221222
40.0 20221222
36.2 20221222
39.9 20221222
40.0 20221222
40.0 20221222
36.0 20221222
36.4 20221222
40.1 20221222
40.1 20221222
40.1 20221222
36.5 20221222
40.3 20221222
39.9 20221222
40.0 20221222
33.5 20221222
40.0 20221222
39.8 20221222
44.1 20221222
40.0 20221222
39.9 20221222
40.1 20221222
37.9 20221222
40.1 20221222
38.1 20221222
40.1 20221222
40.1 20221222
80.2 20221222
40.0 20221222
37.1 20221222
39.9 20221222
37.3 20221222
40.0 20221222
3.33 20221222
44.0 20221222
40.0 20221222
36.8 20221222
0.649 20221222
40.0 20221222
39.9 20221222
40.0 20221222
1.44 20221222
40.0 20221222
3.74 20221222
2.66 20221222
36.6 20221222
0.428 20221222
40.0 20221222
36.7 20221222
36.8 20221222
37.4 20221222
39.9 20221222
39.9 20221222
37.2 20221222
0.443 20221222
0.468 20221222
0.491 20221222
0.866 20221222
39.9 20221222
40.0 20221222
39.9 20221222
39.9 20221222
39.9 20221222
36.4 20221222
44.0 20221222
40.0 20221222
35.7 20221222
39.9 20221222
37.0 20221222
37.4 20221222
40.0 20221222
116 20221222
36.2 20221222
39.8 20221222
0.630 20221222
0.480 20221222
0.471 20221222
79.8 20221222
0.662 20221222
2.03 20221222
0.541 20221222
39.7 20221222
36.3 20221222
39.9 20221222
36.2 20221222
36.6 20221222
36.2 20221222
36.3 20221222
39.7 20221222
39.7 20221222
39.9 20221222
36.2 20221222
40.0 20221222
36.2 20221222
36.4 20221222
80.0 20221222
39.6 20221222
40.1 20221222
39.9 20221222
36.5 20221222
36.3 20221222
36.2 20221222
40.0 20221222
37.0 20221222
36.0 20221222
36.5 20221222
36.3 20221222
39.7 20221222
39.9 20221222
36.4 20221222
39.9 20221222
36.2 20221222
36.4 20221222
39.9 20221222
40.0 20221222
36.5 20221222
36.7 20221222
39.7 20221222
2.82 20221222
2.99 20221222
3.60 20221222
39.9 20221222
3.55 20221222
39.6 20221222
3.47 20221222
0.554 20221222
39.9 20221222
39.8 20221222
40.2 20221222
39.7 20221222
37.1 20221222
40.3 20221222
39.6 20221222
39.9 20221222
37.5 20221222
40.0 20221222
37.0 20221222
33.3 20221222
40.0 20221222
36.4 20221222
40.0 20221222
36.5 20221222
36.6 20221222
36.5 20221222
40.1 20221222
37.1 20221222
40.0 20221222
40.0 20221222
37.2 20221222
37.7 20221222
40.0 20221222
36.2 20221222
0.485 20221222
1.07 20221222
37.6 20221222
33.4 20221222
35.9 20221222
37.1 20221222
37.2 20221222
39.9 20221222
35.9 20221222
32.8 20221222
39.9 20221222
36.6 20221222
39.8 20221222
36.8 20221222
39.8 20221222
35.8 20221222
39.9 20221222
0.447 20221222
35.5 20221222
39.8 20221222
39.7 20221222
80.3 20221222
36.3 20221222
33.0 20221222
40.0 20221222
39.9 20221222
39.9 20221222
40.0 20221222
37.8 20221222
39.9 20221222
37.3 20221222
38.2 20221222
39.9 20221222
36.1 20221222
40.0 20221222
36.2 20221222
39.9 20221222
39.9 20221222
36.2 20221222
40.0 20221222
40.1 20221222
36.4 20221222
36.9 20221222
39.9 20221222
40.0 20221222
36.5 20221222
36.4 20221222
0.452 20221222
0.403 20221222
40.0 20221222
40.0 20221222
37.6 20221222
39.2 20221222
39.9 20221222
37.3 20221222
37.8 20221222
38.3 20221222
40.0 20221222
40.0 20221222
36.6 20221222
37.0 20221222
40.0 20221222
36.9 20221222
37.7 20221222
44.0 20221222
40.0 20221222
32.2 20221222
40.0 20221222
36.8 20221222
40.0 20221222
40.0 20221222
36.5 20221222
37.1 20221222
40.1 20221222
36.4 20221222
36.5 20221222
40.0 20221222
39.3 20221222
0.528 20221222
40.0 20221222
40.0 20221222
36.2 20221222
40.1 20221222
39.7 20221222
38.0 20221222
37.8 20221222
36.8 20221222
40.0 20221222
40.0 20221222
39.9 20221222
76.9 20221222
39.9 20221222
40.0 20221222
40.0 20221222
35.9 20221222
37.1 20221222
40.0 20221222
36.5 20221222
0.393 20221222
0.474 20221222
0.348 20221222
2.25 20221222
0.438 20221222
1.79 20221222
40.0 20221222
39.8 20221222
40.0 20221222
36.9 20221222
39.9 20221222
40.1 20221222
36.6 20221222
39.8 20221222
39.7 20221222
37.3 20221222
39.9 20221222
39.8 20221222
36.0 20221222
40.0 20221222
36.3 20221222
40.0 20221222
0.532 20221222
39.9 20221222
36.0 20221222
40.1 20221222
39.8 20221222
40.0 20221222
39.9 20221222
40.0 20221222
36.4 20221222
0.522 20221222
0.453 20221222
40.0 20221222
40.0 20221222
39.7 20221222
41.9 20221222
39.9 20221222
40.7 20221222
39.7 20221222
42.2 20221222
39.8 20221222
39.7 20221222
40.0 20221222
39.9 20221222
39.9 20221222
36.2 20221222
39.7 20221222
39.9 20221222
40.3 20221222
0.914 20221222
39.7 20221222
40.2 20221222
35.6 20221222
39.7 20221222
36.3 20221222
32.6 20221222
39.9 20221222
36.9 20221222
37.6 20221222
39.8 20221222
40.1 20221222
40.2 20221222
36.7 20221222
40.1 20221222
39.9 20221222
36.6 20221222
40.0 20221222
40.0 20221222
36.2 20221222
40.0 20221222
36.2 20221222
0.563 20221222
40.2 20221222
36.7 20221222
2.91 20221222
0.581 20221222
0.780 20221222
0.900 20221222
2.86 20221222
3.00 20221222
0.615 20221222
2.39 20221222
2.92 20221222
39.7 20221222
39.7 20221222
39.7 20221222
39.7 20221222
40.0 20221222
40.8 20221222
3.12 20221222
36.2 20221222
36.9 20221222
39.8 20221222
37.2 20221222
39.7 20221222
36.3 20221222
39.8 20221222
2.57 20221222
39.8 20221222
36.3 20221222
0.575 20221222
1.25 20221222
0.593 20221222
0.680 20221222
0.672 20221222
0.541 20221222
2.24 20221222
0.467 20221222
3.35 20221222
0.505 20221222
0.447 20221222
1.07 20221222
1.25 20221222
37.3 20221222
39.9 20221222
39.9 20221222
36.5 20221222
0.475 20221222
0.929 20221222
1.47 20221222
0.750 20221222
39.7 20221222
36.3 20221222
40.0 20221222
39.7 20221222
116 20221222
40.1 20221222
36.9 20221222
38.3 20221222
40.0 20221222
40.0 20221222
40.0 20221222
39.9 20221222
40.0 20221222
40.0 20221222
40.1 20221222
1.70 20221222
39.8 20221222
36.1 20221222
39.8 20221222
39.7 20221222
39.8 20221222
40.0 20221222
40.2 20221222
0.552 20221222
0.404 20221222
0.454 20221222
35.9 20221222
40.0 20221222
39.7 20221222
36.3 20221222
39.7 20221222
39.7 20221222
39.7 20221222
40.1 20221222
36.5 20221222
39.8 20221222
39.9 20221222
36.7 20221222
39.8 20221222
36.2 20221222
39.9 20221222
32.5 20221222
0.542 20221222
2.22 20221222
42.8 20221222
40.0 20221222
39.7 20221222
39.8 20221222
40.0 20221222
37.9 20221222
39.2 20221222
39.9 20221222
39.8 20221222
39.7 20221222
39.8 20221222
32.2 20221222
0.497 20221222
40.0 20221222
40.0 20221222
39.7 20221222
39.7 20221222
39.9 20221222
40.1 20221222
39.9 20221222
39.8 20221222
35.6 20221222
39.9 20221222
36.3 20221222
39.7 20221222
40.2 20221222
39.9 20221222
36.6 20221222
39.8 20221222
39.3 20221222
40.1 20221222
36.4 20221222
36.8 20221222
0.449 20221222
39.8 20221222
36.9 20221222
0.442 20221222
1.28 20221222
36.6 20221222
36.2 20221222
39.9 20221222
40.0 20221222
39.9 20221222
36.9 20221222
0.482 20221222
39.9 20221222
1.96 20221222
36.4 20221222
36.4 20221222
40.0 20221222
36.4 20221222
36.9 20221222
40.0 20221222
36.0 20221222
36.9 20221222
40.0 20221222
36.2 20221222
37.1 20221222
40.0 20221222
40.1 20221222
0.614 20221222
0.568 20221222
3.29 20221222
0.492 20221222
40.0 20221222
40.0 20221222
3.44 20221222
40.0 20221222
37.2 20221222
38.6 20221222
38.6 20221222
39.8 20221222
40.0 20221222
39.8 20221222
39.9 20221222
35.9 20221222
36.3 20221222
40.0 20221222
36.0 20221222
40.0 20221222
39.9 20221222
37.8 20221222
39.9 20221222
36.8 20221222
36.4 20221222
40.0 20221222
36.5 20221222
36.3 20221222
40.0 20221222
40.0 20221222
36.7 20221222
33.6 20221222
35.7 20221222
36.2 20221222
39.7 20221222
36.2 20221222
0.485 20221222
2.82 20221222
3.49 20221222
3.54 20221222
39.8 20221222
36.7 20221222
39.7 20221222
39.6 20221222
39.6 20221222
39.8 20221222
39.7 20221222
35.9 20221222
40.1 20221222
1.11 20221222
0.485 20221222
0.533 20221222
0.486 20221222
1.17 20221222
1.28 20221222
1.00 20221222
0.500 20221222
0.950 20221222
36.6 20221222
2.08 20221222
40.0 20221222
36.3 20221222
36.4 20221222
40.0 20221222
36.4 20221222
40.0 20221222
40.3 20221222
40.0 20221222
40.2 20221222
39.9 20221222
0.558 20221222
39.9 20221222
39.8 20221222
39.8 20221222
39.7 20221222
76.3 20221222
36.0 20221222
36.6 20221222
76.8 20221222
40.0 20221222
36.7 20221222
37.9 20221222
39.8 20221222
0.461 20221222
3.00 20221222
0.606 20221222
0.426 20221222
3.54 20221222
0.508 20221222
3.60 20221222
36.9 20221222
1.39 20221222
3.31 20221222
36.5 20221222
0.957 20221222
3.33 20221222
3.45 20221222
36.6 20221222
39.9 20221222
36.3 20221222
36.5 20221222
39.9 20221222
36.6 20221222
39.8 20221222
36.4 20221222
39.7 20221222
39.9 20221222
36.0 20221222
39.7 20221222
39.9 20221222
39.9 20221222
35.7 20221222
40.1 20221222
36.7 20221222
37.5 20221222
40.0 20221222
40.0 20221222
39.9 20221222
36.7 20221222
39.9 20221222
116 20221222
40.3 20221222
35.9 20221222
0.468 20221222
0.528 20221222
39.8 20221222
1.15 20221222
33.4 20221222
3.60 20221222
39.7 20221222
37.4 20221222
79.8 20221222
40.6 20221222
36.5 20221222
39.9 20221222
116 20221222
36.5 20221222
40.0 20221222
40.0 20221222
36.2 20221222
37.0 20221222
1.96 20221222
0.647 20221222
39.9 20221222
40.1 20221222
40.1 20221222
37.9 20221222
40.0 20221222
37.2 20221222
38.7 20221222
36.6 20221222
37.5 20221222
35.0 20221222
39.9 20221222
39.9 20221222
40.0 20221222
36.7 20221222
0.484 20221222
39.7 20221222
39.9 20221222
36.9 20221222
38.4 20221222
39.8 20221222
35.7 20221222
39.9 20221222
36.8 20221222
0.472 20221222
0.449 20221222
1.24 20221222
0.710 20221222
0.466 20221222
40.0 20221222
0.702 20221222
0.514 20221222
0.581 20221222
40.0 20221222
36.2 20221222
39.9 20221222
39.7 20221222
39.8 20221222
0.512 20221222
0.937 20221222
39.0 20221222
40.0 20221222
36.3 20221222
36.3 20221222
37.5 20221222
0.546 20221222
0.635 20221222
0.639 20221222
1.35 20221222
39.7 20221222
39.8 20221222
2.61 20221222
3.17 20221222
3.35 20221222
39.7 20221222
39.8 20221222
0.702 20221222
3.09 20221222
36.6 20221222
36.7 20221222
0.942 20221222
0.837 20221222
1.53 20221222
1.38 20221222
40.0 20221222
36.0 20221222
39.9 20221222
39.9 20221222
39.7 20221222
36.2 20221222
39.8 20221222
39.2 20221222
39.9 20221222
39.8 20221222
39.7 20221222
39.7 20221222
39.9 20221222
37.4 20221222
43.9 20221222
39.9 20221222
0.530 20221222
39.7 20221222
36.5 20221222
39.8 20221222
36.0 20221222
38.9 20221222
3.03 20221222
39.9 20221222
36.2 20221222
36.4 20221222
39.8 20221222
0.707 20221222
39.7 20221222
39.9 20221222
35.9 20221222
39.4 20221222
39.9 20221222
39.9 20221222
37.2 20221222
38.4 20221222
39.9 20221222
40.0 20221222
36.8 20221222
39.9 20221222
39.9 20221222
40.1 20221222
40.0 20221222
38.6 20221222
0.479 20221222
0.531 20221222
39.9 20221222
37.1 20221222
40.0 20221222
40.1 20221222
3.67 20221222
0.430 20221222
1.91 20221222
44.0 20221222
40.0 20221222
40.1 20221222
37.7 20221222
37.2 20221222
39.9 20221222
37.1 20221222
40.0 20221222
40.0 20221222
39.9 20221222
40.1 20221222
37.4 20221222
35.8 20221222
39.8 20221222
44.3 20221222
39.9 20221222
36.7 20221222
41.6 20221222
38.7 20221222
39.8 20221222
39.9 20221222
36.6 20221222
40.0 20221222
40.0 20221222
36.3 20221222
35.7 20221222
39.8 20221222
39.8 20221222
40.0 20221222
36.0 20221222
36.1 20221222
39.8 20221222
40.8 20221222
40.0 20221222
36.9 20221222
39.8 20221222
40.0 20221222
40.0 20221222
39.9 20221222
37.7 20221222
38.2 20221222
44.0 20221222
0.489 20221222
39.7 20221222
39.7 20221222
0.800 20221222
1.92 20221222
0.516 20221222
0.667 20221222
39.6 20221222
0.466 20221222
0.550 20221222
3.09 20221222
36.5 20221222
37.1 20221222
0.679 20221222
39.7 20221222
36.7 20221222
38.2 20221222
39.9 20221222
39.9 20221222
40.0 20221222
41.8 20221222
39.6 20221222
39.5 20221222
39.9 20221222
0.609 20221222
2.51 20221222
0.483 20221222
2.37 20221222
3.16 20221222
3.33 20221222
39.8 20221222
39.7 20221222
39.8 20221222
39.9 20221222
36.7 20221222
37.5 20221222
0.674 20221222
40.0 20221222
36.4 20221222
80.1 20221222
39.9 20221222
40.0 20221222
40.0 20221222
3.85 20221222
36.3 20221222
32.8 20221222
3.85 20221222
39.9 20221222
40.6 20221222
3.12 20221222
36.8 20221222
36.8 20221222
39.8 20221222
40.1 20221222
2.03 20221222
77.8 20221222
2.15 20221222
1.07 20221222
40.0 20221222
39.9 20221222
40.1 20221222
37.1 20221222
38.6 20221222
44.0 20221222
40.1 20221222
40.0 20221222
40.1 20221222
40.0 20221222
40.1 20221222
37.2 20221222
38.0 20221222
39.9 20221222
35.8 20221222
40.1 20221222
37.5 20221222
38.8 20221222
40.0 20221222
40.1 20221222
44.0 20221222
40.0 20221222
41.1 20221222
38.2 20221222
40.0 20221222
36.0 20221222
39.9 20221222
40.0 20221222
38.5 20221222
40.0 20221222
40.1 20221222
40.0 20221222
0.474 20221222
0.552 20221222
0.436 20221222
0.437 20221222
0.481 20221222
0.551 20221222
2.11 20221222
37.7 20221222
2.55 20221222
35.8 20221222
36.7 20221222
39.9 20221222
39.8 20221222
37.3 20221222
39.9 20221222
39.9 20221222
40.0 20221222
36.2 20221222
36.4 20221222
40.1 20221222
39.7 20221222
39.7 20221222
37.5 20221222
38.7 20221222
40.0 20221222
39.9 20221222
35.9 20221222
37.0 20221222
2.15 20221222
40.6 20221222
37.6 20221222
39.6 20221222
116 20221222
37.3 20221222
38.2 20221222
40.2 20221222
0.598 20221222
39.8 20221222
35.8 20221222
36.2 20221222
0.474 20221222
0.565 20221222
36.8 20221222
39.8 20221222
40.1 20221222
37.5 20221222
35.7 20221222
0.604 20221222
0.454 20221222
2.87 20221222
39.7 20221222
37.3 20221222
40.0 20221222
39.7 20221222
40.2 20221222
40.0 20221222
39.9 20221222
0.539 20221222
39.8 20221222
36.2 20221222
39.8 20221222
39.9 20221222
196 20221222
39.8 20221222
39.7 20221222
40.0 20221222
1.33 20221222
39.8 20221222
0.629 20221222
0.572 20221222
0.512 20221222
0.572 20221222
40.0 20221222
40.0 20221222
36.4 20221222
0.525 20221222
0.541 20221222
0.469 20221222
39.9 20221222
2.99 20221222
36.3 20221222
36.3 20221222
36.4 20221222
39.7 20221222
39.9 20221222
36.5 20221222
39.9 20221222
40.0 20221222
40.1 20221222
40.0 20221222
36.7 20221222
34.0 20221222
0.498 20221222
40.0 20221222
1.46 20221222
37.1 20221222
0.489 20221222
40.0 20221222
36.4 20221222
34.6 20221222
39.9 20221222
41.6 20221222
37.8 20221222
38.7 20221222
39.9 20221222
36.9 20221222
40.0 20221222
36.6 20221222
39.8 20221222
37.3 20221222
38.9 20221222
39.9 20221222
40.1 20221222
37.4 20221222
38.3 20221222
39.9 20221222
36.3 20221222
36.6 20221222
39.7 20221222
39.8 20221222
39.8 20221222
37.0 20221222
39.8 20221222
39.8 20221222
36.4 20221222
39.9 20221222
40.9 20221222
0.686 20221222
39.8 20221222
39.8 20221222
39.8 20221222
36.3 20221222
39.9 20221222
39.7 20221222
39.7 20221222
39.9 20221222
40.0 20221222
37.2 20221222
33.2 20221222
40.0 20221222
36.8 20221222
39.9 20221222
36.6 20221222
40.3 20221222
37.0 20221222
40.0 20221222
39.8 20221222
36.8 20221222
39.6 20221222
39.8 20221222
39.9 20221222
42.7 20221222
39.9 20221222
38.6 20221222
40.0 20221222
40.0 20221222
36.4 20221222
36.3 20221222
40.3 20221222
40.2 20221222
39.9 20221222
1.99 20221222
37.1 20221222
37.9 20221222
40.0 20221222
40.0 20221222
37.2 20221222
36.9 20221222
40.0 20221222
40.0 20221222
39.9 20221222
36.6 20221222
39.8 20221222
39.7 20221222
36.4 20221222
36.5 20221222
39.7 20221222
40.1 20221222
37.2 20221222
38.1 20221222
39.9 20221222
39.9 20221222
37.4 20221222
40.0 20221222
0.571 20221222
39.7 20221222
39.8 20221222
36.3 20221222
40.0 20221222
39.9 20221222
36.4 20221222
39.8 20221222
36.1 20221222
36.8 20221222
40.0 20221222
36.6 20221222
37.8 20221222
40.0 20221222
36.6 20221222
38.2 20221222
40.0 20221222
38.0 20221222
40.0 20221222
40.0 20221222
36.6 20221222
36.9 20221222
38.7 20221222
39.9 20221222
36.9 20221222
38.3 20221222
39.9 20221222
37.8 20221222
39.9 20221222
40.0 20221222
37.3 20221222
39.8 20221222
39.8 20221222
36.5 20221222
40.0 20221222
39.8 20221222
38.0 20221222
35.8 20221222
39.8 20221222
37.3 20221222
39.8 20221222
39.9 20221222
39.5 20221222
40.1 20221222
36.5 20221222
39.8 20221222
37.5 20221222
38.5 20221222
40.0 20221222
36.0 20221222
38.6 20221222
40.0 20221222
36.0 20221222
37.8 20221222
40.5 20221222
37.2 20221222
38.5 20221222
40.3 20221222
37.0 20221222
44.1 20221222
37.1 20221222
39.9 20221222
40.0 20221222
39.9 20221222
40.1 20221222
39.9 20221222
38.1 20221222
34.6 20221222
39.8 20221222
36.0 20221222
32.7 20221222
1.44 20221222
39.8 20221222
37.6 20221222
38.4 20221222
37.7 20221222
37.7 20221222
40.1 20221222
37.0 20221222
38.4 20221222
39.9 20221222
36.9 20221222
37.9 20221222
40.0 20221222
76.1 20221222
37.7 20221222
37.1 20221222
38.1 20221222
40.0 20221222
40.1 20221222
38.1 20221222
80.0 20221222
35.9 20221222
36.6 20221222
36.7 20221222
40.0 20221222
40.0 20221222
40.0 20221222
40.0 20221222
35.9 20221222
36.8 20221222
40.0 20221222
40.0 20221222
36.6 20221222
36.0 20221222
37.1 20221222
38.6 20221222
40.0 20221222
40.0 20221222
36.6 20221222
40.0 20221222
37.8 20221222
39.9 20221222
40.4 20221222
39.9 20221222
36.5 20221222
35.9 20221222
39.9 20221222
39.9 20221222
40.2 20221222
40.1 20221222
120 20221222
40.0 20221222
40.0 20221222
38.5 20221222
40.0 20221222
37.1 20221222
37.4 20221222
40.0 20221222
40.0 20221222
40.0 20221222
40.0 20221222
37.3 20221222
39.1 20221222
36.5 20221222
36.9 20221222
37.3 20221222
40.0 20221222
40.0 20221222
36.3 20221222
36.2 20221222
40.0 20221222
37.6 20221222
38.0 20221222
38.4 20221222
39.9 20221222
36.5 20221222
40.0 20221222
36.9 20221222
37.9 20221222
40.1 20221222
0.449 20221222
40.0 20221222
40.0 20221222
40.0 20221222
40.0 20221222
36.0 20221222
40.0 20221222
36.2 20221222
39.8 20221222
39.8 20221222
40.0 20221222
39.9 20221222
40.2 20221222
38.2 20221222
39.9 20221222
0.509 20221222
39.8 20221222
2.93 20221222
39.8 20221222
39.8 20221222
40.2 20221222
39.8 20221222
39.8 20221222
16.4 20221222
39.8 20221222
35.7 20221222
39.8 20221222
39.8 20221222
39.9 20221222
36.3 20221222
39.9 20221222
40.0 20221222
36.1 20221222
36.2 20221222
40.0 20221222
40.0 20221222
36.2 20221222
80.3 20221222
39.7 20221222
40.0 20221222
39.9 20221222
36.3 20221222
40.0 20221222
40.0 20221222
39.9 20221222
40.0 20221222
40.1 20221222
36.8 20221222
36.4 20221222
37.6 20221222
40.0 20221222
40.3 20221222
0.594 20221222
39.7 20221222
1.10 20221222
36.2 20221222
2.35 20221222
0.658 20221222
39.8 20221222
44.0 20221222
39.8 20221222
39.7 20221222
37.1 20221222
39.9 20221222
40.6 20221222
39.9 20221222
39.9 20221222
40.0 20221222
39.9 20221222
36.2 20221222
1.46 20221222
40.0 20221222
36.0 20221222
36.7 20221222
40.0 20221222
40.0 20221222
40.0 20221222
39.8 20221222
0.548 20221222
0.853 20221222
1.42 20221222
40.0 20221222
39.7 20221222
39.8 20221222
39.9 20221222
0.465 20221222
1.90 20221222
1.40 20221222
39.8 20221222
36.0 20221222
36.1 20221222
40.0 20221222
36.2 20221222
3.38 20221222
39.9 20221222
40.0 20221222
39.7 20221222
39.3 20221222
39.9 20221222
39.8 20221222
40.0 20221222
39.7 20221222
39.6 20221222
36.6 20221222
40.0 20221222
39.9 20221222
35.9 20221222
37.0 20221222
40.2 20221222
0.440 20221222
3.11 20221222
39.7 20221222
36.2 20221222
39.9 20221222
43.7 20221222
39.9 20221222
36.8 20221222
37.8 20221222
39.7 20221222
36.0 20221222
37.5 20221222
40.2 20221222
40.5 20221222
37.4 20221222
39.7 20221222
39.7 20221222
40.0 20221222
40.0 20221222
0.624 20221222
0.427 20221222
43.7 20221222
39.7 20221222
76.3 20221222
40.0 20221222
36.6 20221222
36.4 20221222
39.9 20221222
36.4 20221222
39.6 20221222
1.38 20221222
0.700 20221222
0.520 20221222
0.727 20221222
0.516 20221222
1.42 20221222
1.47 20221222
1.39 20221222
2.00 20221222
0.458 20221222
2.62 20221222
3.08 20221222
36.4 20221222
0.432 20221222
3.02 20221222
0.576 20221222
40.0 20221222
40.0 20221222
39.9 20221222
38.7 20221222
39.9 20221222
39.9 20221222
37.1 20221222
37.8 20221222
39.9 20221222
40.0 20221222
39.7 20221222
35.8 20221222
41.4 20221222
38.4 20221222
39.7 20221222
44.1 20221222
40.0 20221222
36.8 20221222
40.0 20221222
39.7 20221222
39.8 20221222
36.9 20221222
39.8 20221222
41.5 20221222
38.5 20221222
40.0 20221222
39.9 20221222
39.9 20221222
36.8 20221222
38.3 20221222
34.8 20221222
39.7 20221222
40.1 20221222
35.8 20221222
38.2 20221222
38.4 20221222
39.8 20221222
36.2 20221222
36.9 20221222
39.9 20221222
40.3 20221222
39.9 20221222
38.3 20221222
40.3 20221222
39.8 20221222
39.9 20221222
39.9 20221222
39.9 20221222
40.0 20221222
42.8 20221222
38.3 20221222
40.0 20221222
40.0 20221222
120 20221222
40.0 20221222
36.6 20221222
37.1 20221222
40.2 20221222
40.0 20221222
77.1 20221222
36.0 20221222
38.3 20221222
39.9 20221222
40.0 20221222
37.5 20221222
44.0 20221222
40.1 20221222
40.1 20221222
38.2 20221222
39.9 20221222
38.1 20221222
40.3 20221222
40.4 20221222
37.7 20221222
37.5 20221222
36.9 20221222
36.9 20221222
33.1 20221222
39.8 20221222
39.9 20221222
35.8 20221222
40.1 20221222
40.2 20221222
36.8 20221222
36.5 20221222
36.6 20221222
33.0 20221222
40.0 20221222
40.1 20221222
40.1 20221222
40.0 20221222
37.8 20221222
40.1 20221222
36.6 20221222
40.0 20221222
40.0 20221222
37.4 20221222
0.439 20221222
44.0 20221222
40.1 20221222
37.1 20221222
38.2 20221222
40.1 20221222
39.8 20221222
36.2 20221222
43.9 20221222
0.556 20221222
39.0 20221222
0.511 20221222
0.511 20221222
40.0 20221222
40.9 20221222
37.5 20221222
0.505 20221222
40.0 20221222
36.2 20221222
0.572 20221222
0.504 20221222
0.440 20221222
0.498 20221222
3.04 20221222
1.50 20221222
39.7 20221222
39.8 20221222
39.8 20221222
36.5 20221222
39.9 20221222
39.8 20221222
40.0 20221222
36.9 20221222
0.571 20221222
0.548 20221222
0.637 20221222
40.0 20221222
36.9 20221222
37.3 20221222
40.1 20221222
0.656 20221222
40.0 20221222
40.3 20221222
36.3 20221222
0.591 20221222
40.0 20221222
40.0 20221222
39.9 20221222
37.7 20221222
40.0 20221222
36.6 20221222
37.7 20221222
38.7 20221222
40.0 20221222
40.0 20221222
40.1 20221222
40.0 20221222
41.6 20221222
38.0 20221222
40.1 20221222
40.1 20221222
38.0 20221222
40.0 20221222
40.0 20221222
39.9 20221222
39.9 20221222
40.0 20221222
39.9 20221222
36.0 20221222
36.6 20221222
36.2 20221222
40.0 20221222
40.0 20221222
40.0 20221222
36.1 20221222
40.0 20221222
40.1 20221222
3.13 20221222
36.3 20221222
0.437 20221222
35.9 20221222
37.8 20221222
38.4 20221222
40.0 20221222
39.9 20221222
39.6 20221222
40.3 20221222
39.6 20221222
39.1 20221222
39.9 20221222
36.2 20221222
36.0 20221222
32.6 20221222
39.9 20221222
40.0 20221222
37.1 20221222
0.484 20221222
0.503 20221222
39.7 20221222
40.1 20221222
36.5 20221222
40.2 20221222
44.2 20221222
40.1 20221222
0.860 20221222
2.34 20221222
39.8 20221222
77.3 20221222
38.3 20221222
39.8 20221222
36.7 20221222
36.5 20221222
40.0 20221222
40.1 20221222
39.8 20221222
39.9 20221222
39.9 20221222
35.9 20221222
37.8 20221222
40.6 20221222
40.0 20221222
40.0 20221222
40.0 20221222
35.2 20221222
43.9 20221222
36.6 20221222
39.8 20221222
36.3 20221222
32.3 20221222
39.9 20221222
40.4 20221222
76.3 20221222
40.0 20221222
40.0 20221222
36.8 20221222
39.9 20221222
39.7 20221222
39.9 20221222
39.9 20221222
40.0 20221222
39.9 20221222
36.9 20221222
38.0 20221222
36.8 20221222
36.0 20221222
40.1 20221222
40.0 20221222
39.8 20221222
37.7 20221222
40.1 20221222
38.5 20221222
40.1 20221222
0.919 20221222
0.729 20221222
39.8 20221222
37.1 20221222
39.7 20221222
116 20221222
36.3 20221222
40.0 20221222
39.8 20221222
37.1 20221222
36.9 20221222
39.9 20221222
40.0 20221222
39.7 20221222
39.9 20221222
0.664 20221222
40.0 20221222
37.5 20221222
2.98 20221222
1.04 20221222
2.19 20221222
2.95 20221222
39.8 20221222
39.7 20221222
1.85 20221222
40.0 20221222
41.0 20221222
39.8 20221222
37.6 20221222
39.8 20221222
37.5 20221222
40.2 20221222
39.9 20221222
36.2 20221222
36.5 20221222
40.0 20221222
39.8 20221222
40.3 20221222
39.9 20221222
37.1 20221222
1.16 20221222
36.8 20221222
36.6 20221222
39.8 20221222
39.9 20221222
39.8 20221222
40.0 20221222
37.2 20221222
38.2 20221222
35.5 20221222
36.6 20221222
43.9 20221222
40.0 20221222
40.1 20221222
40.0 20221222
38.1 20221222
40.0 20221222
37.4 20221222
38.9 20221222
39.9 20221222
37.2 20221222
38.3 20221222
40.0 20221222
41.7 20221222
40.0 20221222
40.0 20221222
40.0 20221222
35.9 20221222
37.8 20221222
37.2 20221222
39.6 20221222
40.0 20221222
36.0 20221222
38.4 20221222
39.9 20221222
38.1 20221222
39.9 20221222
37.7 20221222
38.8 20221222
39.9 20221222
35.9 20221222
36.7 20221222
37.9 20221222
40.0 20221222
36.9 20221222
39.0 20221222
40.1 20221222
38.2 20221222
40.0 20221222
37.1 20221222
0.445 20221222
39.8 20221222
3.38 20221222
3.65 20221222
3.76 20221222
40.0 20221222
36.1 20221222
116 20221222
40.0 20221222
36.3 20221222
38.0 20221222
40.0 20221222
36.0 20221222
39.9 20221222
40.0 20221222
40.0 20221222
40.0 20221222
39.0 20221222
39.8 20221222
40.0 20221222
36.9 20221222
38.2 20221222
36.0 20221222
37.6 20221222
38.9 20221222
37.4 20221222
40.0 20221222
37.7 20221222
38.4 20221222
39.9 20221222
40.0 20221222
35.9 20221222
37.0 20221222
39.9 20221222
40.1 20221222
40.0 20221222
35.9 20221222
37.3 20221222
40.0 20221222
40.1 20221222
40.3 20221222
40.0 20221222
37.7 20221222
37.9 20221222
39.7 20221222
39.9 20221222
37.5 20221222
38.6 20221222
40.0 20221222
40.0 20221222
36.3 20221222
42.1 20221222
39.8 20221222
36.3 20221222
39.7 20221222
37.0 20221222
39.8 20221222
40.0 20221222
36.3 20221222
0.500 20221222
3.38 20221222
39.8 20221222
40.0 20221222
39.9 20221222
36.5 20221222
39.9 20221222
40.1 20221222
39.7 20221222
39.7 20221222
35.9 20221222
36.3 20221222
1.20 20221222
39.9 20221222
38.0 20221222
0.477 20221222
39.9 20221222
36.5 20221222
37.4 20221222
39.8 20221222
37.2 20221222
40.0 20221222
40.1 20221222
37.5 20221222
40.4 20221222
37.7 20221222
39.8 20221222
39.9 20221222
37.3 20221222
38.8 20221222
40.3 20221222
40.0 20221222
40.1 20221222
41.8 20221222
40.1 20221222
39.8 20221222
37.9 20221222
36.6 20221222
35.8 20221222
36.1 20221222
37.5 20221222
40.3 20221222
37.2 20221222
40.0 20221222
38.4 20221222
40.1 20221222
37.4 20221222
40.0 20221222
36.9 20221222
0.576 20221222
39.9 20221222
37.2 20221222
33.3 20221222
40.1 20221222
116 20221222
39.9 20221222
37.2 20221222
36.9 20221222
39.8 20221222
37.4 20221222
40.0 20221222
39.7 20221222
36.7 20221222
37.0 20221222
39.9 20221222
40.1 20221222
37.3 20221222
39.9 20221222
37.0 20221222
39.8 20221222
40.0 20221222
37.1 20221222
37.5 20221222
33.4 20221222
40.0 20221222
37.6 20221222
37.6 20221222
1.84 20221222
1.42 20221222
37.2 20221222
1.44 20221222
1.48 20221222
2.53 20221222
39.6 20221222
35.4 20221222
40.0 20221222
36.7 20221222
37.4 20221222
84.0 20221222
39.8 20221222
36.7 20221222
36.5 20221222
39.9 20221222
36.7 20221222
40.0 20221222
40.0 20221222
39.8 20221222
40.6 20221222
37.8 20221222
38.4 20221222
40.3 20221222
40.0 20221222
40.2 20221222
36.3 20221222
2.44 20221222
3.71 20221222
39.8 20221222
44.1 20221222
40.0 20221222
39.8 20221222
39.7 20221222
36.7 20221222
40.1 20221222
41.4 20221222
38.3 20221222
39.9 20221222
39.9 20221222
36.0 20221222
39.8 20221222
39.8 20221222
36.4 20221222
36.2 20221222
43.8 20221222
39.8 20221222
35.9 20221222
36.4 20221222
0.501 20221222
1.68 20221222
39.8 20221222
39.7 20221222
36.9 20221222
39.7 20221222
37.1 20221222
39.8 20221222
39.7 20221222
39.7 20221222
40.0 20221222
37.4 20221222
35.9 20221222
37.6 20221222
40.0 20221222
44.0 20221222
2.59 20221222
0.661 20221222
37.1 20221222
0.487 20221222
40.3 20221222
39.9 20221222
35.7 20221222
39.8 20221222
36.6 20221222
39.9 20221222
37.8 20221222
37.9 20221222
38.4 20221222
35.1 20221222
35.2 20221222
39.8 20221222
120 20221222
43.7 20221222
39.8 20221222
39.9 20221222
40.0 20221222
40.0 20221222
36.5 20221222
37.0 20221222
40.0 20221222
39.9 20221222
36.4 20221222
36.2 20221222
0.474 20221222
1.46 20221222
39.7 20221222
39.7 20221222
39.9 20221222
39.9 20221222
39.9 20221222
39.9 20221222
2.14 20221222
35.8 20221222
37.1 20221222
39.8 20221222
36.9 20221222
34.0 20221222
39.9 20221222
36.7 20221222
35.9 20221222
40.2 20221222
39.9 20221222
40.0 20221222
40.3 20221222
40.0 20221222
39.9 20221222
40.8 20221222
37.1 20221222
40.1 20221222
0.453 20221222
0.575 20221222
0.422 20221222
40.2 20221222
1.30 20221222
0.442 20221222
39.9 20221222
40.0 20221222
1.45 20221222
0.807 20221222
2.81 20221222
0.623 20221222
40.0 20221222
40.0 20221222
36.8 20221222
38.2 20221222
40.1 20221222
39.9 20221222
38.1 20221222
39.0 20221222
39.8 20221222
39.9 20221222
39.7 20221222
39.8 20221222
35.7 20221222
37.1 20221222
39.8 20221222
36.6 20221222
0.581 20221222
3.59 20221222
39.2 20221222
36.3 20221222
36.5 20221222
34.9 20221222
0.547 20221222
1.95 20221222
0.633 20221222
0.976 20221222
40.0 20221222
18.2 20221222
39.9 20221222
39.9 20221222
39.7 20221222
35.5 20221222
40.0 20221222
39.9 20221222
39.9 20221222
77.9 20221222
39.9 20221222
0.574 20221222
1.30 20221222
1.66 20221222
39.8 20221222
39.8 20221222
39.8 20221222
39.5 20221222
38.8 20221222
39.8 20221222
39.8 20221222
40.0 20221222
39.8 20221222
40.2 20221222
33.5 20221222
40.2 20221222
39.9 20221222
39.9 20221222
0.510 20221222
0.547 20221222
0.443 20221222
39.9 20221222
39.7 20221222
39.9 20221222
36.6 20221222
39.8 20221222
40.0 20221222
36.8 20221222
39.9 20221222
40.0 20221222
39.9 20221222
40.0 20221222
37.7 20221222
38.9 20221222
36.8 20221222
34.2 20221222
39.6 20221222
40.4 20221222
36.7 20221222
39.8 20221222
39.8 20221222
39.9 20221222
40.2 20221222
36.6 20221222
80.3 20221222
39.8 20221222
0.456 20221222
79.8 20221222
39.9 20221222
36.6 20221222
40.0 20221222
40.0 20221222
39.8 20221222
39.7 20221222
39.8 20221222
35.7 20221222
39.9 20221222
36.1 20221222
40.0 20221222
40.0 20221222
36.4 20221222
36.4 20221222
40.0 20221222
40.2 20221222
39.9 20221222
36.7 20221222
36.7 20221222
39.7 20221222
39.7 20221222
39.9 20221222
39.8 20221222
39.8 20221222
39.9 20221222
40.0 20221222
36.2 20221222
1.30 20221222
36.8 20221222
39.7 20221222
38.9 20221222
40.2 20221222
43.8 20221222
39.7 20221222
36.5 20221222
39.7 20221222
39.7 20221222
39.9 20221222
40.0 20221222
39.9 20221222
35.9 20221222
36.4 20221222
40.0 20221222
40.0 20221222
36.2 20221222
36.2 20221222
36.9 20221222
40.0 20221222
36.2 20221222
36.3 20221222
40.0 20221222
39.9 20221222
40.6 20221222
36.4 20221222
40.0 20221222
40.1 20221222
40.0 20221222
36.7 20221222
37.1 20221222
81.4 20221222
39.8 20221222
35.4 20221222
39.7 20221222
39.7 20221222
39.8 20221222
39.7 20221222
39.8 20221222
36.2 20221222
40.0 20221222
39.7 20221222
39.8 20221222
39.1 20221222
39.8 20221222
40.1 20221222
40.0 20221222
40.0 20221222
40.0 20221222
36.7 20221222
36.4 20221222
36.3 20221222
32.7 20221222
39.9 20221222
1.00 20221222
39.8 20221222
35.6 20221222
40.0 20221222
39.9 20221222
37.5 20221222
37.3 20221222
39.9 20221222
37.5 20221222
0.774 20221222
0.796 20221222
1.94 20221222
2.61 20221222
2.31 20221222
39.7 20221222
39.7 20221222
39.7 20221222
39.6 20221222
39.9 20221222
40.0 20221222
39.9 20221222
36.8 20221222
37.2 20221222
0.458 20221222
0.552 20221222
39.7 20221222
39.8 20221222
36.8 20221222
39.9 20221222
40.0 20221222
39.6 20221222
39.8 20221222
76.2 20221222
36.3 20221222
40.1 20221222
36.7 20221222
35.9 20221222
40.0 20221222
40.0 20221222
40.0 20221222
36.4 20221222
0.963 20221222
1.52 20221222
2.12 20221222
0.535 20221222
3.21 20221222
40.0 20221222
39.8 20221222
36.3 20221222
39.9 20221222
37.0 20221222
40.5 20221222
37.6 20221222
39.1 20221222
36.6 20221222
36.0 20221222
36.2 20221222
39.9 20221222
40.0 20221222
36.7 20221222
0.492 20221222
39.8 20221222
36.5 20221222
36.4 20221222
3.74 20221222
3.62 20221222
3.82 20221222
39.9 20221222
36.1 20221222
39.9 20221222
39.5 20221222
36.8 20221222
40.2 20221222
40.3 20221222
39.8 20221222
37.4 20221222
37.1 20221222
39.7 20221222
39.9 20221222
38.3 20221222
1.79 20221222
1.73 20221222
37.2 20221222
39.9 20221222
37.4 20221222
37.4 20221222
40.1 20221222
40.0 20221222
41.3 20221222
38.2 20221222
1.45 20221222
36.7 20221222
39.8 20221222
36.3 20221222
79.9 20221222
0.514 20221222
1.11 20221222
36.4 20221222
39.9 20221222
39.7 20221222
39.8 20221222
39.9 20221222
44.0 20221222
39.7 20221222
36.2 20221222
39.8 20221222
39.5 20221222
39.8 20221222
39.7 20221222
37.1 20221222
40.4 20221222
39.6 20221222
40.1 20221222
40.0 20221222
40.1 20221222
39.8 20221222
39.8 20221222
37.3 20221222
36.8 20221222
0.507 20221222
39.9 20221222
0.572 20221222
0.622 20221222
1.77 20221222
39.7 20221222
39.7 20221222
36.7 20221222
37.0 20221222
39.6 20221222
40.0 20221222
40.0 20221222
36.9 20221222
44.1 20221222
40.1 20221222
36.3 20221222
39.9 20221222
39.9 20221222
36.5 20221222
32.7 20221222
39.9 20221222
40.0 20221222
37.1 20221222
40.1 20221222
39.8 20221222
44.0 20221222
37.8 20221222
38.6 20221222
0.479 20221222
39.9 20221222
77.2 20221222
35.7 20221222
40.4 20221222
36.7 20221222
36.6 20221222
39.9 20221222
40.1 20221222
40.0 20221222
36.0 20221222
36.3 20221222
38.0 20221222
40.0 20221222
37.1 20221222
39.9 20221222
39.9 20221222
37.8 20221222
37.2 20221222
40.0 20221222
36.2 20221222
36.4 20221222
39.9 20221222
39.9 20221222
36.5 20221222
38.0 20221222
79.9 20221222
1.61 20221222
40.1 20221222
1.21 20221222
36.5 20221222
40.0 20221222
40.0 20221222
37.3 20221222
40.0 20221222
40.0 20221222
37.1 20221222
33.0 20221222
39.8 20221222
40.8 20221222
40.0 20221222
36.4 20221222
36.4 20221222
2.91 20221222
80.0 20221222
37.2 20221222
1.16 20221222
40.0 20221222
40.1 20221222
40.0 20221222
40.0 20221222
37.0 20221222
40.0 20221222
40.0 20221222
36.8 20221222
39.9 20221222
40.0 20221222
39.9 20221222
40.0 20221222
36.5 20221222
39.9 20221222
39.9 20221222
37.4 20221222
39.9 20221222
39.8 20221222
39.8 20221222
39.9 20221222
36.6 20221222
39.9 20221222
39.8 20221222
36.7 20221222
37.1 20221222
40.0 20221222
39.9 20221222
36.8 20221222
40.0 20221222
40.0 20221222
36.3 20221222
36.3 20221222
36.3 20221222
39.8 20221222
40.0 20221222
37.3 20221222
38.0 20221222
39.7 20221222
36.2 20221222
37.2 20221222
40.0 20221222
40.1 20221222
40.1 20221222
36.0 20221222
38.0 20221222
38.3 20221222
35.8 20221222
39.8 20221222
39.8 20221222
35.8 20221222
36.8 20221222
39.1 20221222
36.0 20221222
37.8 20221222
38.5 20221222
39.9 20221222
39.8 20221222
36.4 20221222
36.8 20221222
39.8 20221222
36.9 20221222
39.9 20221222
39.7 20221222
79.3 20221222
39.2 20221222
40.0 20221222
36.6 20221222
35.3 20221222
39.8 20221222
40.2 20221222
40.0 20221222
0.391 20221222
2.02 20221222
36.2 20221222
40.0 20221222
40.2 20221222
39.9 20221222
36.8 20221222
39.8 20221222
36.7 20221222
38.0 20221222
39.6 20221222
35.6 20221222
39.8 20221222
10.9 20221222
12.1 20221222
8.37 20221222
8.39 20221222
4.14 20221222
4.13 20221222
1.26 20221222
0.621 20221222
0.488 20221222
34.6 20221222
20.2 20221222
21.5 20221222
18.8 20221222
15.5 20221222
15.1 20221222
39.9 20221222
0.513 20221222
39.8 20221222
37.2 20221222
38.4 20221222
39.9 20221222
37.0 20221222
38.7 20221222
38.5 20221222
40.0 20221222
36.5 20221222
37.9 20221222
40.1 20221222
37.5 20221222
39.0 20221222
40.0 20221222
37.0 20221222
40.1 20221222
39.8 20221222
76.4 20221222
40.1 20221222
39.9 20221222
40.0 20221222
39.8 20221222
36.4 20221222
40.0 20221222
36.4 20221222
37.3 20221222
39.9 20221222
40.0 20221222
37.5 20221222
39.1 20221222
40.1 20221222
42.1 20221222
40.1 20221222
39.9 20221222
0.450 20221222
0.731 20221222
0.761 20221222
0.946 20221222
36.2 20221222
36.7 20221222
36.4 20221222
40.0 20221222
40.0 20221222
36.2 20221222
40.0 20221222
40.0 20221222
40.0 20221222
35.9 20221222
40.0 20221222
37.5 20221222
37.7 20221222
39.9 20221222
36.4 20221222
0.672 20221222
40.0 20221222
0.723 20221222
0.738 20221222
0.826 20221222
0.492 20221222
44.1 20221222
40.0 20221222
0.718 20221222
0.458 20221222
39.9 20221222
36.7 20221222
0.601 20221222
1.04 20221222
0.509 20221222
40.1 20221222
40.1 20221222
40.1 20221222
36.1 20221222
39.9 20221222
37.3 20221222
39.8 20221222
36.2 20221222
40.1 20221222
39.8 20221222
38.5 20221222
39.8 20221222
39.9 20221222
40.1 20221222
40.9 20221222
40.0 20221222
36.7 20221222
33.5 20221222
39.9 20221222
40.0 20221222
39.9 20221222
39.8 20221222
40.1 20221222
39.9 20221222
39.2 20221222
40.0 20221222
27.3 20221222
40.0 20221222
36.0 20221222
36.6 20221222
36.2 20221222
39.9 20221222
36.5 20221222
39.8 20221222
40.0 20221222
39.8 20221222
35.8 20221222
39.7 20221222
43.8 20221222
39.9 20221222
39.7 20221222
39.8 20221222
40.0 20221222
40.0 20221222
39.9 20221222
40.0 20221222
40.1 20221222
37.9 20221222
40.1 20221222
36.1 20221222
3.16 20221222
38.2 20221222
0.448 20221222
40.1 20221222
36.9 20221222
39.9 20221222
36.9 20221222
0.953 20221222
39.9 20221222
1.75 20221222
40.0 20221222
0.451 20221222
35.9 20221222
44.2 20221222
39.8 20221222
40.0 20221222
80.2 20221222
37.4 20221222
39.8 20221222
40.1 20221222
40.0 20221222
40.0 20221222
39.8 20221222
41.6 20221222
38.7 20221222
39.8 20221222
36.8 20221222
40.1 20221222
39.8 20221222
36.9 20221222
39.9 20221222
39.9 20221222
0.493 20221222
39.8 20221222
36.6 20221222
0.585 20221222
0.808 20221222
0.824 20221222
39.5 20221222
0.433 20221222
0.515 20221222
0.583 20221222
0.515 20221222
1.81 20221222
2.12 20221222
1.97 20221222
36.2 20221222
3.26 20221222
36.0 20221222
39.9 20221222
40.1 20221222
39.9 20221222
2.97 20221222
0.441 20221222
44.0 20221222
40.0 20221222
0.468 20221222
0.576 20221222
0.396 20221222
0.500 20221222
39.9 20221222
39.9 20221222
0.689 20221222
0.515 20221222
0.535 20221222
0.501 20221222
0.572 20221222
0.456 20221222
0.464 20221222
40.1 20221222
39.9 20221222
40.0 20221222
36.3 20221222
40.0 20221222
39.8 20221222
39.9 20221222
39.9 20221222
40.0 20221222
36.5 20221222
40.0 20221222
0.437 20221222
0.404 20221222
1.56 20221222
1.43 20221222
1.38 20221222
36.5 20221222
0.594 20221222
2.43 20221222
39.9 20221222
80.0 20221222
39.9 20221222
36.1 20221222
36.4 20221222
39.6 20221222
39.9 20221222
39.9 20221222
40.0 20221222
0.440 20221222
0.551 20221222
1.05 20221222
41.6 20221222
38.3 20221222
43.8 20221222
40.0 20221222
40.0 20221222
37.2 20221222
38.7 20221222
43.8 20221222
39.8 20221222
35.9 20221222
40.0 20221222
37.5 20221222
39.8 20221222
35.9 20221222
37.5 20221222
38.3 20221222
40.1 20221222
40.0 20221222
40.0 20221222
40.0 20221222
40.0 20221222
36.6 20221222
38.0 20221222
35.9 20221222
36.7 20221222
37.8 20221222
39.6 20221222
40.2 20221222
36.9 20221222
39.8 20221222
35.9 20221222
37.4 20221222
39.9 20221222
40.5 20221222
40.2 20221222
40.6 20221222
39.9 20221222
39.8 20221222
40.3 20221222
40.1 20221222
39.6 20221222
40.0 20221222
1.22 20221222
39.8 20221222
39.9 20221222
39.7 20221222
40.0 20221222
40.1 20221222
36.7 20221222
36.2 20221222
40.0 20221222
36.8 20221222
36.6 20221222
36.6 20221222
40.0 20221222
39.7 20221222
40.1 20221222
37.1 20221222
37.5 20221222
40.0 20221222
40.0 20221222
40.0 20221222
40.0 20221222
36.6 20221222
40.3 20221222
40.2 20221222
36.5 20221222
37.1 20221222
39.8 20221222
36.0 20221222
37.3 20221222
40.0 20221222
36.9 20221222
40.0 20221222
40.0 20221222
36.5 20221222
36.4 20221222
39.8 20221222
35.6 20221222
39.7 20221222
36.8 20221222
37.4 20221222
39.8 20221222
40.1 20221222
36.6 20221222
39.7 20221222
40.2 20221222
39.8 20221222
39.8 20221222
39.9 20221222
40.0 20221222
35.8 20221222
39.9 20221222
36.4 20221222
36.6 20221222
39.9 20221222
39.9 20221222
41.0 20221222
37.4 20221222
37.5 20221222
40.0 20221222
39.9 20221222
40.1 20221222
35.9 20221222
39.9 20221222
39.9 20221222
39.9 20221222
41.7 20221222
37.0 20221222
43.7 20221222
39.8 20221222
37.1 20221222
39.8 20221222
40.1 20221222
36.2 20221222
36.8 20221222
39.7 20221222
39.8 20221222
0.534 20221222
40.2 20221222
36.6 20221222
40.5 20221222
0.877 20221222
0.843 20221222
39.4 20221222
36.7 20221222
36.7 20221222
39.7 20221222
36.5 20221222
37.3 20221222
39.7 20221222
39.7 20221222
37.1 20221222
37.1 20221222
39.8 20221222
37.1 20221222
39.8 20221222
37.2 20221222
39.9 20221222
37.1 20221222
37.5 20221222
37.9 20221222
39.9 20221222
39.3 20221222
36.3 20221222
77.4 20221222
39.1 20221222
36.5 20221222
37.0 20221222
39.4 20221222
40.0 20221222
40.1 20221222
37.6 20221222
39.9 20221222
38.6 20221222
40.0 20221222
40.0 20221222
38.3 20221222
40.1 20221222
38.3 20221222
40.1 20221222
0.558 20221222
39.7 20221222
39.8 20221222
37.1 20221222
36.8 20221222
40.0 20221222
40.0 20221222
36.3 20221222
40.0 20221222
39.9 20221222
37.2 20221222
39.6 20221222
37.1 20221222
38.9 20221222
37.0 20221222
40.0 20221222
36.8 20221222
40.0 20221222
39.9 20221222
37.8 20221222
39.8 20221222
79.7 20221222
39.7 20221222
39.8 20221222
37.2 20221222
80.0 20221222
37.6 20221222
40.1 20221222
37.1 20221222
38.0 20221222
38.0 20221222
34.9 20221222
37.3 20221222
39.9 20221222
36.7 20221222
39.9 20221222
37.7 20221222
40.0 20221222
37.5 20221222
39.6 20221222
39.9 20221222
36.9 20221222
39.8 20221222
0.722 20221222
39.9 20221222
39.7 20221222
3.68 20221222
36.1 20221222
37.3 20221222
76.0 20221222
36.4 20221222
40.0 20221222
40.0 20221222
36.0 20221222
36.5 20221222
36.2 20221222
36.5 20221222
37.1 20221222
40.0 20221222
40.1 20221222
35.9 20221222
36.2 20221222
39.9 20221222
40.0 20221222
39.9 20221222
40.0 20221222
37.2 20221222
37.8 20221222
40.0 20221222
39.9 20221222
36.0 20221222
38.0 20221222
40.0 20221222
38.2 20221222
40.0 20221222
2.20 20221222
0.464 20221222
39.9 20221222
40.0 20221222
38.0 20221222
40.1 20221222
40.1 20221222
40.0 20221222
40.1 20221222
39.9 20221222
37.6 20221222
40.0 20221222
40.0 20221222
36.4 20221222
37.3 20221222
44.0 20221222
40.0 20221222
40.0 20221222
40.1 20221222
37.5 20221222
38.5 20221222
39.8 20221222
39.5 20221222
37.3 20221222
40.0 20221222
35.9 20221222
38.4 20221222
40.1 20221222
40.1 20221222
40.0 20221222
38.6 20221222
80.2 20221222
40.8 20221222
38.0 20221222
40.0 20221222
40.1 20221222
38.0 20221222
39.9 20221222
80.0 20221222
37.7 20221222
39.7 20221222
39.6 20221222
40.0 20221222
40.0 20221222
39.9 20221222
40.0 20221222
40.0 20221222
40.2 20221222
36.3 20221222
36.7 20221222
40.0 20221222
40.0 20221222
39.9 20221222
36.4 20221222
39.9 20221222
39.7 20221222
40.0 20221222
38.1 20221222
1.65 20221222
40.0 20221222
36.0 20221222
36.9 20221222
38.1 20221222
36.5 20221222
37.6 20221222
40.2 20221222
40.3 20221222
37.9 20221222
40.1 20221222
40.1 20221222
36.0 20221222
36.4 20221222
40.1 20221222
40.0 20221222
40.0 20221222
37.2 20221222
39.9 20221222
36.5 20221222
39.9 20221222
36.3 20221222
36.3 20221222
39.7 20221222
39.7 20221222
35.7 20221222
39.7 20221222
39.8 20221222
40.0 20221222
37.1 20221222
37.9 20221222
1.20 20221222
39.7 20221222
116 20221222
37.7 20221222
0.845 20221222
39.8 20221222
37.6 20221222
39.3 20221222
36.5 20221222
39.8 20221222
39.8 20221222
59.8 20221222
19.0 20221222
34.9 20221222
31.7 20221222
0.939 20221222
0.591 20221222
0.464 20221222
0.462 20221222
1.52 20221222
0.644 20221222
0.514 20221222
0.477 20221222
0.508 20221222
1.46 20221222
1.64 20221222
2.23 20221222
37.4 20221222
38.6 20221222
40.0 20221222
40.0 20221222
37.2 20221222
39.8 20221222
39.7 20221222
36.7 20221222
40.0 20221222
36.9 20221222
38.9 20221222
40.1 20221222
37.2 20221222
39.1 20221222
76.3 20221222
39.9 20221222
36.5 20221222
36.4 20221222
0.506 20221222
0.403 20221222
0.629 20221222
35.9 20221222
36.4 20221222
36.7 20221222
39.9 20221222
36.3 20221222
36.4 20221222
39.8 20221222
37.6 20221222
39.8 20221222
1.91 20221222
36.4 20221222
0.793 20221222
1.22 20221222
36.6 20221222
0.606 20221222
0.461 20221222
3.26 20221222
0.612 20221222
1.61 20221222
0.500 20221222
23.3 20221222
40.0 20221222
40.0 20221222
36.2 20221222
36.3 20221222
39.9 20221222
39.7 20221222
39.7 20221222
39.8 20221222
40.0 20221222
36.4 20221222
39.8 20221222
39.7 20221222
40.1 20221222
40.2 20221222
39.7 20221222
40.0 20221222
36.2 20221222
39.8 20221222
37.0 20221222
44.0 20221222
40.1 20221222
39.8 20221222
39.9 20221222
40.0 20221222
38.4 20221222
40.1 20221222
1.61 20221222
0.627 20221222
40.1 20221222
1.22 20221222
0.432 20221222
0.594 20221222
0.514 20221222
0.454 20221222
3.27 20221222
0.389 20221222
39.9 20221222
36.9 20221222
39.8 20221222
37.5 20221222
36.9 20221222
39.7 20221222
39.8 20221222
39.9 20221222
38.9 20221222
39.9 20221222
38.3 20221222
39.8 20221222
40.1 20221222
38.7 20221222
39.9 20221222
39.8 20221222
36.3 20221222
37.0 20221222
39.8 20221222
36.5 20221222
36.5 20221222
39.7 20221222
40.0 20221222
35.8 20221222
36.7 20221222
39.8 20221222
40.0 20221222
37.2 20221222
40.1 20221222
36.6 20221222
44.1 20221222
39.9 20221222
36.7 20221222
0.554 20221222
1.99 20221222
2.07 20221222
2.07 20221222
36.4 20221222
2.07 20221222
37.8 20221222
0.521 20221222
0.599 20221222
40.0 20221222
40.0 20221222
36.6 20221222
40.0 20221222
39.9 20221222
39.9 20221222
37.9 20221222
36.6 20221222
39.2 20221222
40.1 20221222
40.1 20221222
40.0 20221222
40.1 20221222
39.8 20221222
40.3 20221222
37.0 20221222
39.8 20221222
36.0 20221222
38.1 20221222
40.2 20221222
36.1 20221222
39.7 20221222
39.9 20221222
40.1 20221222
37.7 20221222
0.641 20221222
1.84 20221222
0.488 20221222
2.32 20221222
40.0 20221222
36.8 20221222
0.483 20221222
37.7 20221222
0.463 20221222
40.1 20221222
40.0 20221222
80.1 20221222
40.0 20221222
36.8 20221222
39.9 20221222
36.3 20221222
36.7 20221222
39.9 20221222
40.7 20221222
36.2 20221222
39.8 20221222
39.7 20221222
39.9 20221222
35.8 20221222
40.0 20221222
36.2 20221222
1.29 20221222
40.0 20221222
40.0 20221222
39.9 20221222
36.5 20221222
37.0 20221222
33.7 20221222
40.3 20221222
40.5 20221222
36.6 20221222
36.9 20221222
40.0 20221222
40.0 20221222
39.9 20221222
36.0 20221222
36.3 20221222
40.0 20221222
40.0 20221222
36.3 20221222
36.3 20221222
40.6 20221222
40.1 20221222
40.0 20221222
40.0 20221222
37.2 20221222
37.9 20221222
35.1 20221222
40.1 20221222
40.0 20221222
39.9 20221222
39.8 20221222
39.9 20221222
77.7 20221222
40.0 20221222
40.0 20221222
37.6 20221222
39.9 20221222
38.0 20221222
39.2 20221222
0.651 20221222
0.546 20221222
0.611 20221222
0.744 20221222
0.758 20221222
0.505 20221222
2.56 20221222
1.51 20221222
40.0 20221222
39.9 20221222
36.4 20221222
36.5 20221222
39.9 20221222
36.8 20221222
39.9 20221222
0.633 20221222
0.523 20221222
40.0 20221222
40.0 20221222
36.5 20221222
44.0 20221222
40.0 20221222
40.3 20221222
40.0 20221222
40.1 20221222
40.0 20221222
36.5 20221222
44.2 20221222
40.0 20221222
36.0 20221222
37.2 20221222
39.9 20221222
33.9 20221222
40.0 20221222
39.9 20221222
40.0 20221222
40.0 20221222
40.0 20221222
40.1 20221222
39.5 20221222
40.0 20221222
36.5 20221222
36.4 20221222
33.7 20221222
40.0 20221222
39.8 20221222
40.0 20221222
38.0 20221222
36.0 20221222
37.3 20221222
39.9 20221222
3.58 20221222
41.0 20221222
0.577 20221222
0.461 20221222
40.0 20221222
39.9 20221222
40.0 20221222
38.3 20221222
39.8 20221222
40.0 20221222
40.0 20221222
40.1 20221222
37.7 20221222
40.1 20221222
40.1 20221222
37.5 20221222
40.0 20221222
39.9 20221222
36.7 20221222
40.0 20221222
40.0 20221222
36.8 20221222
39.9 20221222
0.494 20221222
0.495 20221222
39.6 20221222
40.2 20221222
0.561 20221222
39.1 20221222
40.0 20221222
0.533 20221222
0.906 20221222
0.509 20221222
36.3 20221222
0.572 20221222
0.835 20221222
0.610 20221222
0.478 20221222
0.455 20221222
0.486 20221222
1.21 20221222
0.987 20221222
0.497 20221222
2.30 20221222
39.9 20221222
40.0 20221222
36.2 20221222
43.9 20221222
39.9 20221222
40.1 20221222
37.0 20221222
39.8 20221222
39.6 20221222
40.0 20221222
39.9 20221222
36.3 20221222
40.2 20221222
39.9 20221222
36.7 20221222
40.0 20221222
40.2 20221222
39.9 20221222
40.1 20221222
37.2 20221222
35.8 20221222
39.8 20221222
40.0 20221222
40.2 20221222
39.9 20221222
36.0 20221222
35.8 20221222
37.6 20221222
39.9 20221222
37.5 20221222
39.4 20221222
2.12 20221222
15.5 20221222
31.4 20221222
40.0 20221222
36.2 20221222
32.2 20221222
40.0 20221222
40.0 20221222
36.4 20221222
33.4 20221222
1.21 20221222
0.579 20221222
2.41 20221222
0.625 20221222
0.759 20221222
0.628 20221222
0.596 20221222
2.23 20221222
2.08 20221222
1.71 20221222
36.2 20221222
1.76 20221222
1.89 20221222
2.40 20221222
37.0 20221222
0.656 20221222
39.7 20221222
39.7 20221222
39.8 20221222
36.7 20221222
0.825 20221222
39.7 20221222
40.9 20221222
36.9 20221222
39.8 20221222
36.8 20221222
38.2 20221222
40.0 20221222
41.4 20221222
35.7 20221222
39.8 20221222
39.9 20221222
37.0 20221222
43.1 20221222
2.61 20221222
36.3 20221222
2.46 20221222
116 20221222
39.8 20221222
39.8 20221222
3.46 20221222
0.644 20221222
0.447 20221222
3.09 20221222
39.9 20221222
39.7 20221222
1.45 20221222
39.5 20221222
1.87 20221222
40.0 20221222
39.6 20221222
39.9 20221222
36.2 20221222
36.3 20221222
39.9 20221222
44.0 20221222
40.0 20221222
40.0 20221222
40.0 20221222
36.4 20221222
38.6 20221222
40.0 20221222
36.3 20221222
39.7 20221222
37.2 20221222
40.0 20221222
80.7 20221222
38.4 20221222
40.0 20221222
40.0 20221222
40.0 20221222
39.7 20221222
43.8 20221222
40.3 20221222
39.7 20221222
38.6 20221222
40.1 20221222
0.990 20221222
1.95 20221222
0.470 20221222
1.61 20221222
36.2 20221222
40.0 20221222
37.0 20221222
38.1 20221222
0.441 20221222
0.447 20221222
0.465 20221222
3.06 20221222
39.9 20221222
39.9 20221222
39.8 20221222
39.8 20221222
36.5 20221222
40.0 20221222
36.7 20221222
36.6 20221222
40.0 20221222
36.0 20221222
37.5 20221222
37.7 20221222
40.0 20221222
39.8 20221222
36.5 20221222
36.3 20221222
36.2 20221222
37.2 20221222
39.9 20221222
39.7 20221222
35.9 20221222
40.0 20221222
37.2 20221222
36.9 20221222
37.1 20221222
39.8 20221222
39.9 20221222
39.9 20221222
0.506 20221222
40.0 20221222
36.2 20221222
36.2 20221222
40.0 20221222
40.0 20221222
36.4 20221222
44.0 20221222
39.9 20221222
36.3 20221222
39.9 20221222
36.9 20221222
38.5 20221222
0.569 20221222
40.0 20221222
0.448 20221222
39.9 20221222
36.5 20221222
0.509 20221222
39.9 20221222
36.6 20221222
0.498 20221222
1.30 20221222
1.61 20221222
0.613 20221222
40.0 20221222
36.2 20221222
0.518 20221222
0.537 20221222
40.0 20221222
0.414 20221222
0.472 20221222
0.411 20221222
40.0 20221222
35.9 20221222
37.2 20221222
39.8 20221222
0.417 20221222
0.552 20221222
40.0 20221222
36.0 20221222
38.2 20221222
35.9 20221222
37.7 20221222
0.502 20221222
39.8 20221222
36.5 20221222
0.429 20221222
40.0 20221222
40.2 20221222
35.8 20221222
40.1 20221222
36.8 20221222
1.35 20221222
36.0 20221222
37.3 20221222
0.570 20221222
0.592 20221222
0.745 20221222
0.423 20221222
40.0 20221222
36.7 20221222
36.3 20221222
0.517 20221222
0.836 20221222
1.85 20221222
2.37 20221222
39.7 20221222
36.8 20221222
38.1 20221222
80.3 20221222
44.1 20221222
39.9 20221222
40.1 20221222
36.5 20221222
40.1 20221222
36.4 20221222
39.9 20221222
0.506 20221222
36.8 20221222
0.811 20221222
40.0 20221222
1.88 20221222
40.1 20221222
40.0 20221222
35.9 20221222
40.1 20221222
40.1 20221222
40.0 20221222
40.0 20221222
37.9 20221222
40.1 20221222
40.0 20221222
37.7 20221222
38.9 20221222
40.0 20221222
36.7 20221222
36.7 20221222
40.0 20221222
40.0 20221222
35.9 20221222
39.9 20221222
36.0 20221222
40.0 20221222
40.0 20221222
41.3 20221222
0.552 20221222
3.01 20221222
116 20221222
36.9 20221222
0.630 20221222
0.974 20221222
36.3 20221222
0.888 20221222
39.7 20221222
39.7 20221222
39.7 20221222
39.8 20221222
36.5 20221222
36.3 20221222
39.8 20221222
39.8 20221222
39.8 20221222
39.9 20221222
36.4 20221222
39.9 20221222
36.8 20221222
40.1 20221222
0.633 20221222
2.61 20221222
40.0 20221222
36.9 20221222
36.0 20221222
76.6 20221222
36.3 20221222
40.0 20221222
39.9 20221222
36.5 20221222
36.6 20221222
36.3 20221222
40.0 20221222
38.2 20221222
0.426 20221222
1.69 20221222
1.96 20221222
39.6 20221222
39.7 20221222
39.8 20221222
36.6 20221222
37.1 20221222
39.8 20221222
35.8 20221222
37.6 20221222
39.7 20221222
39.7 20221222
36.4 20221222
39.8 20221222
0.762 20221222
39.7 20221222
37.5 20221222
38.2 20221222
39.3 20221222
43.0 20221222
40.0 20221222
39.8 20221222
40.3 20221222
36.6 20221222
40.0 20221222
35.9 20221222
36.8 20221222
39.9 20221222
39.9 20221222
36.2 20221222
35.9 20221222
36.6 20221222
39.9 20221222
36.2 20221222
39.8 20221222
39.9 20221222
39.9 20221222
36.6 20221222
0.653 20221222
39.8 20221222
0.416 20221222
0.511 20221222
0.428 20221222
3.47 20221222
3.65 20221222
0.429 20221222
3.48 20221222
39.8 20221222
39.7 20221222
0.681 20221222
39.9 20221222
1.97 20221222
2.79 20221222
0.616 20221222
0.599 20221222
0.568 20221222
37.6 20221222
1.42 20221222
37.6 20221222
0.632 20221222
0.524 20221222
0.700 20221222
2.02 20221222
39.7 20221222
38.8 20221222
39.8 20221222
35.7 20221222
36.9 20221222
37.0 20221222
39.6 20221222
39.8 20221222
35.9 20221222
37.0 20221222
37.3 20221222
39.8 20221222
35.8 20221222
36.2 20221222
32.4 20221222
39.9 20221222
40.0 20221222
40.0 20221222
37.0 20221222
37.2 20221222
37.2 20221222
40.0 20221222
40.0 20221222
36.3 20221222
37.1 20221222
40.0 20221222
40.0 20221222
41.1 20221222
37.2 20221222
38.0 20221222
40.0 20221222
40.0 20221222
40.1 20221222
37.9 20221222
39.2 20221222
40.0 20221222
40.0 20221222
40.0 20221222
37.3 20221222
37.5 20221222
36.3 20221222
36.6 20221222
40.1 20221222
40.0 20221222
37.0 20221222
39.1 20221222
35.9 20221222
36.6 20221222
0.604 20221222
0.728 20221222
40.1 20221222
40.2 20221222
37.5 20221222
39.9 20221222
37.1 20221222
37.6 20221222
39.9 20221222
40.0 20221222
36.6 20221222
32.7 20221222
40.0 20221222
37.1 20221222
0.713 20221222
0.933 20221222
2.41 20221222
2.73 20221222
2.50 20221222
36.9 20221222
38.3 20221222
39.7 20221222
39.8 20221222
36.3 20221222
39.6 20221222
39.8 20221222
40.1 20221222
37.1 20221222
35.9 20221222
39.8 20221222
39.9 20221222
79.9 20221222
39.8 20221222
39.2 20221222
39.9 20221222
38.6 20221222
38.2 20221222
40.0 20221222
36.8 20221222
37.9 20221222
40.0 20221222
37.3 20221222
38.4 20221222
40.0 20221222
39.9 20221222
36.9 20221222
38.2 20221222
39.7 20221222
39.8 20221222
41.1 20221222
40.1 20221222
40.1 20221222
39.9 20221222
40.0 20221222
37.9 20221222
39.9 20221222
39.9 20221222
36.7 20221222
36.9 20221222
40.1 20221222
40.1 20221222
40.0 20221222
37.6 20221222
34.6 20221222
40.1 20221222
40.1 20221222
40.0 20221222
37.3 20221222
37.3 20221222
40.0 20221222
39.9 20221222
36.2 20221222
36.8 20221222
38.2 20221222
38.3 20221222
39.7 20221222
37.3 20221222
38.9 20221222
35.8 20221222
37.3 20221222
38.3 20221222
39.8 20221222
40.0 20221222
35.7 20221222
39.8 20221222
0.422 20221222
0.455 20221222
83.6 20221222
40.0 20221222
36.4 20221222
36.7 20221222
39.9 20221222
40.0 20221222
36.8 20221222
37.3 20221222
0.560 20221222
0.500 20221222
0.479 20221222
0.539 20221222
40.0 20221222
0.493 20221222
0.695 20221222
0.462 20221222
36.4 20221222
0.779 20221222
40.0 20221222
36.0 20221222
36.5 20221222
37.3 20221222
40.0 20221222
40.1 20221222
40.0 20221222
40.0 20221222
36.6 20221222
37.5 20221222
34.6 20221222
40.0 20221222
40.0 20221222
37.1 20221222
38.1 20221222
40.1 20221222
39.9 20221222
36.0 20221222
38.2 20221222
40.0 20221222
79.9 20221222
0.418 20221222
3.20 20221222
37.4 20221222
0.526 20221222
0.453 20221222
37.7 20221222
40.1 20221222
40.3 20221222
37.1 20221222
39.8 20221222
40.0 20221222
37.4 20221222
38.3 20221222
40.0 20221222
36.9 20221222
37.6 20221222
40.0 20221222
40.0 20221222
88.9 20221222
39.9 20221222
40.0 20221222
40.0 20221222
0.547 20221222
39.6 20221222
39.9 20221222
0.685 20221222
1.21 20221222
0.705 20221222
0.513 20221222
0.673 20221222
40.0 20221222
40.0 20221222
36.2 20221222
36.5 20221222
77.2 20221222
0.567 20221222
39.6 20221222
38.9 20221222
40.0 20221222
35.9 20221222
37.3 20221222
40.0 20221222
40.0 20221222
40.1 20221222
40.1 20221222
37.2 20221222
36.7 20221222
36.8 20221222
40.0 20221222
40.0 20221222
39.9 20221222
36.8 20221222
0.429 20221222
1.97 20221222
0.484 20221222
1.71 20221222
2.05 20221222
2.60 20221222
39.8 20221222
37.1 20221222
40.2 20221222
80.0 20221222
40.0 20221222
41.1 20221222
37.7 20221222
39.8 20221222
36.4 20221222
40.0 20221222
39.9 20221222
39.8 20221222
40.0 20221222
44.0 20221222
40.0 20221222
37.5 20221222
38.7 20221222
39.9 20221222
39.9 20221222
40.0 20221222
36.4 20221222
39.9 20221222
39.9 20221222
36.5 20221222
36.6 20221222
40.0 20221222
36.3 20221222
36.8 20221222
39.9 20221222
35.9 20221222
36.5 20221222
36.3 20221222
39.9 20221222
39.9 20221222
36.3 20221222
37.6 20221222
37.7 20221222
0.459 20221222
3.48 20221222
36.2 20221222
0.508 20221222
40.0 20221222
39.9 20221222
37.1 20221222
38.1 20221222
36.0 20221222
40.0 20221222
39.9 20221222
39.8 20221222
36.6 20221222
36.8 20221222
39.7 20221222
35.9 20221222
39.8 20221222
39.9 20221222
39.6 20221222
40.1 20221222
40.1 20221222
40.0 20221222
40.0 20221222
36.5 20221222
44.3 20221222
0.493 20221222
36.7 20221222
1.97 20221222
1.50 20221222
39.7 20221222
39.1 20221222
40.0 20221222
39.7 20221222
1.86 20221222
39.9 20221222
39.8 20221222
36.2 20221222
37.1 20221222
39.9 20221222
39.9 20221222
36.5 20221222
3.03 20221222
1.50 20221222
0.927 20221222
36.6 20221222
36.2 20221222
1.62 20221222
1.83 20221222
39.9 20221222
39.7 20221222
39.8 20221222
35.9 20221222
39.7 20221222
36.5 20221222
39.7 20221222
35.8 20221222
39.8 20221222
39.9 20221222
39.8 20221222
39.8 20221222
40.1 20221222
36.4 20221222
1.87 20221222
75.8 20221222
39.8 20221222
40.0 20221222
36.3 20221222
40.0 20221222
39.7 20221222
39.9 20221222
0.673 20221222
0.434 20221222
39.9 20221222
39.8 20221222
36.7 20221222
36.3 20221222
40.0 20221222
39.9 20221222
39.9 20221222
39.8 20221222
36.2 20221222
40.1 20221222
39.7 20221222
37.1 20221222
39.7 20221222
39.7 20221222
40.0 20221222
36.9 20221222
37.0 20221222
34.5 20221222
40.4 20221222
36.8 20221222
40.1 20221222
40.0 20221222
39.9 20221222
36.1 20221222
36.1 20221222
44.1 20221222
39.7 20221222
39.8 20221222
37.1 20221222
36.8 20221222
39.9 20221222
40.0 20221222
39.7 20221222
39.8 20221222
39.7 20221222
40.0 20221222
37.1 20221222
37.1 20221222
36.1 20221222
37.2 20221222
40.0 20221222
36.8 20221222
37.1 20221222
40.0 20221222
37.5 20221222
39.7 20221222
35.8 20221222
37.4 20221222
39.9 20221222
40.0 20221222
40.2 20221222
0.549 20221222
3.15 20221222
1.31 20221222
36.3 20221222
37.4 20221222
39.9 20221222
40.0 20221222
36.3 20221222
39.9 20221222
39.8 20221222
39.9 20221222
116 20221222
37.6 20221222
39.9 20221222
39.9 20221222
39.8 20221222
39.9 20221222
37.3 20221222
38.9 20221222
1.91 20221222
2.82 20221222
39.8 20221222
36.4 20221222
39.8 20221222
37.6 20221222
37.5 20221222
39.8 20221222
35.9 20221222
36.8 20221222
39.1 20221222
0.944 20221222
39.8 20221222
0.502 20221222
0.544 20221222
40.0 20221222
36.0 20221222
36.5 20221222
36.5 20221222
0.708 20221222
0.714 20221222
39.9 20221222
40.0 20221222
77.1 20221222
36.6 20221222
0.448 20221222
0.601 20221222
0.511 20221222
39.7 20221222
39.8 20221222
36.1 20221222
0.514 20221222
0.496 20221222
0.465 20221222
39.9 20221222
0.872 20221222
0.573 20221222
39.6 20221222
39.8 20221222
39.7 20221222
40.0 20221222
39.9 20221222
40.2 20221222
36.3 20221222
39.8 20221222
39.7 20221222
39.8 20221222
39.7 20221222
39.8 20221222
39.9 20221222
36.8 20221222
37.2 20221222
40.0 20221222
40.0 20221222
37.3 20221222
39.7 20221222
35.8 20221222
79.8 20221222
36.2 20221222
37.4 20221222
39.8 20221222
39.8 20221222
39.8 20221222
39.8 20221222
116 20221222
39.9 20221222
39.8 20221222
39.9 20221222
36.3 20221222
36.7 20221222
39.9 20221222
0.891 20221222
44.0 20221222
39.9 20221222
40.0 20221222
39.8 20221222
36.2 20221222
39.9 20221222
39.9 20221222
39.9 20221222
36.3 20221222
39.9 20221222
39.9 20221222
40.0 20221222
40.0 20221222
41.1 20221222
37.2 20221222
37.1 20221222
39.8 20221222
36.2 20221222
40.0 20221222
36.3 20221222
36.2 20221222
1.32 20221222
0.582 20221222
1.89 20221222
0.670 20221222
0.519 20221222
39.9 20221222
0.591 20221222
1.58 20221222
2.25 20221222
36.3 20221222
39.9 20221222
36.4 20221222
39.7 20221222
35.9 20221222
36.9 20221222
39.9 20221222
35.9 20221222
37.6 20221222
39.9 20221222
40.0 20221222
41.8 20221222
37.5 20221222
39.7 20221222
35.9 20221222
36.2 20221222
39.7 20221222
40.3 20221222
37.1 20221222
39.8 20221222
36.1 20221222
36.1 20221222
39.7 20221222
39.9 20221222
37.2 20221222
40.0 20221222
39.8 20221222
36.7 20221222
39.4 20221222
1.81 20221222
39.8 20221222
40.0 20221222
35.9 20221222
36.7 20221222
40.0 20221222
36.3 20221222
36.8 20221222
39.7 20221222
75.7 20221222
39.7 20221222
39.9 20221222
35.9 20221222
39.8 20221222
40.1 20221222
35.5 20221222
39.8 20221222
39.9 20221222
39.7 20221222
1.69 20221222
39.9 20221222
35.6 20221222
39.6 20221222
79.8 20221222
37.5 20221222
37.5 20221222
37.8 20221222
40.1 20221222
39.9 20221222
37.1 20221222
39.8 20221222
35.6 20221222
39.9 20221222
40.0 20221222
36.4 20221222
36.3 20221222
36.6 20221222
36.0 20221222
36.3 20221222
0.450 20221222
0.402 20221222
0.466 20221222
0.570 20221222
38.9 20221222
75.0 20221222
0.451 20221222
39.9 20221222
36.8 20221222
37.4 20221222
0.817 20221222
0.452 20221222
39.6 20221222
116 20221222
36.5 20221222
39.8 20221222
37.4 20221222
1.04 20221222
39.8 20221222
39.7 20221222
35.8 20221222
32.8 20221222
39.7 20221222
39.9 20221222
36.4 20221222
36.4 20221222
40.1 20221222
40.0 20221222
39.9 20221222
39.8 20221222
36.4 20221222
40.0 20221222
40.0 20221222
40.0 20221222
39.9 20221222
36.3 20221222
0.675 20221222
39.6 20221222
1.76 20221222
3.22 20221222
40.1 20221222
36.0 20221222
36.8 20221222
39.8 20221222
43.8 20221222
39.8 20221222
40.0 20221222
36.8 20221222
37.4 20221222
40.0 20221222
36.1 20221222
40.1 20221222
36.8 20221222
39.9 20221222
35.5 20221222
39.9 20221222
40.0 20221222
40.0 20221222
40.0 20221222
37.6 20221222
44.0 20221222
40.0 20221222
40.0 20221222
40.0 20221222
37.2 20221222
39.2 20221222
39.8 20221222
36.5 20221222
39.9 20221222
40.2 20221222
39.6 20221222
36.6 20221222
39.9 20221222
40.2 20221222
39.9 20221222
39.9 20221222
0.659 20221222
0.633 20221222
39.8 20221222
1.24 20221222
39.8 20221222
196 20221222
39.9 20221222
39.7 20221222
39.9 20221222
36.2 20221222
39.7 20221222
39.8 20221222
39.9 20221222
39.9 20221222
36.2 20221222
44.3 20221222
39.6 20221222
40.0 20221222
40.0 20221222
39.9 20221222
37.2 20221222
38.0 20221222
40.2 20221222
72.5 20221222
39.9 20221222
0.658 20221222
2.23 20221222
0.613 20221222
39.7 20221222
39.7 20221222
39.8 20221222
35.7 20221222
39.7 20221222
36.6 20221222
39.6 20221222
40.0 20221222
36.6 20221222
0.860 20221222
1.00 20221222
0.483 20221222
2.61 20221222
40.0 20221222
0.946 20221222
0.712 20221222
39.7 20221222
0.452 20221222
3.10 20221222
39.8 20221222
76.1 20221222
40.0 20221222
39.9 20221222
36.3 20221222
40.0 20221222
36.2 20221222
36.2 20221222
40.0 20221222
39.7 20221222
35.8 20221222
36.2 20221222
39.8 20221222
40.3 20221222
36.6 20221222
40.0 20221222
41.1 20221222
36.0 20221222
36.6 20221222
2.86 20221222
40.2 20221222
36.2 20221222
39.9 20221222
37.0 20221222
37.3 20221222
40.0 20221222
40.0 20221222
40.0 20221222
40.7 20221222
36.8 20221222
39.6 20221222
40.0 20221222
37.4 20221222
38.6 20221222
35.6 20221222
36.5 20221222
37.6 20221222
40.0 20221222
37.2 20221222
37.7 20221222
40.0 20221222
40.0 20221222
37.2 20221222
37.7 20221222
40.1 20221222
36.7 20221222
40.1 20221222
37.1 20221222
40.0 20221222
40.0 20221222
40.0 20221222
37.2 20221222
34.4 20221222
80.1 20221222
39.9 20221222
36.9 20221222
38.6 20221222
39.9 20221222
40.0 20221222
36.5 20221222
32.8 20221222
43.9 20221222
36.6 20221222
40.0 20221222
37.3 20221222
40.0 20221222
39.9 20221222
40.1 20221222
40.0 20221222
34.1 20221222
0.444 20221222
2.08 20221222
0.401 20221222
39.8 20221222
37.0 20221222
1.54 20221222
0.495 20221222
34.5 20221222
40.0 20221222
44.0 20221222
40.0 20221222
37.0 20221222
38.0 20221222
38.9 20221222
39.9 20221222
40.0 20221222
36.9 20221222
0.445 20221222
0.564 20221222
0.497 20221222
0.477 20221222
0.623 20221222
2.63 20221222
36.2 20221222
36.2 20221222
40.0 20221222
36.3 20221222
36.2 20221222
40.0 20221222
40.1 20221222
37.4 20221222
38.6 20221222
40.0 20221222
40.0 20221222
0.585 20221222
3.12 20221222
3.26 20221222
0.745 20221222
35.9 20221222
37.7 20221222
40.0 20221222
40.0 20221222
36.0 20221222
36.0 20221222
38.3 20221222
38.7 20221222
37.9 20221222
39.9 20221222
39.8 20221222
40.0 20221222
40.1 20221222
36.6 20221222
36.5 20221222
40.0 20221222
36.4 20221222
39.8 20221222
36.3 20221222
39.9 20221222
37.1 20221222
36.8 20221222
36.4 20221222
36.6 20221222
39.9 20221222
40.0 20221222
37.4 20221222
39.9 20221222
17.0 20221222
40.0 20221222
39.9 20221222
40.0 20221222
39.9 20221222
36.2 20221222
36.8 20221222
76.2 20221222
40.1 20221222
39.9 20221222
40.0 20221222
36.6 20221222
40.0 20221222
36.3 20221222
39.8 20221222
1.04 20221222
1.68 20221222
2.96 20221222
39.8 20221222
40.0 20221222
2.46 20221222
36.8 20221222
0.528 20221222
0.520 20221222
40.0 20221222
36.1 20221222
40.0 20221222
40.0 20221222
40.0 20221222
41.9 20221222
38.3 20221222
44.0 20221222
40.0 20221222
39.9 20221222
39.8 20221222
40.0 20221222
0.510 20221222
0.560 20221222
0.461 20221222
0.564 20221222
39.8 20221222
39.9 20221222
40.0 20221222
40.2 20221222
36.6 20221222
0.425 20221222
37.5 20221222
37.4 20221222
39.9 20221222
0.428 20221222
1.12 20221222
35.9 20221222
36.7 20221222
1.33 20221222
0.792 20221222
39.8 20221222
0.429 20221222
1.64 20221222
0.510 20221222
38.1 20221222
39.7 20221222
39.8 20221222
39.8 20221222
40.0 20221222
40.0 20221222
36.3 20221222
40.0 20221222
40.0 20221222
40.0 20221222
36.5 20221222
40.0 20221222
36.3 20221222
36.4 20221222
40.0 20221222
35.8 20221222
39.8 20221222
39.9 20221222
40.1 20221222
40.0 20221222
36.3 20221222
36.9 20221222
37.5 20221222
37.4 20221222
39.8 20221222
40.1 20221222
40.0 20221222
39.9 20221222
40.1 20221222
37.6 20221222
40.0 20221222
37.5 20221222
38.4 20221222
39.9 20221222
0.497 20221222
0.552 20221222
39.9 20221222
40.1 20221222
38.4 20221222
39.8 20221222
40.3 20221222
37.0 20221222
0.417 20221222
0.459 20221222
1.57 20221222
0.889 20221222
39.8 20221222
0.815 20221222
0.413 20221222
36.1 20221222
36.3 20221222
0.603 20221222
0.463 20221222
0.665 20221222
43.7 20221222
1.59 20221222
0.422 20221222
39.9 20221222
37.1 20221222
39.8 20221222
35.8 20221222
39.9 20221222
39.9 20221222
35.8 20221222
40.0 20221222
36.2 20221222
39.9 20221222
36.3 20221222
37.4 20221222
37.9 20221222
39.0 20221222
40.0 20221222
39.9 20221222
40.0 20221222
37.6 20221222
39.7 20221222
40.0 20221222
36.7 20221222
40.0 20221222
40.0 20221222
40.1 20221222
36.9 20221222
40.0 20221222
37.1 20221222
40.0 20221222
40.0 20221222
36.6 20221222
37.3 20221222
36.5 20221222
36.3 20221222
0.461 20221222
40.0 20221222
36.0 20221222
36.5 20221222
40.0 20221222
37.8 20221222
40.1 20221222
40.0 20221222
36.2 20221222
37.1 20221222
40.0 20221222
40.1 20221222
36.0 20221222
37.6 20221222
37.9 20221222
37.0 20221222
40.0 20221222
40.0 20221222
39.9 20221222
37.6 20221222
3.70 20221222
0.419 20221222
1.30 20221222
0.631 20221222
1.60 20221222
3.02 20221222
39.9 20221222
36.9 20221222
37.2 20221222
37.2 20221222
39.9 20221222
36.3 20221222
0.477 20221222
3.74 20221222
39.8 20221222
0.599 20221222
3.45 20221222
0.471 20221222
1.95 20221222
1.68 20221222
40.0 20221222
1.66 20221222
36.4 20221222
40.1 20221222
40.3 20221222
0.451 20221222
0.917 20221222
40.1 20221222
0.458 20221222
0.484 20221222
0.447 20221222
39.9 20221222
40.8 20221222
39.9 20221222
39.9 20221222
39.9 20221222
36.4 20221222
35.9 20221222
36.9 20221222
39.9 20221222
35.7 20221222
36.8 20221222
40.0 20221222
39.9 20221222
38.9 20221222
42.1 20221222
40.0 20221222
36.6 20221222
43.9 20221222
35.9 20221222
37.4 20221222
39.3 20221222
40.8 20221222
38.4 20221222
40.0 20221222
39.9 20221222
37.1 20221222
37.2 20221222
40.0 20221222
39.9 20221222
38.3 20221222
38.9 20221222
39.9 20221222
36.4 20221222
32.7 20221222
37.3 20221222
37.4 20221222
54.2 20221222
40.0 20221222
40.0 20221222
40.0 20221222
39.9 20221222
36.4 20221222
36.7 20221222
39.9 20221222
39.9 20221222
40.0 20221222
36.1 20221222
36.5 20221222
40.0 20221222
40.0 20221222
36.8 20221222
39.9 20221222
39.9 20221222
39.8 20221222
36.0 20221222
36.7 20221222
40.0 20221222
40.0 20221222
37.2 20221222
37.4 20221222
40.0 20221222
40.0 20221222
36.5 20221222
40.0 20221222
36.4 20221222
36.2 20221222
39.9 20221222
36.3 20221222
36.4 20221222
32.5 20221222
39.9 20221222
36.7 20221222
37.7 20221222
38.7 20221222
2.89 20221222
36.1 20221222
39.9 20221222
3.22 20221222
40.1 20221222
36.9 20221222
37.3 20221222
40.0 20221222
40.0 20221222
37.1 20221222
37.4 20221222
40.0 20221222
40.0 20221222
38.2 20221222
40.0 20221222
40.0 20221222
40.0 20221222
40.0 20221222
40.1 20221222
40.2 20221222
0.549 20221222
40.1 20221222
1.35 20221222
39.9 20221222
40.0 20221222
1.34 20221222
0.619 20221222
1.01 20221222
39.6 20221222
0.649 20221222
0.531 20221222
0.931 20221222
0.500 20221222
0.547 20221222
0.974 20221222
36.8 20221222
37.6 20221222
38.2 20221222
39.7 20221222
40.0 20221222
35.8 20221222
0.734 20221222
39.7 20221222
38.8 20221222
39.9 20221222
35.8 20221222
39.8 20221222
37.1 20221222
34.0 20221222
40.0 20221222
39.7 20221222
40.0 20221222
39.7 20221222
39.7 20221222
39.9 20221222
36.3 20221222
37.1 20221222
37.5 20221222
33.6 20221222
40.0 20221222
40.0 20221222
40.9 20221222
37.8 20221222
40.0 20221222
40.1 20221222
39.9 20221222
36.9 20221222
38.8 20221222
40.2 20221222
40.0 20221222
40.1 20221222
35.9 20221222
36.5 20221222
39.9 20221222
36.8 20221222
38.9 20221222
39.8 20221222
39.7 20221222
37.5 20221222
40.0 20221222
39.7 20221222
39.9 20221222
39.9 20221222
37.4 20221222
38.1 20221222
40.0 20221222
39.9 20221222
40.0 20221222
36.2 20221222
38.0 20221222
40.0 20221222
40.0 20221222
36.9 20221222
40.0 20221222
39.9 20221222
39.9 20221222
36.0 20221222
36.0 20221222
40.0 20221222
36.7 20221222
36.6 20221222
40.0 20221222
40.0 20221222
36.9 20221222
38.5 20221222
38.9 20221222
40.1 20221222
40.0 20221222
36.4 20221222
37.9 20221222
40.0 20221222
39.9 20221222
36.4 20221222
40.0 20221222
37.3 20221222
37.4 20221222
40.1 20221222
40.1 20221222
40.0 20221222
40.0 20221222
39.9 20221222
39.8 20221222
39.9 20221222
40.0 20221222
37.6 20221222
40.2 20221222
39.8 20221222
40.2 20221222
37.2 20221222
39.9 20221222
40.1 20221222
37.9 20221222
39.9 20221222
36.6 20221222
76.7 20221222
39.9 20221222
40.0 20221222
40.3 20221222
40.0 20221222
36.4 20221222
36.8 20221222
38.7 20221222
40.1 20221222
40.0 20221222
36.5 20221222
32.5 20221222
40.0 20221222
36.4 20221222
36.7 20221222
40.0 20221222
35.9 20221222
40.0 20221222
40.1 20221222
40.0 20221222
40.0 20221222
40.0 20221222
40.1 20221222
40.0 20221222
40.1 20221222
38.2 20221222
39.6 20221222
35.9 20221222
36.6 20221222
36.9 20221222
0.497 20221222
0.424 20221222
39.9 20221222
79.7 20221222
39.6 20221222
39.8 20221222
39.7 20221222
39.8 20221222
39.9 20221222
39.8 20221222
39.8 20221222
39.9 20221222
39.7 20221222
39.8 20221222
36.1 20221222
37.9 20221222
39.7 20221222
37.3 20221222
0.443 20221222
0.586 20221222
0.515 20221222
0.788 20221222
2.93 20221222
0.506 20221222
39.8 20221222
39.8 20221222
41.0 20221222
37.9 20221222
38.4 20221222
39.9 20221222
40.2 20221222
40.0 20221222
37.1 20221222
37.3 20221222
40.1 20221222
1.92 20221222
2.00 20221222
0.535 20221222
39.9 20221222
35.8 20221222
39.8 20221222
36.5 20221222
40.0 20221222
40.0 20221222
39.8 20221222
38.1 20221222
40.1 20221222
38.1 20221222
39.9 20221222
37.9 20221222
39.9 20221222
37.2 20221222
37.4 20221222
39.7 20221222
40.1 20221222
36.5 20221222
40.0 20221222
37.3 20221222
38.6 20221222
0.432 20221222
39.8 20221222
36.2 20221222
37.5 20221222
39.8 20221222
39.8 20221222
39.7 20221222
37.4 20221222
40.1 20221222
37.7 20221222
39.9 20221222
37.9 20221222
40.0 20221222
40.1 20221222
40.0 20221222
37.1 20221222
40.0 20221222
36.9 20221222
37.6 20221222
40.1 20221222
39.9 20221222
38.0 20221222
40.0 20221222
43.8 20221222
39.6 20221222
39.9 20221222
39.7 20221222
35.8 20221222
39.8 20221222
36.3 20221222
39.8 20221222
39.8 20221222
39.7 20221222
39.9 20221222
39.7 20221222
39.8 20221222
36.9 20221222
36.4 20221222
39.7 20221222
39.8 20221222
40.1 20221222
40.1 20221222
40.1 20221222
40.0 20221222
40.0 20221222
40.0 20221222
39.9 20221222
40.0 20221222
40.0 20221222
41.8 20221222
0.455 20221222
39.9 20221222
38.0 20221222
39.7 20221222
39.6 20221222
0.423 20221222
0.564 20221222
39.8 20221222
0.436 20221222
0.415 20221222
39.9 20221222
37.0 20221222
77.9 20221222
38.3 20221222
40.0 20221222
36.7 20221222
3.45 20221222
1.95 20221222
2.17 20221222
2.83 20221222
35.0 20221222
39.9 20221222
39.9 20221222
36.6 20221222
40.0 20221222
40.0 20221222
39.9 20221222
39.9 20221222
0.444 20221222
38.6 20221222
1.29 20221222
0.489 20221222
39.7 20221222
39.8 20221222
36.5 20221222
39.8 20221222
36.4 20221222
39.8 20221222
37.4 20221222
37.5 20221222
40.0 20221222
36.3 20221222
32.6 20221222
39.9 20221222
36.3 20221222
39.8 20221222
39.6 20221222
39.8 20221222
39.7 20221222
40.0 20221222
36.2 20221222
36.8 20221222
40.0 20221222
40.1 20221222
39.9 20221222
37.3 20221222
34.9 20221222
37.3 20221222
38.6 20221222
39.8 20221222
40.0 20221222
40.0 20221222
38.1 20221222
39.8 20221222
39.7 20221222
80.0 20221222
40.0 20221222
40.0 20221222
37.9 20221222
40.0 20221222
37.3 20221222
38.8 20221222
40.0 20221222
39.8 20221222
36.7 20221222
36.6 20221222
40.1 20221222
37.2 20221222
33.9 20221222
37.0 20221222
39.8 20221222
40.1 20221222
37.2 20221222
39.7 20221222
39.7 20221222
39.9 20221222
39.9 20221222
79.8 20221222
37.2 20221222
37.8 20221222
33.5 20221222
43.8 20221222
39.9 20221222
36.7 20221222
39.9 20221222
36.1 20221222
39.9 20221222
39.8 20221222
0.439 20221222
0.787 20221222
0.427 20221222
2.32 20221222
36.8 20221222
39.7 20221222
36.7 20221222
40.0 20221222
35.8 20221222
37.9 20221222
40.0 20221222
38.4 20221222
37.3 20221222
39.9 20221222
39.8 20221222
76.5 20221222
36.5 20221222
37.7 20221222
39.8 20221222
39.6 20221222
36.8 20221222
37.7 20221222
38.4 20221222
40.2 20221222
37.6 20221222
38.9 20221222
36.4 20221222
36.6 20221222
80.2 20221222
2.68 20221222
2.97 20221222
40.0 20221222
40.0 20221222
2.66 20221222
36.3 20221222
39.9 20221222
39.9 20221222
2.42 20221222
2.59 20221222
2.32 20221222
36.6 20221222
37.8 20221222
0.698 20221222
40.0 20221222
36.6 20221222
39.9 20221222
40.0 20221222
37.7 20221222
38.6 20221222
38.6 20221222
39.7 20221222
39.9 20221222
39.7 20221222
39.6 20221222
40.0 20221222
36.6 20221222
39.8 20221222
35.7 20221222
40.5 20221222
40.3 20221222
40.2 20221222
36.4 20221222
0.515 20221222
0.506 20221222
1.40 20221222
40.0 20221222
40.3 20221222
37.0 20221222
39.9 20221222
36.0 20221222
36.8 20221222
37.1 20221222
39.8 20221222
39.8 20221222
35.7 20221222
36.3 20221222
39.9 20221222
37.0 20221222
0.434 20221222
0.459 20221222
39.9 20221222
35.7 20221222
36.4 20221222
39.9 20221222
40.0 20221222
37.0 20221222
39.6 20221222
3.37 20221222
40.0 20221222
39.9 20221222
40.0 20221222
39.9 20221222
40.0 20221222
36.3 20221222
33.5 20221222
39.7 20221222
79.8 20221222
37.6 20221222
39.6 20221222
39.8 20221222
37.5 20221222
40.0 20221222
39.7 20221222
35.8 20221222
40.1 20221222
39.9 20221222
39.9 20221222
2.82 20221222
0.464 20221222
0.467 20221222
3.62 20221222
39.9 20221222
3.66 20221222
37.2 20221222
39.9 20221222
39.9 20221222
36.3 20221222
36.4 20221222
40.0 20221222
40.0 20221222
37.3 20221222
39.3 20221222
39.9 20221222
39.9 20221222
116 20221222
37.6 20221222
0.469 20221222
40.1 20221222
0.576 20221222
40.0 20221222
36.4 20221222
39.9 20221222
36.6 20221222
36.2 20221222
37.6 20221222
38.8 20221222
40.1 20221222
40.1 20221222
41.8 20221222
40.1 20221222
39.8 20221222
39.7 20221222
40.1 20221222
39.4 20221222
2.65 20221222
39.9 20221222
39.7 20221222
39.6 20221222
39.6 20221222
40.0 20221222
40.1 20221222
36.5 20221222
36.7 20221222
37.8 20221222
40.0 20221222
39.9 20221222
36.6 20221222
0.516 20221222
0.592 20221222
0.605 20221222
0.486 20221222
0.485 20221222
0.550 20221222
21.0 20221222
22.2 20221222
22.4 20221222
18.6 20221222
14.2 20221222
15.0 20221222
11.3 20221222
15.8 20221222
6.07 20221222
12.7 20221222
7.13 20221222
3.37 20221222
24.0 20221222
20.2 20221222
19.9 20221222
1.69 20221222
1.09 20221222
2.42 20221222
2.85 20221222
3.33 20221222
36.7 20221222
0.505 20221222
44.0 20221222
40.0 20221222
37.4 20221222
40.1 20221222
36.6 20221222
44.1 20221222
40.0 20221222
40.0 20221222
37.5 20221222
38.6 20221222
39.8 20221222
39.7 20221222
36.5 20221222
37.2 20221222
40.0 20221222
37.8 20221222
39.9 20221222
40.0 20221222
37.6 20221222
40.0 20221222
38.1 20221222
40.0 20221222
38.5 20221222
39.9 20221222
40.0 20221222
3.78 20221222
42.4 20221222
40.0 20221222
44.6 20221222
35.5 20221222
40.0 20221222
39.8 20221222
35.7 20221222
35.8 20221222
39.9 20221222
36.2 20221222
39.9 20221222
39.5 20221222
0.502 20221222
1.99 20221222
0.433 20221222
40.0 20221222
39.9 20221222
36.8 20221222
36.4 20221222
80.2 20221222
36.4 20221222
40.0 20221222
36.5 20221222
37.2 20221222
35.9 20221222
37.5 20221222
39.9 20221222
40.3 20221222
40.0 20221222
37.9 20221222
0.512 20221222
0.535 20221222
0.513 20221222
0.491 20221222
0.442 20221222
36.4 20221222
32.8 20221222
39.9 20221222
36.3 20221222
36.5 20221222
40.0 20221222
39.8 20221222
36.7 20221222
40.0 20221222
39.9 20221222
36.7 20221222
39.6 20221222
36.1 20221222
38.1 20221222
2.26 20221222
37.2 20221222
39.9 20221222
79.9 20221222
39.9 20221222
33.3 20221222
39.7 20221222
40.5 20221222
37.1 20221222
37.4 20221222
38.2 20221222
39.8 20221222
156 20221222
39.8 20221222
33.1 20221222
39.9 20221222
39.9 20221222
39.8 20221222
36.4 20221222
39.6 20221222
39.9 20221222
39.9 20221222
40.0 20221222
36.3 20221222
40.0 20221222
40.0 20221222
37.2 20221222
40.0 20221222
40.1 20221222
38.3 20221222
40.0 20221222
118 20221222
39.9 20221222
40.1 20221222
36.0 20221222
36.1 20221222
39.9 20221222
38.5 20221222
40.0 20221222
40.0 20221222
39.9 20221222
37.4 20221222
41.8 20221222
38.5 20221222
39.8 20221222
36.2 20221222
37.2 20221222
0.442 20221222
39.9 20221222
40.0 20221222
40.0 20221222
40.0 20221222
40.0 20221222
37.5 20221222
40.0 20221222
37.9 20221222
40.1 20221222
40.0 20221222
40.0 20221222
37.8 20221222
43.9 20221222
39.9 20221222
37.2 20221222
38.3 20221222
39.9 20221222
39.8 20221222
37.5 20221222
39.9 20221222
39.7 20221222
36.5 20221222
39.6 20221222
40.2 20221222
39.8 20221222
36.5 20221222
36.7 20221222
39.7 20221222
39.8 20221222
39.6 20221222
39.8 20221222
36.3 20221222
39.8 20221222
36.8 20221222
39.7 20221222
37.9 20221222
38.1 20221222
39.8 20221222
37.8 20221222
38.1 20221222
40.0 20221222
37.8 20221222
40.5 20221222
37.0 20221222
36.9 20221222
35.8 20221222
36.5 20221222
40.0 20221222
39.8 20221222
37.3 20221222
39.9 20221222
38.1 20221222
1.90 20221222
36.3 20221222
36.8 20221222
39.8 20221222
36.8 20221222
36.7 20221222
40.0 20221222
36.5 20221222
39.8 20221222
35.7 20221222
39.7 20221222
37.1 20221222
43.9 20221222
40.1 20221222
0.486 20221222
39.7 20221222
40.7 20221222
33.3 20221222
39.8 20221222
36.4 20221222
40.1 20221222
37.5 20221222
38.3 20221222
39.7 20221222
40.0 20221222
0.455 20221222
35.9 20221222
39.8 20221222
36.3 20221222
36.6 20221222
39.7 20221222
40.0 20221222
2.49 20221222
2.23 20221222
2.52 20221222
2.88 20221222
2.56 20221222
2.71 20221222
31.0 20221222
39.8 20221222
40.1 20221222
37.4 20221222
37.8 20221222
37.6 20221222
39.9 20221222
35.8 20221222
33.3 20221222
40.0 20221222
37.5 20221222
37.8 20221222
39.9 20221222
39.8 20221222
40.0 20221222
37.3 20221222
35.5 20221222
40.0 20221222
37.7 20221222
40.1 20221222
39.8 20221222
39.9 20221222
39.6 20221222
40.1 20221222
36.4 20221222
40.0 20221222
39.9 20221222
39.8 20221222
40.0 20221222
37.9 20221222
40.0 20221222
40.0 20221222
40.0 20221222
37.4 20221222
38.8 20221222
36.6 20221222
37.7 20221222
39.9 20221222
39.9 20221222
36.2 20221222
40.0 20221222
40.1 20221222
80.2 20221222
36.6 20221222
0.505 20221222
0.570 20221222
39.8 20221222
37.7 20221222
38.6 20221222
39.8 20221222
39.8 20221222
36.6 20221222
0.472 20221222
39.9 20221222
36.5 20221222
39.8 20221222
80.1 20221222
36.5 20221222
36.6 20221222
39.8 20221222
39.8 20221222
39.7 20221222
36.3 20221222
37.1 20221222
34.1 20221222
40.0 20221222
37.0 20221222
39.9 20221222
39.9 20221222
40.0 20221222
41.5 20221222
37.4 20221222
40.0 20221222
40.1 20221222
36.4 20221222
37.1 20221222
40.0 20221222
40.0 20221222
40.0 20221222
36.8 20221222
36.5 20221222
37.3 20221222
0.424 20221222
40.0 20221222
36.5 20221222
40.0 20221222
36.6 20221222
36.3 20221222
40.0 20221222
36.9 20221222
40.0 20221222
36.9 20221222
0.525 20221222
3.09 20221222
0.470 20221222
40.0 20221222
40.0 20221222
35.8 20221222
76.6 20221222
39.8 20221222
36.4 20221222
40.0 20221222
39.9 20221222
39.8 20221222
36.6 20221222
39.8 20221222
36.2 20221222
32.6 20221222
39.9 20221222
36.3 20221222
39.8 20221222
39.7 20221222
1.61 20221222
39.7 20221222
39.8 20221222
36.4 20221222
39.9 20221222
35.9 20221222
39.9 20221222
39.8 20221222
39.9 20221222
39.6 20221222
39.9 20221222
39.7 20221222
40.0 20221222
40.1 20221222
36.5 20221222
40.0 20221222
40.1 20221222
36.9 20221222
39.9 20221222
37.2 20221222
78.0 20221222
39.9 20221222
37.8 20221222
39.8 20221222
40.0 20221222
37.9 20221222
40.1 20221222
41.0 20221222
40.1 20221222
36.4 20221222
39.9 20221222
36.0 20221222
36.8 20221222
0.579 20221222
40.0 20221222
37.7 20221222
39.0 20221222
40.1 20221222
41.9 20221222
39.9 20221222
36.9 20221222
39.1 20221222
39.8 20221222
37.6 20221222
38.1 20221222
34.4 20221222
39.8 20221222
41.3 20221222
37.1 20221222
39.6 20221222
43.9 20221222
40.0 20221222
39.9 20221222
36.5 20221222
40.1 20221222
37.6 20221222
37.8 20221222
23.5 20221222
39.8 20221222
37.0 20221222
40.0 20221222
39.9 20221222
35.9 20221222
36.4 20221222
39.9 20221222
36.4 20221222
36.2 20221222
39.9 20221222
39.9 20221222
36.7 20221222
36.9 20221222
39.9 20221222
39.9 20221222
36.4 20221222
39.9 20221222
40.1 20221222
38.7 20221222
40.1 20221222
37.6 20221222
37.9 20221222
40.1 20221222
120 20221222
0.549 20221222
0.467 20221222
0.582 20221222
40.0 20221222
40.0 20221222
40.1 20221222
38.1 20221222
40.1 20221222
37.4 20221222
39.1 20221222
40.1 20221222
40.1 20221222
40.0 20221222
38.7 20221222
35.7 20221222
76.4 20221222
40.0 20221222
40.0 20221222
40.0 20221222
77.4 20221222
38.7 20221222
40.0 20221222
40.0 20221222
38.0 20221222
40.2 20221222
40.0 20221222
40.2 20221222
39.9 20221222
77.1 20221222
39.0 20221222
39.7 20221222
39.8 20221222
39.7 20221222
36.2 20221222
35.9 20221222
39.9 20221222
39.9 20221222
36.4 20221222
40.0 20221222
36.2 20221222
39.7 20221222
40.0 20221222
36.3 20221222
39.8 20221222
40.0 20221222
39.8 20221222
40.9 20221222
36.8 20221222
39.8 20221222
40.1 20221222
40.2 20221222
37.1 20221222
40.0 20221222
40.0 20221222
40.0 20221222
39.9 20221222
40.5 20221222
37.4 20221222
40.1 20221222
40.1 20221222
36.6 20221222
37.3 20221222
0.550 20221222
0.597 20221222
39.7 20221222
39.8 20221222
39.7 20221222
39.7 20221222
40.0 20221222
39.9 20221222
36.6 20221222
40.0 20221222
39.8 20221222
40.1 20221222
35.7 20221222
39.8 20221222
39.9 20221222
39.8 20221222
0.608 20221222
39.9 20221222
76.9 20221222
0.469 20221222
0.599 20221222
40.0 20221222
39.7 20221222
36.8 20221222
0.469 20221222
39.7 20221222
39.8 20221222
35.9 20221222
39.8 20221222
80.1 20221222
40.2 20221222
36.6 20221222
40.0 20221222
39.9 20221222
36.7 20221222
39.8 20221222
39.7 20221222
36.5 20221222
39.9 20221222
39.8 20221222
36.5 20221222
39.6 20221222
37.3 20221222
37.4 20221222
40.1 20221222
36.8 20221222
40.1 20221222
40.2 20221222
40.0 20221222
40.0 20221222
37.6 20221222
38.1 20221222
39.9 20221222
40.0 20221222
37.3 20221222
42.1 20221222
38.9 20221222
40.1 20221222
44.0 20221222
40.2 20221222
37.1 20221222
41.8 20221222
37.0 20221222
38.0 20221222
39.9 20221222
0.461 20221222
2.60 20221222
36.5 20221222
37.0 20221222
40.0 20221222
40.0 20221222
36.5 20221222
36.7 20221222
39.8 20221222
39.7 20221222
36.1 20221222
39.6 20221222
43.8 20221222
39.7 20221222
39.9 20221222
36.3 20221222
39.7 20221222
37.2 20221222
37.4 20221222
33.3 20221222
0.509 20221222
2.70 20221222
0.780 20221222
40.0 20221222
40.0 20221222
36.6 20221222
40.0 20221222
36.7 20221222
40.0 20221222
36.3 20221222
76.8 20221222
0.779 20221222
0.483 20221222
0.481 20221222
1.58 20221222
36.6 20221222
36.4 20221222
0.481 20221222
0.606 20221222
0.496 20221222
0.404 20221222
0.427 20221222
0.438 20221222
0.458 20221222
2.44 20221222
2.56 20221222
36.7 20221222
39.9 20221222
40.0 20221222
39.8 20221222
40.0 20221222
40.0 20221222
40.0 20221222
36.2 20221222
39.9 20221222
2.38 20221222
39.7 20221222
39.8 20221222
36.4 20221222
39.0 20221222
116 20221222
37.1 20221222
39.9 20221222
40.0 20221222
37.5 20221222
38.3 20221222
39.9 20221222
39.9 20221222
40.0 20221222
37.5 20221222
38.7 20221222
40.0 20221222
40.0 20221222
37.0 20221222
38.1 20221222
36.0 20221222
37.3 20221222
40.0 20221222
41.1 20221222
38.4 20221222
1.25 20221222
1.85 20221222
36.7 20221222
34.2 20221222
39.9 20221222
40.0 20221222
37.4 20221222
37.4 20221222
40.0 20221222
39.9 20221222
40.0 20221222
37.1 20221222
37.4 20221222
0.550 20221222
0.507 20221222
2.23 20221222
78.8 20221222
36.3 20221222
3.43 20221222
0.496 20221222
120 20221222
0.452 20221222
0.448 20221222
1.48 20221222
39.7 20221222
36.5 20221222
36.2 20221222
39.7 20221222
36.6 20221222
36.5 20221222
80.4 20221222
36.0 20221222
36.3 20221222
1.97 20221222
36.5 20221222
2.30 20221222
39.9 20221222
39.8 20221222
36.7 20221222
39.8 20221222
40.1 20221222
39.7 20221222
40.0 20221222
36.6 20221222
40.0 20221222
1.39 20221222
1.70 20221222
35.6 20221222
39.7 20221222
39.7 20221222
39.7 20221222
80.0 20221222
36.4 20221222
40.3 20221222
0.649 20221222
0.668 20221222
2.05 20221222
36.2 20221222
39.8 20221222
37.6 20221222
40.3 20221222
39.7 20221222
39.7 20221222
21.5 20221222
39.7 20221222
11.0 20221222
40.2 20221222
39.8 20221222
36.7 20221222
39.8 20221222
39.7 20221222
39.8 20221222
0.502 20221222
39.7 20221222
39.9 20221222
40.6 20221222
80.1 20221222
0.537 20221222
40.1 20221222
36.0 20221222
36.9 20221222
43.9 20221222
40.5 20221222
36.9 20221222
0.473 20221222
0.434 20221222
39.9 20221222
37.0 20221222
40.0 20221222
36.5 20221222
36.4 20221222
39.2 20221222
40.0 20221222
37.0 20221222
37.9 20221222
40.0 20221222
39.9 20221222
39.9 20221222
40.0 20221222
36.3 20221222
32.3 20221222
0.574 20221222
0.515 20221222
2.93 20221222
39.7 20221222
39.9 20221222
36.2 20221222
36.6 20221222
39.8 20221222
39.9 20221222
37.0 20221222
40.0 20221222
40.0 20221222
36.4 20221222
36.6 20221222
40.0 20221222
40.0 20221222
36.7 20221222
39.8 20221222
36.5 20221222
39.8 20221222
36.6 20221222
39.8 20221222
39.8 20221222
36.4 20221222
35.8 20221222
39.8 20221222
39.8 20221222
39.7 20221222
40.0 20221222
40.0 20221222
39.6 20221222
39.9 20221222
36.6 20221222
39.7 20221222
36.3 20221222
36.1 20221222
41.2 20221222
38.3 20221222
39.9 20221222
36.7 20221222
36.0 20221222
36.6 20221222
36.7 20221222
39.7 20221222
39.8 20221222
40.4 20221222
40.0 20221222
40.0 20221222
37.0 20221222
39.7 20221222
39.7 20221222
40.5 20221222
39.6 20221222
39.6 20221222
40.0 20221222
36.6 20221222
39.9 20221222
40.5 20221222
36.8 20221222
37.3 20221222
40.0 20221222
36.6 20221222
36.8 20221222
40.1 20221222
40.1 20221222
36.7 20221222
36.7 20221222
39.8 20221222
35.7 20221222
39.9 20221222
40.1 20221222
40.0 20221222
40.5 20221222
39.9 20221222
36.4 20221222
36.6 20221222
39.8 20221222
0.632 20221222
40.0 20221222
36.2 20221222
37.3 20221222
36.0 20221222
36.9 20221222
40.0 20221222
36.2 20221222
40.0 20221222
40.0 20221222
40.0 20221222
39.9 20221222
36.0 20221222
36.4 20221222
40.0 20221222
40.0 20221222
0.498 20221222
40.0 20221222
40.0 20221222
36.3 20221222
37.0 20221222
39.9 20221222
36.6 20221222
36.6 20221222
40.0 20221222
37.4 20221222
39.9 20221222
39.7 20221222
39.9 20221222
40.1 20221222
36.3 20221222
39.8 20221222
35.7 20221222
39.7 20221222
40.2 20221222
40.2 20221222
39.9 20221222
39.9 20221222
39.9 20221222
36.6 20221222
37.1 20221222
40.0 20221222
40.0 20221222
40.0 20221222
39.9 20221222
40.0 20221222
35.9 20221222
38.1 20221222
39.9 20221222
40.1 20221222
39.7 20221222
40.0 20221222
80.4 20221222
36.3 20221222
0.508 20221222
40.1 20221222
36.8 20221222
0.487 20221222
40.0 20221222
0.545 20221222
40.0 20221222
0.751 20221222
3.04 20221222
40.0 20221222
39.9 20221222
39.9 20221222
39.9 20221222
36.2 20221222
39.9 20221222
40.0 20221222
39.9 20221222
39.9 20221222
40.0 20221222
36.2 20221222
37.0 20221222
39.9 20221222
39.9 20221222
39.8 20221222
39.9 20221222
36.0 20221222
77.1 20221222
37.4 20221222
40.0 20221222
40.0 20221222
36.0 20221222
37.1 20221222
40.2 20221222
36.4 20221222
39.9 20221222
40.0 20221222
0.491 20221222
3.79 20221222
40.0 20221222
36.8 20221222
36.4 20221222
40.0 20221222
36.3 20221222
37.0 20221222
39.9 20221222
36.8 20221222
32.5 20221222
40.0 20221222
37.7 20221222
39.1 20221222
39.9 20221222
40.0 20221222
37.2 20221222
37.7 20221222
38.0 20221222
38.4 20221222
34.4 20221222
40.0 20221222
40.0 20221222
37.3 20221222
37.6 20221222
39.9 20221222
36.4 20221222
36.3 20221222
40.0 20221222
40.0 20221222
38.3 20221222
40.0 20221222
40.0 20221222
25.0 20221222
2.54 20221222
0.435 20221222
2.83 20221222
3.00 20221222
36.1 20221222
36.0 20221222
36.7 20221222
39.9 20221222
37.0 20221222
39.9 20221222
76.2 20221222
39.9 20221222
36.5 20221222
36.0 20221222
36.4 20221222
39.9 20221222
39.8 20221222
36.4 20221222
40.1 20221222
39.6 20221222
36.6 20221222
79.9 20221222
39.9 20221222
38.0 20221222
40.1 20221222
37.5 20221222
39.8 20221222
37.1 20221222
39.7 20221222
40.0 20221222
36.7 20221222
38.6 20221222
80.1 20221222
36.5 20221222
40.1 20221222
37.3 20221222
39.6 20221222
39.9 20221222
37.0 20221222
0.398 20221222
0.464 20221222
0.567 20221222
39.7 20221222
39.5 20221222
39.7 20221222
39.8 20221222
39.5 20221222
39.5 20221222
39.8 20221222
40.0 20221222
39.7 20221222
36.4 20221222
39.8 20221222
39.8 20221222
39.7 20221222
39.3 20221222
39.9 20221222
39.8 20221222
40.0 20221222
36.7 20221222
32.9 20221222
39.9 20221222
40.0 20221222
36.4 20221222
32.3 20221222
39.6 20221222
39.9 20221222
39.8 20221222
40.2 20221222
39.7 20221222
0.355 20221222
39.8 20221222
40.0 20221222
36.5 20221222
39.9 20221222
37.6 20221222
35.3 20221222
36.9 20221222
39.9 20221222
36.2 20221222
40.0 20221222
40.2 20221222
40.0 20221222
40.0 20221222
35.8 20221222
39.8 20221222
36.6 20221222
37.0 20221222
39.8 20221222
0.855 20221222
36.0 20221222
76.7 20221222
0.967 20221222
40.0 20221222
77.5 20221222
37.0 20221222
0.792 20221222
40.0 20221222
40.1 20221222
36.8 20221222
37.3 20221222
39.7 20221222
0.391 20221222
39.8 20221222
36.7 20221222
40.0 20221222
0.569 20221222
0.628 20221222
1.36 20221222
1.18 20221222
1.57 20221222
39.8 20221222
35.6 20221222
39.8 20221222
36.7 20221222
32.6 20221222
40.0 20221222
39.8 20221222
35.8 20221222
36.7 20221222
36.4 20221222
39.8 20221222
39.9 20221222
40.0 20221222
40.0 20221222
36.7 20221222
2.00 20221222
39.9 20221222
37.3 20221222
38.9 20221222
36.9 20221222
40.0 20221222
37.3 20221222
38.1 20221222
39.8 20221222
36.7 20221222
35.8 20221222
36.5 20221222
39.8 20221222
36.2 20221222
37.3 20221222
36.0 20221222
37.1 20221222
34.7 20221222
39.9 20221222
36.4 20221222
36.9 20221222
40.1 20221222
38.5 20221222
40.0 20221222
40.0 20221222
40.0 20221222
3.71 20221222
40.0 20221222
44.1 20221222
40.0 20221222
40.0 20221222
40.0 20221222
36.3 20221222
40.0 20221222
40.0 20221222
41.0 20221222
38.4 20221222
40.1 20221222
37.5 20221222
40.0 20221222
40.9 20221222
38.5 20221222
40.2 20221222
40.1 20221222
37.9 20221222
39.7 20221222
40.1 20221222
36.1 20221222
80.0 20221222
40.1 20221222
79.9 20221222
39.7 20221222
35.7 20221222
40.0 20221222
43.9 20221222
40.1 20221222
36.7 20221222
39.9 20221222
35.9 20221222
39.9 20221222
36.4 20221222
36.4 20221222
40.0 20221222
39.6 20221222
79.8 20221222
39.9 20221222
39.7 20221222
36.3 20221222
36.2 20221222
36.9 20221222
39.7 20221222
36.9 20221222
40.0 20221222
37.9 20221222
39.9 20221222
38.7 20221222
37.4 20221222
44.0 20221222
40.0 20221222
39.9 20221222
36.7 20221222
37.6 20221222
39.1 20221222
37.1 20221222
38.2 20221222
0.461 20221222
2.23 20221222
40.0 20221222
36.2 20221222
32.7 20221222
35.9 20221222
40.0 20221222
0.481 20221222
39.7 20221222
37.1 20221222
37.4 20221222
40.0 20221222
39.9 20221222
40.0 20221222
39.9 20221222
76.5 20221222
36.3 20221222
44.0 20221222
40.0 20221222
40.0 20221222
36.4 20221222
39.9 20221222
39.8 20221222
24.0 20221222
0.840 20221222
14.9 20221222
22.7 20221222
13.4 20221222
39.9 20221222
40.0 20221222
40.0 20221222
37.1 20221222
37.7 20221222
40.0 20221222
36.1 20221222
36.3 20221222
36.7 20221222
36.2 20221222
40.0 20221222
40.0 20221222
37.0 20221222
37.7 20221222
37.3 20221222
40.0 20221222
40.0 20221222
40.1 20221222
39.8 20221222
39.6 20221222
40.0 20221222
40.1 20221222
40.0 20221222
37.3 20221222
37.5 20221222
37.7 20221222
33.8 20221222
40.0 20221222
40.0 20221222
40.0 20221222
39.9 20221222
40.0 20221222
36.9 20221222
38.1 20221222
39.8 20221222
39.7 20221222
39.8 20221222
38.3 20221222
43.8 20221222
37.5 20221222
39.0 20221222
40.0 20221222
37.6 20221222
39.9 20221222
35.9 20221222
36.2 20221222
37.0 20221222
79.2 20221222
37.0 20221222
42.7 20221222
44.0 20221222
80.1 20221222
40.0 20221222
39.9 20221222
40.4 20221222
40.1 20221222
39.8 20221222
36.2 20221222
40.0 20221222
39.7 20221222
39.2 20221222
75.7 20221222
40.0 20221222
39.8 20221222
36.4 20221222
36.9 20221222
39.7 20221222
39.6 20221222
40.0 20221222
39.9 20221222
36.6 20221222
39.8 20221222
0.759 20221222
39.4 20221222
0.848 20221222
2.26 20221222
3.30 20221222
39.7 20221222
39.7 20221222
36.3 20221222
39.9 20221222
39.8 20221222
39.6 20221222
36.5 20221222
36.3 20221222
3.06 20221222
1.58 20221222
37.2 20221222
34.5 20221222
39.7 20221222
37.3 20221222
37.9 20221222
35.7 20221222
36.7 20221222
38.6 20221222
39.9 20221222
37.2 20221222
40.1 20221222
40.0 20221222
37.9 20221222
38.9 20221222
40.0 20221222
37.7 20221222
44.0 20221222
40.1 20221222
40.1 20221222
36.0 20221222
36.2 20221222
37.8 20221222
39.9 20221222
1.99 20221222
1.78 20221222
1.46 20221222
0.454 20221222
0.554 20221222
0.432 20221222
2.88 20221222
0.454 20221222
2.24 20221222
0.773 20221222
1.49 20221222
39.8 20221222
40.0 20221222
40.7 20221222
37.1 20221222
38.7 20221222
40.1 20221222
40.1 20221222
0.521 20221222
3.15 20221222
40.0 20221222
0.568 20221222
2.92 20221222
0.467 20221222
0.627 20221222
40.0 20221222
37.6 20221222
40.0 20221222
37.5 20221222
39.4 20221222
116 20221222
37.2 20221222
39.8 20221222
39.7 20221222
36.4 20221222
37.6 20221222
40.0 20221222
39.9 20221222
43.6 20221222
40.2 20221222
39.7 20221222
40.0 20221222
39.9 20221222
80.4 20221222
40.1 20221222
40.1 20221222
40.1 20221222
36.0 20221222
39.9 20221222
40.0 20221222
40.0 20221222
40.0 20221222
40.0 20221222
39.8 20221222
116 20221222
37.0 20221222
36.0 20221222
36.7 20221222
