126 12 0 0 13 1245210 2022121505
0.00 0 0 0 27 1245210 2022121505
0.00 0 0 0 27 1245210 2022121505
0.00 0 0 0 27 1245210 2022121505
0.00 0 0 0 27 1245210 2022121505
0.00 0 0 0 27 1245210 2022121505
0.00 0 0 0 27 1245210 2022121505
0.00 0 0 0 27 1245210 2022121505
0.00 0 0 0 27 1245210 2022121505
0.00 0 0 0 27 1245210 2022121505
0.00 0 0 0 27 1245210 2022121505
0.00 0 0 0 27 1245210 2022121505
0.00 0 0 0 27 1245210 2022121505
0.00 0 0 0 27 1245210 2022121505
0.00 0 0 0 27 1245210 2022121505
0.00 0 0 0 27 1245210 2022121505
0.00 0 0 0 27 1245210 2022121505
0.00 0 0 0 27 1245210 2022121505
0.00 0 0 0 27 1245210 2022121505
0.00 0 0 0 27 1245210 2022121505
0.00 0 0 0 27 1245210 2022121505
0.00 0 0 0 27 1245210 2022121505
0.00 0 0 0 27 1245210 2022121505
0.00 0 0 0[ ID] Interval Transfer Bandwidth Write Err Rtry Cwnd RTT 2022121505
115 11 [ ID] Interval Transfer Bandwidth Write Err Rtry Cwnd RTT 2022121505
0.00 0 0 0 795 3144701 2022121505
0.00 0 0 0 1121 10018393 2022121505
0.00 0 0 0 1647 10018393 2022121505
0.00 0 0 0 1647 10018393 2022121505
0.00 0 0 0 1647 10018393 2022121505
0.00 0 0 0 1647 10018393 2022121505
73.4 7 0 0 1647 10018393 2022121505
157 15 0 0 1647 10018393 2022121505
0.00 0 0 0 1647 10018393 2022121505
0.00 0 0 0 1647 10018393 2022121505
0.00 0 0 0 1647 10018393 2022121505
0.00 0 0 0 1647 10018393 2022121505
0.00 0 0 0 1647 10018393 2022121505
0.00 0 0 0 1647 10018393 2022121505
0.00 0 0 0 1647 10018393 2022121505
273 26 0 0 1647 10018393 2022121505
0.00 0 0 0 1647 10018393 2022121505
0.00 0 0 0 1647 10018393 2022121505
0.00 0 0 0 1647 10018393 2022121505
0.00 0 0 0 1647 10018393 2022121505
0.00 0 0 0 1647 10018393 2022121505
0.00 0 0 0 1647 10018393 2022121505
0.00 0 0 0 1647 10018393 2022121505
0.00 0 0 0 1647 10018393 2022121505
0.00 0 0 0 1647 10018393 2022121505
0.00 0 0 0 1647 10018393 2022121505
0.00 0 0 0 1647 10018393 2022121505
0.00 0 0 0 1647 10018393 2022121505
0.00 0 0 0 1647 10018393 2022121505
0.00 0 0 0 1647 10018393 2022121505
0.00 0 0 0 1647 10018393 2022121505
0.00 0 0 0 1647 10018393 2022121505
0.00 0 0 0 1647 10018393 2022121505
0.00 0 0 0 1647 10018393 2022121505
0.00 0 0 0 1647 10018393 2022121505
0.00 0 0 0 1647 10018393 2022121505
0.00 0 0 0 1647 10018393 2022121505
0.00 0 0 0 1647 10018393 2022121505
0.00 0 0 0 1647 10018393 2022121505
0.00 0 0 0 1647 10018393 2022121505
0.00 0 0 0 1647 10018393 2022121505
0.00 0 0 0 1647 10018393 2022121505
0.00 0 0 0 1647 10018393 2022121505
0.00 0 0 0 1647 10018393 2022121505
0.00 0 0 0 1647 10018393 2022121505
0.00 0 0 0 1647 10018393 2022121505
0.00 0 0 0 1647 10018393 2022121505
0.00 0 0 0 1647 10018393 2022121505
0.00 0 0 0 1647 10018393 2022121505
0.00 0 0 0 1647 10018393 2022121505
0.00 0 0 0 1647 10018393 2022121505
0.00 0 0 0 1647 10018393 2022121505
0.00 0 0 0 1647 10018393 2022121505
0.00 0 0 0 1647 10018393 2022121505
0.00 0 0 0 1647 10018393 2022121505
0.00 0 0 0 1647 10018393 2022121505
0.00 0 0 0 1647 10018393 2022121505
0.00 0 0 0 1647 10018393 2022121505
0.00 0 0 0 1647 10018393 2022121505
0.00 0 0 0 1647 10018393 2022121505
0.00 0 0 0 1647 10018393 2022121505
0.00 0 0 0 1647 10018393 2022121505
0.00 0 0 0 1647 10018393 2022121505
0.00 0 0 0 1647 10018393 2022121505
0.00 0 0 0 1647 10018393 2022121505
0.00 0 0 0 1647 10018393 2022121505
0.00 0 0 0 1647 10018393 2022121505
0.00 0 0 0 1647 10018393 2022121505
0.00 0 0 0 1647 10018393 2022121505
0.00 0 0 0 1647 10018393 2022121505
0.00 0 0 0 1647 10018393 2022121505
0.00 0 0 0 1647 10018393 2022121505
0.00 0 0 0 1647 10018393 2022121505
0.00 0 0 0 1647 10018393 2022121505
0.00 0 0 0 1647 10018393 2022121505
0.00 0 0 0 1647 10018393 2022121505
0.00 0 0 0 1647 10018393 2022121505
0.00 0 0 0 1647 10018393 2022121505
0.00 0 0 0 1647 10018393 2022121505
0.00 0 0 0 1647 10018393 2022121505
0.00 0 0 0 1647 10018393 2022121505
0.00 0 0 0 1647 10018393 2022121505
0.00 0 0 0 1647 10018393 2022121505
0.00 0 0 0 1647 10018393 2022121505
0.00 0 0 0 1647 10018393 2022121505
0.00 0 0 0 1647 10018393 2022121505
0.00 0 0 0 1647 10018393 2022121505
0.00 0 0 0 1647 10018393 2022121505
0.00 0 0 0 1647 10018393 2022121505
0.00 0 0 0 1647 10018393 2022121505
0.00 0 0 0 1647 10018393 2022121505
0.00 0 0 0 1647 10018393 2022121505
0.00 0 0 0 1647 10018393 2022121505
0.00 0 0 0 1647 10018393 2022121505
0.00 0 0 0 1647 10018393 2022121505
0.00 0 0 0 1647 10018393 2022121505
0.00 0 0 0 1647 10018393 2022121505
0.00 0 0 0 1647 10018393 2022121505
