13.7 2 0 0 27 119371 2022121523
0.00 0 1 0 55 119745 2022121523
12.3 2 0 0 110 119483 2022121523
17.1 2 0 0 219 118685 2022121523
36.4 4 0 0 435 116998 2022121523
41.9 4 0 0 437 121928 2022121523
130 13 0 0 870 118577 2022121523
124 12 0 0 1380 117016 2022121523
93.5 10 0 12 799 116924 2022121523
41.6 4 0 3 128 117121 2022121523
46.8 5 0 0 998 119755 2022121523
10.4 1 0 0 999 120074 2022121523
104 11 0 0 1034 114145 2022121523
41.6 4 0 0 1042 116710 2022121523
83.1 8 0 0 1059 117128 2022121523
41.6 4 0 0 1067 117788 2022121523
130 13 0 0 1087 117111 2022121523
41.6 4 0 0 1094 117539 2022121523
46.8 5 0 0 1103 119238 2022121523
88.3 9 0 0 1129 117354 2022121523
0.00 0 0 0 1129 117354 2022121523
105 10 0 0 1136 117654 2022121523
165 17 0 0 1154 117683 2022121523
46.8 5 0 1 657 117198 2022121523
41.6 4 0 0 808 119350 2022121523
10.4 1 0 0 809 119917 2022121523
140 14 0 0 828 117149 2022121523
20.8 2 0 0 832 119233 2022121523
67.6 7 0 0 841 117960 2022121523
41.6 4 0 0 846 117404 2022121523
98.7 10 0 0 856 118019 2022121523
36.4 4 0 0 861 117381 2022121523
31.2 3 0 0 864 119247 2022121523
67.6 7 0 0 870 118003 2022121523
72.7 7 0 0 876 119323 2022121523
67.6 7 0 0 883 117367 2022121523
46.8 5 0 0 886 117466 2022121523
31.2 3 0 0 886 117513 2022121523
88.3 9 0 0 896 118080 2022121523
46.8 5 0 0 901 117798 2022121523
41.6 4 0 0 904 119016 2022121523
57.2 6 0 0 908 118637 2022121523
88.3 9 0 0 914 119202 2022121523
57.2 6 0 0 918 118639 2022121523
52.0 5 0 0 922 118079 2022121523
41.6 4 0 0 923 119164 2022121523
109 11 0 0 932 118805 2022121523
41.6 4 0 0 934 117981 2022121523
57.2 6 0 0 934 118623 2022121523
52.0 5 0 0 939 117790 2022121523
98.7 10 0 0 943 118865 2022121523
52.0 5 0 0 945 113814 2022121523
41.6 4 0 0 947 115028 2022121523
62.4 6 0 0 948 118671 2022121523
93.5 9 0 0 952 114928 2022121523
57.2 6 0 0 954 118694 2022121523
57.2 6 0 0 955 118095 2022121523
41.6 4 0 0 958 119014 2022121523
114 12 0 0 961 117797 2022121523
41.6 4 0 0 962 122953 2022121523
57.2 6 0 0 963 114729 2022121523
57.2 6 0 0 965 117939 2022121523
104 11 0 0 966 118697 2022121523
52.0 5 0 0 967 117574 2022121523
46.8 5 0 0 969 118848 2022121523
57.2 6 0 0 970 118693 2022121523
98.7 10 0 0 972 118983 2022121523
57.2 6 0 0 973 118718 2022121523
57.2 6 0 0 973 117424 2022121523
46.8 5 0 0 974 118596 2022121523
114 12 0 0 976 117738 2022121523
46.8 5 0 0 977 118822 2022121523
57.2 6 0 0 977 118511 2022121523
57.2 6 0 0 977 118140 2022121523
98.7 10 0 0 979 118683 2022121523
57.2 6 0 0 979 117673 2022121523
46.8 5 0 0 979 114547 2022121523
57.2 6 0 0 979 122613 2022121523
104 11 0 0 980 118825 2022121523
57.2 6 0 0 980 118039 2022121523
0.00 0 0 0 980 118039 2022121523
104 10 0 0 980 118481 2022121523
114 12 0 0 980 121884 2022121523
41.6 4 0 0 980 114470 2022121523
57.2 6 0 0 980 114364 2022121523
57.2 6 0 0 980 117913 2022121523
104 11 0 0 980 118299 2022121523
57.2 6 0 0 980 117627 2022121523
46.8 5 0 0 980 118827 2022121523
57.2 6 0 0 980 122986 2022121523
104 11 0 0 980 118688 2022121523
57.2 6 0 0 980 119009 2022121523
57.2 6 0 0 980 117714 2022121523
46.8 5 0 0 980 118648 2022121523
114 11 0 0 980 118070 2022121523
46.8 5 0 0 980 122789 2022121523
52.0 5 0 0 980 119173 2022121523
62.4 6 0 0 980 121973 2022121523
98.7 10 0 0 980 119088 2022121523
62.4 6 0 0 980 122107 2022121523
41.6 4 0 0 980 118534 2022121523
57.2 6 0 0 980 114876 2022121523
104 11 0 0 980 122375 2022121523
52.0 5 0 0 980 118974 2022121523
62.4 6 0 0 980 117599 2022121523
46.8 5 0 0 981 118731 2022121523
114 11 0 0 981 118001 2022121523
46.8 5 0 0 981 118770 2022121523
52.0 5 0 0 983 119280 2022121523
62.4 6 0 0 983 117706 2022121523
98.7 10 0 0 985 117727 2022121523
0.00 0 0 0 985 117727 2022121523
0.00 0 0 0 985 117727 2022121523
0.00 0 0 0 985 117727 2022121523
197 19 0 0 987 117801 2022121523
41.6 4 0 0 987 118791 2022121523
77.9 8 0 0 988 117562 2022121523
83.1 8 0 0 990 119209 2022121523
77.9 8 0 0 991 117565 2022121523
46.8 5 0 0 991 117374 2022121523
46.9 5 0 0 992 116703 2022121523
114 11 0 0 999 119411 2022121523
36.4 4 0 0 1001 119519 2022121523
0.00 0 0 0 1001 119519 2022121523
0.00 0 0 0 1001 119519 2022121523
0.00 0 0 0 1001 119519 2022121523
0.00 0 0 0 1001 119519 2022121523
330 32 0 0 1010 117433 2022121523
0.00 0 0 0 1010 117433 2022121523
0.00 0 0 0 1010 117433 2022121523
0.00 0 0 0 1010 117433 2022121523
0.00 0 0 0 1010 117433 2022121523
283 27 0 0 1023 113663 2022121523
0.00 0 0 0 1023 113663 2022121523
0.00 0 0 0 1023 113663 2022121523
0.00 0 0 0 1023 113663 2022121523
0.00 0 0 0 1023 113663 2022121523
330 32 0 0 1028 121127 2022121523
0.00 0 0 0 1028 121127 2022121523
0.00 0 0 0 1028 121127 2022121523
161 16 0 0 1032 129334 2022121523
0.00 0 0 0 1036 129334 2022121523
31.5 3 0 0 1036 167601 2022121523
136 13 0 0 1038 167601 2022121523
14.1 2 0 0 1042 9330806 2022121523
10.5 1 0 0 1565 9330806 2022121523
0.00 0 0 0 1565 9330806 2022121523
0.00 0 0 0 1565 9330806 2022121523
0.00 0 0 0 1565 9330806 2022121523
0.00 0 0 0 1565 9330806 2022121523
0.00 0 0 0 1565 9330806 2022121523
0.00 0 0 0 1565 9330806 2022121523
0.00 0 0 0 1565 9330806 2022121523
0.00 0 0 0 1565 9330806 2022121523
0.00 0 0 0 1565 9330806 2022121523
0.00 0 0 0 1565 9330806 2022121523
0.00 0 0 0 1565 9330806 2022121523
0.00 0 0 0 1565 9330806 2022121523
0.00 0 0 0 1565 9330806 2022121523
0.00 0 0 0 1565 9330806 2022121523
0.00 0 0 0 1565 9330806 2022121523
0.00 0 0 0 1565 9330806 2022121523
0.00 0 0 0 1565 9330806 2022121523
0.00 0 0 0 1565 9330806 2022121523
0.00 0 0 0 1565 9330806 2022121523
0.00 0 0 0 1565 9330806 2022121523
0.00 0 0 0 1565 9330806 2022121523
0.00 0 0 0 1565 9330806 2022121523
0.00 0 0 0 1565 9330806 2022121523
0.00 0 0 0 1565 9330806 2022121523
0.00 0 0 0 1565 9330806 2022121523
0.00 0 0 0 1565 9330806 2022121523
0.00 0 0 0 1565 9330806 2022121523
0.00 0 0 0 1565 9330806 2022121523
0.00 0 0 0 1565 9330806 2022121523
0.00 0 0 0 1565 9330806 2022121523
0.00 0 0 0 1565 9330806 2022121523
0.00 0 0 0 1565 9330806 2022121523
0.00 0 0 0 1565 9330806 2022121523
0.00 0 0 0 1565 9330806 2022121523
0.00 0 0 0 1565 9330806 2022121523
0.00 0 0 0 1565 9330806 2022121523
0.00 0 0 0 1565 9330806 2022121523
0.00 0 0 0 1565 9330806 2022121523
0.00 0 0 0 1565 9330806 2022121523
0.00 0 0 0 1565 9330806 2022121523
0.00 0 0 0 1565 9330806 2022121523
0.00 0 0 0 1565 9330806 2022121523
0.00 0 0 0 1565 9330806 2022121523
0.00 0 0 0 1565 9330806 2022121523
0.00 0 0 0 1565 9330806 2022121523
0.00 0 0 0 1565 9330806 2022121523
0.00 0 0 0 1565 9330806 2022121523
0.00 0 0 0 1565 9330806 2022121523
0.00 0 0 0 1565 9330806 2022121523
0.00 0 0 0 1565 9330806 2022121523
0.00 0 0 0 1565 9330806 2022121523
0.00 0 0 0 1565 9330806 2022121523
0.00 0 0 0 1565 9330806 2022121523
0.00 0 0 0 1565 9330806 2022121523
0.00 0 0 0 1565 9330806 2022121523
0.00 0 0 0 1565 9330806 2022121523
0.00 0 0 0 1565 9330806 2022121523
0.00 0 0 0 1565 9330806 2022121523
0.00 0 0 0 1565 9330806 2022121523
0.00 0 0 0 1565 9330806 2022121523
0.00 0 0 0 1565 9330806 2022121523
0.00 0 0 0 1565 9330806 2022121523
0.00 0 0 0 1565 9330806 2022121523
0.00 0 0 0 1565 9330806 2022121523
0.00 0 0 0 1565 9330806 2022121523
0.00 0 0 0 1565 9330806 2022121523
0.00 0 0 0 1565 9330806 2022121523
0.00 0 0 0 1565 9330806 2022121523
0.00 0 0 0 1565 9330806 2022121523
0.00 0 0 0 1565 9330806 2022121523
0.00 0 0 0 1565 9330806 2022121523
0.00 0 0 0 1565 9330806 2022121523
0.00 0 0 0 1565 9330806 2022121523
0.00 0 0 0 1565 9330806 2022121523
0.00 0 0 0 1565 9330806 2022121523
0.00 0 0 0 1565 9330806 2022121523
0.00 0 0 0 1565 9330806 2022121523
0.00 0 0 0 1565 9330806 2022121523
0.00 0 0 0 1565 9330806 2022121523
0.00 0 0 0 1565 9330806 2022121523
0.00 0 0 0 1565 9330806 2022121523
0.00 0 0 0 1565 9330806 2022121523
0.00 0 0 0 1565 9330806 2022121523
0.00 0 0 0 1565 9330806 2022121523
0.00 0 0 0 1565 9330806 2022121523
0.00 0 0 0 1565 9330806 2022121523
0.00 0 0 0 1565 9330806 2022121523
0.00 0 0 0 1565 9330806 2022121523
0.00 0 0 0 1565 9330806 2022121523
0.00 0 0 0 1565 9330806 2022121523
0.00 0 0 0 1565 9330806 2022121523
0.00 0 0 0 1565 9330806 2022121523
0.00 0 0 0 1565 9330806 2022121523
0.00 0 0 0 1565 9330806 2022121523
0.00 0 0 0 1565 9330806 2022121523
0.00 0 0 0 1565 9330806 2022121523
0.00 0 0 0 1565 9330806 2022121523
0.00 0 0 0 1565 9330806 2022121523
104 10 0 13 93 120920 2022121523
0.00 0 0 0 93 120920 2022121523
0.00 0 0 0 93 120920 2022121523
0.00 0 0 0 93 120920 2022121523
104 10 0 2 925 119746 2022121523
0.00 0 0 0 925 119746 2022121523
0.00 0 0 0 925 119746 2022121523
0.00 0 0 0 925 119746 2022121523
0.00 0 0 0 925 119746 2022121523
283 27 0 0 959 121071 2022121523
0.00 0 0 0 959 121071 2022121523
0.00 0 0 0 959 121071 2022121523
229 22 0 0 980 117557 2022121523
0.00 0 0 0 980 117557 2022121523
0.00 0 0 0 980 117557 2022121523
161 16 0 0 992 117666 2022121523
0.00 0 0 0 992 117666 2022121523
120 12 0 0 996 117579 2022121523
120 12 0 0 1009 117292 2022121523
0.00 0 0 0 1009 117292 2022121523
114 11 0 0 1023 118068 2022121523
0.00 0 0 0 1023 118068 2022121523
125 12 0 0 1039 119048 2022121523
0.00 0 0 0 1039 119048 2022121523
0.00 0 0 0 1039 119048 2022121523
208 20 0 0 1056 124729 2022121523
0.00 0 0 0 1056 124729 2022121523
0.00 0 0 0 1056 124729 2022121523
0.00 0 0 0 1056 124729 2022121523
0.00 0 0 0 1056 124729 2022121523
73.4 7 0 0 1056 124729 2022121523
0.00 0 0 0 1056 124729 2022121523
262 25 0 0 1068 8700860 2022121523
0.00 0 0 0 1169 8700860 2022121523
52.4 5 0 0 1169 8700860 2022121523
0.00 0 0 0 1169 8700860 2022121523
0.00 0 0 0 1169 8700860 2022121523
0.00 0 0 0 1169 8700860 2022121523
0.00 0 0 0 1169 8700860 2022121523
0.00 0 0 0 1169 8700860 2022121523
0.00 0 0 0 1169 8700860 2022121523
0.00 0 0 0 1169 8700860 2022121523
0.00 0 0 0 1169 8700860 2022121523
0.00 0 0 0 1169 8700860 2022121523
0.00 0 0 0 1169 8700860 2022121523
0.00 0 0 0 1169 8700860 2022121523
0.00 0 0 0 1169 8700860 2022121523
0.00 0 0 0 1169 8700860 2022121523
0.00 0 0 0 1169 8700860 2022121523
0.00 0 0 0 1169 8700860 2022121523
0.00 0 0 0 1169 8700860 2022121523
0.00 0 0 0 1169 8700860 2022121523
0.00 0 0 0 1169 8700860 2022121523
0.00 0 0 0 1169 8700860 2022121523
0.00 0 0 0 1169 8700860 2022121523
0.00 0 0 0 1169 8700860 2022121523
0.00 0 0 0 1169 8700860 2022121523
0.00 0 0 0 1169 8700860 2022121523
0.00 0 0 0 1169 8700860 2022121523
0.00 0 0 0 1169 8700860 2022121523
0.00 0 0 0 1169 8700860 2022121523
0.00 0 0 0 1169 8700860 2022121523
0.00 0 0 0 1169 8700860 2022121523
0.00 0 0 0 1169 8700860 2022121523
0.00 0 0 0 1169 8700860 2022121523
0.00 0 0 0 1169 8700860 2022121523
0.00 0 0 0 1169 8700860 2022121523
0.00 0 0 0 1169 8700860 2022121523
0.00 0 0 0 1169 8700860 2022121523
0.00 0 0 0 1169 8700860 2022121523
0.00 0 0 0 1169 8700860 2022121523
0.00 0 0 0 1169 8700860 2022121523
0.00 0 0 0 1169 8700860 2022121523
0.00 0 0 0 1169 8700860 2022121523
0.00 0 0 0 1169 8700860 2022121523
0.00 0 0 0 1169 8700860 2022121523
0.00 0 0 0 1169 8700860 2022121523
0.00 0 0 0 1169 8700860 2022121523
0.00 0 0 0 1169 8700860 2022121523
0.00 0 0 0 1169 8700860 2022121523
0.00 0 0 0 1169 8700860 2022121523
0.00 0 0 0 1169 8700860 2022121523
0.00 0 0 0 1169 8700860 2022121523
0.00 0 0 0 1169 8700860 2022121523
0.00 0 0 0 1169 8700860 2022121523
0.00 0 0 0 1169 8700860 2022121523
0.00 0 0 0 1169 8700860 2022121523
0.00 0 0 0 1169 8700860 2022121523
0.00 0 0 0 1169 8700860 2022121523
0.00 0 0 0 1169 8700860 2022121523
0.00 0 0 0 1169 8700860 2022121523
0.00 0 0 0 1169 8700860 2022121523
0.00 0 0 0 1169 8700860 2022121523
0.00 0 0 0 1169 8700860 2022121523
0.00 0 0 0 1169 8700860 2022121523
0.00 0 0 0 1169 8700860 2022121523
0.00 0 0 0 1169 8700860 2022121523
0.00 0 0 0 1169 8700860 2022121523
0.00 0 0 0 1169 8700860 2022121523
0.00 0 0 0 1169 8700860 2022121523
0.00 0 0 0 1169 8700860 2022121523
0.00 0 0 0 1169 8700860 2022121523
0.00 0 0 0 1169 8700860 2022121523
0.00 0 0 0 1169 8700860 2022121523
0.00 0 0 0 1169 8700860 2022121523
0.00 0 0 0 1169 8700860 2022121523
0.00 0 0 0 1169 8700860 2022121523
0.00 0 0 0 1169 8700860 2022121523
0.00 0 0 0 1169 8700860 2022121523
0.00 0 0 0 1169 8700860 2022121523
0.00 0 0 0 1169 8700860 2022121523
0.00 0 0 0 1169 8700860 2022121523
0.00 0 0 0 1169 8700860 2022121523
0.00 0 0 0 1169 8700860 2022121523
0.00 0 0 0 1169 8700860 2022121523
0.00 0 0 0 1169 8700860 2022121523
0.00 0 0 0 1169 8700860 2022121523
0.00 0 0 0 1169 8700860 2022121523
0.00 0 0 0 1169 8700860 2022121523
0.00 0 0 0 1169 8700860 2022121523
0.00 0 0 0 1169 8700860 2022121523
0.00 0 0 0 1169 8700860 2022121523
0.00 0 0 0 1169 8700860 2022121523
0.00 0 0 0 1169 8700860 2022121523
0.00 0 0 0 1169 8700860 2022121523
0.00 0 0 0 1169 8700860 2022121523
0.00 0 0 0 1169 8700860 2022121523
0.00 0 0 0 1169 8700860 2022121523
0.00 0 0 0 1169 8700860 2022121523
0.00 0 0 0 1169 8700860 2022121523
0.00 0 0 0 1169 8700860 2022121523
41.9 4 0 0 1169 116975 2022121523
0.00 0 0 0 1169 116975 2022121523
129 13 0 0 1198 118712 2022121523
98.7 10 0 0 1214 136424 2022121523
0.00 0 0 0 1221 136424 2022121523
31.5 3 0 0 1221 126590 2022121523
192 19 0 0 1236 9811248 2022121523
0.00 0 0 0 1851 9811248 2022121523
0.00 0 0 0 1851 9811248 2022121523
105 10 0 0 1851 9811248 2022121523
0.00 0 0 0 1851 9811248 2022121523
0.00 0 0 0 1851 9811248 2022121523
0.00 0 0 0 1851 9811248 2022121523
0.00 0 0 0 1851 9811248 2022121523
0.00 0 0 0 1851 9811248 2022121523
0.00 0 0 0 1851 9811248 2022121523
0.00 0 0 0 1851 9811248 2022121523
0.00 0 0 0 1851 9811248 2022121523
0.00 0 0 0 1851 9811248 2022121523
0.00 0 0 0 1851 9811248 2022121523
0.00 0 0 0 1851 9811248 2022121523
0.00 0 0 0 1851 9811248 2022121523
0.00 0 0 0 1851 9811248 2022121523
0.00 0 0 0 1851 9811248 2022121523
0.00 0 0 0 1851 9811248 2022121523
0.00 0 0 0 1851 9811248 2022121523
0.00 0 0 0 1851 9811248 2022121523
0.00 0 0 0 1851 9811248 2022121523
0.00 0 0 0 1851 9811248 2022121523
0.00 0 0 0 1851 9811248 2022121523
0.00 0 0 0 1851 9811248 2022121523
0.00 0 0 0 1851 9811248 2022121523
0.00 0 0 0 1851 9811248 2022121523
0.00 0 0 0 1851 9811248 2022121523
0.00 0 0 0 1851 9811248 2022121523
0.00 0 0 0 1851 9811248 2022121523
0.00 0 0 0 1851 9811248 2022121523
0.00 0 0 0 1851 9811248 2022121523
0.00 0 0 0 1851 9811248 2022121523
0.00 0 0 0 1851 9811248 2022121523
0.00 0 0 0 1851 9811248 2022121523
0.00 0 0 0 1851 9811248 2022121523
0.00 0 0 0 1851 9811248 2022121523
0.00 0 0 0 1851 9811248 2022121523
0.00 0 0 0 1851 9811248 2022121523
0.00 0 0 0 1851 9811248 2022121523
0.00 0 0 0 1851 9811248 2022121523
0.00 0 0 0 1851 9811248 2022121523
0.00 0 0 0 1851 9811248 2022121523
0.00 0 0 0 1851 9811248 2022121523
0.00 0 0 0 1851 9811248 2022121523
0.00 0 0 0 1851 9811248 2022121523
0.00 0 0 0 1851 9811248 2022121523
0.00 0 0 0 1851 9811248 2022121523
0.00 0 0 0 1851 9811248 2022121523
0.00 0 0 0 1851 9811248 2022121523
0.00 0 0 0 1851 9811248 2022121523
0.00 0 0 0 1851 9811248 2022121523
0.00 0 0 0 1851 9811248 2022121523
0.00 0 0 0 1851 9811248 2022121523
0.00 0 0 0 1851 9811248 2022121523
0.00 0 0 0 1851 9811248 2022121523
0.00 0 0 0 1851 9811248 2022121523
0.00 0 0 0 1851 9811248 2022121523
0.00 0 0 0 1851 9811248 2022121523
0.00 0 0 0 1851 9811248 2022121523
0.00 0 0 0 1851 9811248 2022121523
0.00 0 0 0 1851 9811248 2022121523
0.00 0 0 0 1851 9811248 2022121523
0.00 0 0 0 1851 9811248 2022121523
0.00 0 0 0 1851 9811248 2022121523
0.00 0 0 0 1851 9811248 2022121523
0.00 0 0 0 1851 9811248 2022121523
0.00 0 0 0 1851 9811248 2022121523
0.00 0 0 0 1851 9811248 2022121523
0.00 0 0 0 1851 9811248 2022121523
0.00 0 0 0 1851 9811248 2022121523
0.00 0 0 0 1851 9811248 2022121523
0.00 0 0 0 1851 9811248 2022121523
0.00 0 0 0 1851 9811248 2022121523
0.00 0 0 0 1851 9811248 2022121523
0.00 0 0 0 1851 9811248 2022121523
0.00 0 0 0 1851 9811248 2022121523
0.00 0 0 0 1851 9811248 2022121523
0.00 0 0 0 1851 9811248 2022121523
0.00 0 0 0 1851 9811248 2022121523
0.00 0 0 0 1851 9811248 2022121523
0.00 0 0 0 1851 9811248 2022121523
0.00 0 0 0 1851 9811248 2022121523
0.00 0 0 0 1851 9811248 2022121523
0.00 0 0 0 1851 9811248 2022121523
0.00 0 0 0 1851 9811248 2022121523
0.00 0 0 0 1851 9811248 2022121523
0.00 0 0 0 1851 9811248 2022121523
0.00 0 0 0 1851 9811248 2022121523
0.00 0 0 0 1851 9811248 2022121523
0.00 0 0 0 1851 9811248 2022121523
0.00 0 0 0 1851 9811248 2022121523
0.00 0 0 0 1851 9811248 2022121523
0.00 0 0 0 1851 9811248 2022121523
0.00 0 0 0 1851 9811248 2022121523
0.00 0 0 0 1851 9811248 2022121523
0.00 0 0 0 1851 9811248 2022121523
0.00 0 0 0 1851 9811248 2022121523
0.00 0 0 0 1851 9811248 2022121523
0.00 0 0 0 1851 9811248 2022121523
0.00 0 0 0 1851 9811248 2022121523
0.00 0 0 0 1851 9811248 2022121523
0.00 0 0 0 1851 9811248 2022121523
0.00 0 0 0 1851 9811248 2022121523
0.00 0 0 0 1851 9811248 2022121523
0.00 0 0 0 1851 9811248 2022121523
0.00 0 0 0 1851 9811248 2022121523
0.00 0 0 0 1851 9811248 2022121523
0.00 0 0 0 1851 9811248 2022121523
0.00 0 0 0 1851 9811248 2022121523
0.00 0 0 0 1851 9811248 2022121523
0.00 0 0 0 1851 9811248 2022121523
0.00 0 0 0 1851 9811248 2022121523
0.00 0 0 0 1851 9811248 2022121523
150 15 0 77 159 117632 2022121523
0.00 0 0 0 159 117632 2022121523
0.00 0 0 0 159 117632 2022121523
120 12 0 0 1497 116999 2022121523
114 11 0 0 1537 4627079 2022121523
0.00 0 0 0 1537 4627079 2022121523
0.00 0 0 0 1537 4627079 2022121523
0.00 0 0 0 1537 4627079 2022121523
294 28 0 0 1537 4627079 2022121523
0.00 0 0 0 1537 4627079 2022121523
0.00 0 0 0 1537 4627079 2022121523
0.00 0 0 0 1537 4627079 2022121523
0.00 0 0 0 1537 4627079 2022121523
0.00 0 0 0 1537 4627079 2022121523
0.00 0 0 0 1537 4627079 2022121523
0.00 0 0 0 1537 4627079 2022121523
0.00 0 0 0 1537 4627079 2022121523
0.00 0 0 0 1537 4627079 2022121523
0.00 0 0 0 1537 4627079 2022121523
0.00 0 0 0 1537 4627079 2022121523
0.00 0 0 0 1537 4627079 2022121523
0.00 0 0 0 1537 4627079 2022121523
0.00 0 0 0 1537 4627079 2022121523
0.00 0 0 0 1537 4627079 2022121523
0.00 0 0 0 1537 4627079 2022121523
0.00 0 0 0 1537 4627079 2022121523
0.00 0 0 0 1537 4627079 2022121523
0.00 0 0 0 1537 4627079 2022121523
0.00 0 0 0 1537 4627079 2022121523
0.00 0 0 0 1537 4627079 2022121523
0.00 0 0 0 1537 4627079 2022121523
0.00 0 0 0 1537 4627079 2022121523
0.00 0 0 0 1537 4627079 2022121523
0.00 0 0 0 1537 4627079 2022121523
0.00 0 0 0 1537 4627079 2022121523
0.00 0 0 0 1537 4627079 2022121523
0.00 0 0 0 1537 4627079 2022121523
0.00 0 0 0 1537 4627079 2022121523
0.00 0 0 0 1537 4627079 2022121523
0.00 0 0 0 1537 4627079 2022121523
0.00 0 0 0 1537 4627079 2022121523
0.00 0 0 0 1537 4627079 2022121523
0.00 0 0 0 1537 4627079 2022121523
0.00 0 0 0 1537 4627079 2022121523
0.00 0 0 0 1537 4627079 2022121523
0.00 0 0 0 1537 4627079 2022121523
0.00 0 0 0 1537 4627079 2022121523
0.00 0 0 0 1537 4627079 2022121523
0.00 0 0 0 1537 4627079 2022121523
0.00 0 0 0 1537 4627079 2022121523
0.00 0 0 0 1537 4627079 2022121523
0.00 0 0 0 1537 4627079 2022121523
0.00 0 0 0 1537 4627079 2022121523
0.00 0 0 0 1537 4627079 2022121523
0.00 0 0 0 1537 4627079 2022121523
0.00 0 0 0 1537 4627079 2022121523
0.00 0 0 0 1537 4627079 2022121523
0.00 0 0 0 1537 4627079 2022121523
0.00 0 0 0 1537 4627079 2022121523
0.00 0 0 0 1537 4627079 2022121523
0.00 0 0 0 1537 4627079 2022121523
0.00 0 0 0 1537 4627079 2022121523
0.00 0 0 0 1537 4627079 2022121523
0.00 0 0 0 1537 4627079 2022121523
0.00 0 0 0 1537 4627079 2022121523
0.00 0 0 0 1537 4627079 2022121523
0.00 0 0 0 1537 4627079 2022121523
0.00 0 0 0 1537 4627079 2022121523
0.00 0 0 0 1537 4627079 2022121523
0.00 0 0 0 1537 4627079 2022121523
0.00 0 0 0 1537 4627079 2022121523
0.00 0 0 0 1537 4627079 2022121523
0.00 0 0 0 1537 4627079 2022121523
0.00 0 0 0 1537 4627079 2022121523
0.00 0 0 0 1537 4627079 2022121523
0.00 0 0 0 1537 4627079 2022121523
0.00 0 0 0 1537 4627079 2022121523
0.00 0 0 0 1537 4627079 2022121523
0.00 0 0 0 1537 4627079 2022121523
0.00 0 0 0 1537 4627079 2022121523
0.00 0 0 0 1537 4627079 2022121523
0.00 0 0 0 1537 4627079 2022121523
0.00 0 0 0 1537 4627079 2022121523
0.00 0 0 0 1537 4627079 2022121523
0.00 0 0 0 1537 4627079 2022121523
0.00 0 0 0 1537 4627079 2022121523
0.00 0 0 0 1537 4627079 2022121523
0.00 0 0 0 1537 4627079 2022121523
0.00 0 0 0 1537 4627079 2022121523
0.00 0 0 0 1537 4627079 2022121523
0.00 0 0 0 1537 4627079 2022121523
0.00 0 0 0 1537 4627079 2022121523
0.00 0 0 0 1537 4627079 2022121523
0.00 0 0 0 1537 4627079 2022121523
0.00 0 0 0 1537 4627079 2022121523
0.00 0 0 0 1537 4627079 2022121523
0.00 0 0 0 1537 4627079 2022121523
0.00 0 0 0 1537 4627079 2022121523
0.00 0 0 0 1537 4627079 2022121523
0.00 0 0 0 1537 4627079 2022121523
0.00 0 0 0 1537 4627079 2022121523
0.00 0 0 0 1537 4627079 2022121523
0.00 0 0 0 1537 4627079 2022121523
0.00 0 0 0 1537 4627079 2022121523
0.00 0 0 0 1537 4627079 2022121523
0.00 0 0 0 1537 4627079 2022121523
0.00 0 0 0 1537 4627079 2022121523
0.00 0 0 0 1537 4627079 2022121523
0.00 0 0 0 1537 4627079 2022121523
0.00 0 0 0 1537 4627079 2022121523
0.00 0 0 0 1537 4627079 2022121523
0.00 0 0 0 1537 4627079 2022121523
0.00 0 0 0 1537 4627079 2022121523
0.00 0 0 0 1537 4627079 2022121523
0.00 0 0 0 1537 4627079 2022121523
0.00 0 0 0 1537 4627079 2022121523
0.00 0 0 0 1537 4627079 2022121523
0.00 0 0 0 1537 4627079 2022121523
0.00 0 0 0 1537 4627079 2022121523
20.0 1229 1 108 1537 4627079 2022121523
ansfer Bandwidth Write Err Rtry Cwnd RTT 2022121523
0.00 0 0 0 1622 10261539 2022121523
0.00 0 0 0 1622 10261539 2022121523
0.00 0 0 0 1622 10261539 2022121523
0.00 0 0 0 1622 10261539 2022121523
0.00 0 0 0 1622 10261539 2022121523
0.00 0 0 0 1622 10261539 2022121523
0.00 0 0 0 1622 10261539 2022121523
0.00 0 0 0 1622 10261539 2022121523
0.00 0 0 0 1622 10261539 2022121523
0.00 0 0 0 1622 10261539 2022121523
0.00 0 0 0 1622 10261539 2022121523
0.00 0 0 0 1622 10261539 2022121523
0.00 0 0 0 1622 10261539 2022121523
0.00 0 0 0 1622 10261539 2022121523
0.00 0 0 0 1622 10261539 2022121523
0.00 0 0 0 1622 10261539 2022121523
0.00 0 0 0 1622 10261539 2022121523
0.00 0 0 0 1622 10261539 2022121523
0.00 0 0 0 1622 10261539 2022121523
0.00 0 0 0 1622 10261539 2022121523
0.00 0 0 0 1622 10261539 2022121523
0.00 0 0 0 1622 10261539 2022121523
0.00 0 0 0 1622 10261539 2022121523
0.00 0 0 0 1622 10261539 2022121523
0.00 0 0 0 1622 10261539 2022121523
0.00 0 0 0 1622 10261539 2022121523
0.00 0 0 0 1622 10261539 2022121523
0.00 0 0 0 1622 10261539 2022121523
0.00 0 0 0 1622 10261539 2022121523
0.00 0 0 0 1622 10261539 2022121523
0.00 0 0 0 1622 10261539 2022121523
0.00 0 0 0 1622 10261539 2022121523
0.00 0 0 0 1622 10261539 2022121523
0.00 0 0 0 1622 10261539 2022121523
0.00 0 0 0 1622 10261539 2022121523
0.00 0 0 0 1622 10261539 2022121523
0.00 0 0 0 1622 10261539 2022121523
0.00 0 0 0 1622 10261539 2022121523
0.00 0 0 0 1622 10261539 2022121523
0.00 0 0 0 1622 10261539 2022121523
0.00 0 0 0 1622 10261539 2022121523
0.00 0 0 0 1622 10261539 2022121523
0.00 0 0 0 1622 10261539 2022121523
0.00 0 0 0 1622 10261539 2022121523
0.00 0 0 0 1622 10261539 2022121523
0.00 0 0 0 1622 10261539 2022121523
0.00 0 0 0 1622 10261539 2022121523
0.00 0 0 0 1622 10261539 2022121523
0.00 0 0 0 1622 10261539 2022121523
0.00 0 0 0 1622 10261539 2022121523
0.00 0 0 0 1622 10261539 2022121523
0.00 0 0 0 1622 10261539 2022121523
0.00 0 0 0 1622 10261539 2022121523
0.00 0 0 0 1622 10261539 2022121523
0.00 0 0 0 1622 10261539 2022121523
0.00 0 0 0 1622 10261539 2022121523
0.00 0 0 0 1622 10261539 2022121523
0.00 0 0 0 1622 10261539 2022121523
0.00 0 0 0 1622 10261539 2022121523
14.0 941 5 85 1622 10261539 2022121523
