13.7 2 0 0 27 94857 2022121503
10.4 1 1 0 55 103448 2022121503
16.6 2 0 0 110 99023 2022121503
52.9 6 0 0 210 97533 2022121503
88.3 9 0 0 421 102308 2022121503
177 17 0 0 843 98168 2022121503
31.2 3 0 6 89 98520 2022121503
62.4 6 1 0 670 99946 2022121503
31.2 3 0 14 532 98069 2022121503
26.0 3 0 52 421 98572 2022121503
5.20 1 1 122 478 99447 2022121503
67.6 7 0 0 485 96129 2022121503
36.4 4 1 3 370 97860 2022121503
26.0 3 0 24 355 99497 2022121503
10.4 1 1 64 341 99337 2022121503
52.0 5 1 0 347 95810 2022121503
[[ ID] Interval Transfer Bandwidth Write Err Rtry Cwnd RTT 2022121503
21.0 2 1 0 943 2555013 2022121503
0.00 0 0 0 943 2555013 2022121503
0.00 0 0 0 943 2555013 2022121503
0.00 0 0 0 943 2555013 2022121503
0.00 0 0 0 943 2555013 2022121503
0.00 0 0 0 943[ ID] Interval Transfer Bandwidth Write Err Rtry Cwnd RTT 2022121503
0.00 0 1 0 259 98676 2022121503
20.8 3 0 0 261 99262 2022121503
41.6 4 0 0 263 99589 2022121503
0.00 0 1 7 198 97817 2022121503
15.6 2 0 37 184 99657 2022121503
5.20 1 1 0 187 101718 2022121503
31.2 3 0 0 188 97473 2022121503
15.6 2 1 0 191 98891 2022121503
15.6 2 0 0 194 93953 2022121503
15.6 2 0 0 197 94339 2022121503
15.6 2 0 0 198 97892 2022121503
15.6 2 1 0 201 98715 2022121503
15.6 2 1 0 204 99198 2022121503
15.6 2 0 0 205 98730 2022121503
15.6 2 1 0 206 98883 2022121503
20.8 3 0 0 208 99168 2022121503
15.6 2 0 0 210 93132 2022121503
20.8 3 0 0 212 118003 2022121503
10.4 1 0 0 213 118072 2022121503
10.4 1 0 0 213 118227 2022121503
20.8 2 0 0 213 117776 2022121503
10.4 1 0 0 213 117993 2022121503
5.20 1 0 0 213 113897 2022121503
5.20 1 0 0 213 117695 2022121503
10.4 1 0 0 213 118151 2022121503
10.4 2 0 0 213 114517 2022121503
10.4 1 0 0 213 117125 2022121503
10.4 1 0 0 213 121523 2022121503
10.4 1 0 0 213 114112 2022121503
15.6 2 0 0 213 117724 2022121503
10.4 1 0 0 213 117927 2022121503
10.4 1 0 0 213 117761 2022121503
15.6 2 0 0 213 117977 2022121503
10.4 1 0 0 213 117585 2022121503
5.20 1 0 0 213 117987 2022121503
10.4 1 0 0 213 118082 2022121503
15.6 2 0 0 213 117821 2022121503
10.4 1 0 0 213 117864 2022121503
10.4 1 0 0 213 117752 2022121503
5.20 1 0 0 213 117859 2022121503
20.8 3 0 0 213 117939 2022121503
10.4 1 0 0 213 118717 2022121503
10.4 1 0 0 213 118285 2022121503
5.20 1 0 0 213 118141 2022121503
10.4 1 0 0 213 117459 2022121503
15.6 2 0 0 213 118259 2022121503
0.00 0 0 0 213 118259 2022121503
15.6 2 1 0 213 117648 2022121503
10.4 1 0 0 213 118005 2022121503
10.4 1 0 0 213 118040 2022121503
5.20 1 0 0 213 117953 2022121503
15.6 2 0 0 213 117757 2022121503
5.20 1 0 0 213 117616 2022121503
10.4 1 0 0 213 117720 2022121503
10.4 1 0 0 213 117767 2022121503
15.6 2 0 0 213 117686 2022121503
5.20 1 0 0 213 117678 2022121503
5.20 1 0 0 213 110615 2022121503
15.6 2 0 0 213 117333 2022121503
5.20 1 0 0 213 117409 2022121503
10.4 1 0 0 217 117372 2022121503
15.6 2 0 0 222 117307 2022121503
20.8 2 0 0 222 117704 2022121503
10.4 1 0 0 222 117640 2022121503
5.20 1 0 0 222 117709 2022121503
10.4 1 0 0 222 117632 2022121503
15.6 2 0 0 222 118030 2022121503
5.20 1 0 0 222 117953 2022121503
10.4 1 0 0 222 117810 2022121503
5.20 1 0 0 222 117650 2022121503
15.6 2 0 0 222 117753 2022121503
10.4 1 0 0 222 117809 2022121503
15.6 2 0 0 222 117768 2022121503
0.00 0 1 0 222 117686 2022121503
10.4 1 0 0 222 117547 2022121503
10.4 1 0 0 231 117512 2022121503
20.8 2 0 0 238 117671 2022121503
10.4 1 0 0 239 118156 2022121503
15.6 2 0 0 241 117504 2022121503
10.4 1 0 0 244 117362 2022121503
31.2 4 0 0 246 117687 2022121503
10.4 1 0 0 248 117821 2022121503
10.4 1 0 0 250 117924 2022121503
15.6 2 0 0 252 121324 2022121503
26.0 3 0 0 256 114062 2022121503
15.6 2 0 0 257 117660 2022121503
10.4 1 0 0 259 117737 2022121503
15.6 2 0 0 261 117223 2022121503
26.0 3 0 0 266 118355 2022121503
15.6 2 0 0 268 117162 2022121503
15.6 2 0 0 271 117379 2022121503
10.4 1 0 0 274 117925 2022121503
31.2 4 0 0 279 117533 2022121503
15.6 2 0 0 282 117698 2022121503
15.6 2 0 0 284 117437 2022121503
15.6 2 0 0 286 117277 2022121503
26.0 3 0 0 292 117465 2022121503
15.6 2 0 0 292 117445 2022121503
15.6 2 0 0 292 117480 2022121503
15.6 2 0 0 292 117350 2022121503
31.2 4 0 0 292 117578 2022121503
5.20 1 0 0 292 117326 2022121503
10.4 1 0 0 292 117624 2022121503
15.6 2 0 0 292 117454 2022121503
26.0 3 0 0 292 117516 2022121503
10.4 1 0 0 292 117399 2022121503
20.8 2 0 0 292 114313 2022121503
15.6 2 0 0 292 118282 2022121503
10.4 2 0 0 292 117891 2022121503
15.6 2 0 0 292 117689 2022121503
10.4 1 0 0 292 113551 2022121503
10.4 1 0 0 292 117459 2022121503
20.8 2 0 0 292 117727 2022121503
15.6 2 0 0 292 117723 2022121503
15.6 2 0 0 292 113821 2022121503
0.00 0 0 0 292 113821 2022121503
0.00 0 0 0 292 113821 2022121503
0.00 0 0 0 292 113821 2022121503
0.00 0 0 0 292 113821 2022121503
0.00 0 0 0 292 113821 2022121503
0.00 0 0 0 292 113821 2022121503
0.00 0 0 0 292 113821 2022121503
125 12 0 0 292 6307806 2022121503
0.00 0 0 0 292 6307806 2022121503
21.0 2 0 0 292 6307806 2022121503
0.00 0 0 0 292 6307806 2022121503
0.00 0 0 0 292 6307806 2022121503
0.00 0 0 0 292 6307806 2022121503
0.00 0 0 0 292 6307806 2022121503
0.00 0 0 0 292 6307806 2022121503
0.00 0 0 0 292 6307806 2022121503
0.00 0 0 0 292 6307806 2022121503
0.00 0 0 0 292 6307806 2022121503
0.00 0 0 0 292 6307806 2022121503
0.00 0 0 0 292 6307806 2022121503
0.00 0 0 0 292 6307806 2022121503
0.00 0 0 0 292 6307806 2022121503
0.00 0 0 0 292 6307806 2022121503
0.00 0 0 0 292 6307806 2022121503
0.00 0 0 0 292 6307806 2022121503
0.00 0 0 0 292 6307806 2022121503
0.00 0 0 0 292 6307806 2022121503
0.00 0 0 0 292 6307806 2022121503
0.00 0 0 0 292 6307806 2022121503
0.00 0 0 0 292 6307806 2022121503
0.00 0 0 0 292 6307806 2022121503
0.00 0 0 0 292 6307806 2022121503
0.00 0 0 0 292 6307806 2022121503
0.00 0 0 0 292 6307806 2022121503
0.00 0 0 0 292 6307806 2022121503
0.00 0 0 0 292 6307806 2022121503
0.00 0 0 0 292 6307806 2022121503
0.00 0 0 0 292 6307806 2022121503
0.00 0 0 0 292 6307806 2022121503
98.7 10 0 0 511 6046383 2022121503
0.00 0 0 0 511 6046383 2022121503
0.00 0 0 0 511 6046383 2022121503
0.00 0 0 0 511 6046383 2022121503
0.00 0 0 0 511 6046383 2022121503
0.00 0 0 0 511 6046383 2022121503
0.00 0 0 0 511 6046383 2022121503
0.00 0 0 0 511 6046383 2022121503
62.9 6 0 0 511 7368463 2022121503
0.00 0 0 0 511 7368463 2022121503
0.00 0 0 0 511 7368463 2022121503
0.00 0 0 0 511 7368463 2022121503
0.00 0 0 0 511 7368463 2022121503
0.00 0 0 0 511 7368463 2022121503
0.00 0 0 0 511 7368463 2022121503
0.00 0 0 0 511 7368463 2022121503
0.00 0 0 0 511 7368463 2022121503
0.00 0 0 0 511 7368463 2022121503
0.00 0 0 0 511 7368463 2022121503
0.00 0 0 0 511 7368463 2022121503
0.00 0 0 0 511 7368463 2022121503
0.00 0 0 0 511 7368463 2022121503
0.00 0 0 0 511 7368463 2022121503
0.00 0 0 0 511 7368463 2022121503
0.00 0 0 0 511 7368463 2022121503
0.00 0 0 0 511 7368463 2022121503
0.00 0 0 0 511 7368463 2022121503
0.00 0 0 0 511 7368463 2022121503
0.00 0 0 0 511 7368463 2022121503
0.00 0 0 0 511 7368463 2022121503
0.00 0 0 0 511 7368463 2022121503
0.00 0 0 0 511 7368463 2022121503
0.00 0 0 0 511 7368463 2022121503
0.00 0 0 0 511 7368463 2022121503
0.00 0 0 0 511 7368463 2022121503
0.00 0 0 0 511 7368463 2022121503
0.00 0 0 0 511 7368463 2022121503
0.00 0 0 0 511 7368463 2022121503
0.00 0 0 0 511 7368463 2022121503
0.00 0 0 0 511 7368463 2022121503
0.00 0 0 0 511 7368463 2022121503
0.00 0 0 0 511 7368463 2022121503
0.00 0 0 0 511 7368463 2022121503
0.00 0 0 0 511 7368463 2022121503
0.00 0 0 0 511 7368463 2022121503
0.00 0 0 0 511 7368463 2022121503
0.00 0 0 0 511 7368463 2022121503
0.00 0 0 0 511 7368463 2022121503
0.00 0 0 0 511 7368463 2022121503
0.00 0 0 0 511 7368463 2022121503
0.00 0 0 0 511 7368463 2022121503
0.00 0 0 0 511 7368463 2022121503
0.00 0 0 0 511 7368463 2022121503
0.00 0 0 0 511 7368463 2022121503
0.00 0 0 0 511 7368463 2022121503
0.00 0 0 0 511 7368463 2022121503
0.00 0 0 0 511 7368463 2022121503
0.00 0 0 0 511 7368463 2022121503
0.00 0 0 0 511 7368463 2022121503
0.00 0 0 0 511 7368463 2022121503
0.00 0 0 0 511 7368463 2022121503
0.00 0 0 0 511 7368463 2022121503
0.00 0 0 0 511 7368463 2022121503
0.00 0 0 0 511 7368463 2022121503
0.00 0 0 0 511 7368463 2022121503
0.00 0 0 0 511 7368463 2022121503
0.00 0 0 0 511 7368463 2022121503
0.00 0 0 0 511 7368463 2022121503
0.00 0 0 0 511 7368463 2022121503
0.00 0 0 0 511 7368463 2022121503
0.00 0 0 0 511 7368463 2022121503
168 16 0 0 511 7368463 2022121503
0.00 0 0 0 511 7368463 2022121503
0.00 0 0 0 511 7368463 2022121503
0.00 0 0 0 511 7368463 2022121503
0.00 0 0 0 511 7368463 2022121503
0.00 0 0 0 511 7368463 2022121503
0.00 0 0 0 511 7368463 2022121503
0.00 0 0 0 511 7368463 2022121503
0.00 0 0 0 511 7368463 2022121503
0.00 0 0 0 511 7368463 2022121503
0.00 0 0 0 511 7368463 2022121503
0.00 0 0 0 511 7368463 2022121503
0.00 0 0 0 511 7368463 2022121503
0.00 0 0 0 511 7368463 2022121503
0.00 0 0 0 511 7368463 2022121503
0.00 0 0 0 511 7368463 2022121503
0.00 0 0 0 511 7368463 2022121503
0.00 0 0 0 511 7368463 2022121503
0.00 0 0 0 511 7368463 2022121503
0.00 0 0 0 511 7368463 2022121503
0.00 0 0 0 511 7368463 2022121503
0.00 0 0 0 511 7368463 2022121503
0.00 0 0 0 511 7368463 2022121503
0.00 0 0 0 511 7368463 2022121503
0.00 0 0 0 511 7368463 2022121503
0.00 0 0 0 511 7368463 2022121503
0.00 0 0 0 511 7368463 2022121503
0.00 0 0 0 511 7368463 2022121503
0.00 0 0 0 511 7368463 2022121503
0.00 0 0 0 511 7368463 2022121503
0.00 0 0 0 511 7368463 2022121503
0.00 0 0 0 511 7368463 2022121503
0.00 0 0 0 511 7368463 2022121503
0.00 0 0 0 511 7368463 2022121503
0.00 0 0 0 511 7368463 2022121503
0.00 0 0 0 511 7368463 2022121503
0.00 0 0 0 511 7368463 2022121503
0.00 0 0 0 511 7368463 2022121503
0.00 0 0 0 511 7368463 2022121503
0.00 0 0 0 511 7368463 2022121503
0.00 0 0 0 511 7368463 2022121503
0.00 0 0 0 511 7368463 2022121503
0.00 0 0 0 511 7368463 2022121503
0.00 0 0 0 511 7368463 2022121503
0.00 0 0 0 511 7368463 2022121503
0.00 0 0 0 511 7368463 2022121503
0.00 0 0 0 511 7368463 2022121503
0.00 0 0 0 511 7368463 2022121503
0.00 0 0 0 511 7368463 2022121503
0.00 0 0 0 511 7368463 2022121503
0.00 0 0 0 511 7368463 2022121503
0.00 0 0 0 511 7368463 2022121503
262 25 0 0 27 2548349 2022121503
0.00 0 0 0 55 2548349 2022121503
0.00 0 0 0 55 2548349 2022121503
0.00 0 0 0 55 2548349 2022121503
0.00 0 0 0 55 2548349 2022121503
328 32 0 0 299 8001255 2022121503
0.00 0 0 0 446 8001255 2022121503
0.00 0 0 0 446 8001255 2022121503
0.00 0 0 0 446 8001255 2022121503
0.00 0 0 0 446 8001255 2022121503
0.00 0 0 0 446 8001255 2022121503
0.00 0 0 0 446 8001255 2022121503
0.00 0 0 0 446 8001255 2022121503
0.00 0 0 0 446 8001255 2022121503
0.00 0 0 0 446 8001255 2022121503
0.00 0 0 0 446 8001255 2022121503
73.4 7 0 0 446 8001255 2022121503
0.00 0 0 0 446 8001255 2022121503
0.00 0 0 0 446 8001255 2022121503
0.00 0 0 0 446 8001255 2022121503
0.00 0 0 0 446 8001255 2022121503
0.00 0 0 0 446 8001255 2022121503
0.00 0 0 0 446 8001255 2022121503
0.00 0 0 0 446 8001255 2022121503
0.00 0 0 0 446 8001255 2022121503
0.00 0 0 0 446 8001255 2022121503
0.00 0 0 0 446 8001255 2022121503
0.00 0 0 0 446 8001255 2022121503
0.00 0 0 0 446 8001255 2022121503
0.00 0 0 0 446 8001255 2022121503
0.00 0 0 0 446 8001255 2022121503
0.00 0 0 0 446 8001255 2022121503
0.00 0 0 0 446 8001255 2022121503
0.00 0 0 0 446 8001255 2022121503
0.00 0 0 0 446 8001255 2022121503
0.00 0 0 0 446 8001255 2022121503
0.00 0 0 0 446 8001255 2022121503
0.00 0 0 0 446 8001255 2022121503
0.00 0 0 0 446 8001255 2022121503
0.00 0 0 0 446 8001255 2022121503
0.00 0 0 0 446 8001255 2022121503
0.00 0 0 0 446 8001255 2022121503
0.00 0 0 0 446 8001255 2022121503
0.00 0 0 0 446 8001255 2022121503
0.00 0 0 0 446 8001255 2022121503
0.00 0 0 0 446 8001255 2022121503
0.00 0 0 0 446 8001255 2022121503
0.00 0 0 0 446 8001255 2022121503
0.00 0 0 0 446 8001255 2022121503
0.00 0 0 0 446 8001255 2022121503
0.00 0 0 0 446 8001255 2022121503
0.00 0 0 0 446 8001255 2022121503
0.00 0 0 0 446 8001255 2022121503
0.00 0 0 0 446 8001255 2022121503
0.00 0 0 0 446 8001255 2022121503
0.00 0 0 0 446 8001255 2022121503
0.00 0 0 0 446 8001255 2022121503
0.00 0 0 0 446 8001255 2022121503
0.00 0 0 0 446 8001255 2022121503
0.00 0 0 0 446 8001255 2022121503
0.00 0 0 0 446 8001255 2022121503
0.00 0 0 0 446 8001255 2022121503
0.00 0 0 0 446 8001255 2022121503
0.00 0 0 0 446 8001255 2022121503
0.00 0 0 0 446 8001255 2022121503
0.00 0 0 0 446 8001255 2022121503
0.00 0 0 0 446 8001255 2022121503
0.00 0 0 0 446 8001255 2022121503
0.00 0 0 0 446 8001255 2022121503
0.00 0 0 0 446 8001255 2022121503
0.00 0 0 0 446 8001255 2022121503
0.00 0 0 0 446 8001255 2022121503
0.00 0 0 0 446 8001255 2022121503
0.00 0 0 0 446 8001255 2022121503
0.00 0 0 0 446 8001255 2022121503
0.00 0 0 0 446 8001255 2022121503
0.00 0 0 0 446 8001255 2022121503
0.00 0 0 0 446 8001255 2022121503
0.00 0 0 0 446 8001255 2022121503
0.00 0 0 0 446 8001255 2022121503
0.00 0 0 0 446 8001255 2022121503
0.00 0 0 0 446 8001255 2022121503
0.00 0 0 0 446 8001255 2022121503
0.00 0 0 0 446 8001255 2022121503
0.00 0 0 0 446 8001255 2022121503
0.00 0 0 0 446 8001255 2022121503
0.00 0 0 0 446 8001255 2022121503
0.00 0 0 0 446 8001255 2022121503
0.00 0 0 0 446 8001255 2022121503
0.00 0 0 0 446 8001255 2022121503
0.00 0 0 0 446 8001255 2022121503
0.00 0 0 0 446 8001255 2022121503
0.00 0 0 0 446 8001255 2022121503
0.00 0 0 0 446 8001255 2022121503
0.00 0 0 0 446 8001255 2022121503
0.00 0 0 0 446 8001255 2022121503
0.00 0 0 0 446 8001255 2022121503
0.00 0 0 0 446 8001255 2022121503
0.00 0 0 0 446 8001255 2022121503
0.00 0 0 0 446 8001255 2022121503
0.00 0 0 0 446 8001255 2022121503
0.00 0 0 0 446 8001255 2022121503
0.00 0 0 0 446 8001255 2022121503
0.00 0 0 0 446 8001255 2022121503
0.00 0 0 0 446 8001255 2022121503
0.00 0 0 0 446 8001255 2022121503
0.00 0 0 0 446 8001255 2022121503
0.00 0 0 0 446 8001255 2022121503
0.00 0 0 0 446 8001255 2022121503
0.00 0 0 0 446 8001255 2022121503
0.00 0 0 0 446 8001255 2022121503
0.00 0 0 0 446 8001255 2022121503
0.00 0 0 0 446 8001255 2022121503
166 16 0 0 739 150003 2022121503
0.00 0 0 0 739 150003 2022121503
0.00 0 0 0 739 150003 2022121503
0.00 0 0 0 739 150003 2022121503
0.00 0 0 0 739 150003 2022121503
0.00 0 0 0 739 150003 2022121503
0.00 0 0 0 739 150003 2022121503
21.0 2 0 0 739 381913 2022121503
0.00 0 0 0 739 381913 2022121503
115 11 0 0 739 381913 2022121503
0.00 0 0 0 739 381913 2022121503
0.00 0 0 0 739 381913 2022121503
0.00 0 0 0 739 381913 2022121503
0.00 0 0 0 739 381913 2022121503
0.00 0 0 0 739 381913 2022121503
0.00 0 0 0 739 381913 2022121503
0.00 0 0 0 739 381913 2022121503
21.0 2 0 0 19 116648 2022121503
0.00 0 0 0 19 116648 2022121503
0.00 0 0 0 19 116648 2022121503
0.00 0 0 0 19 116648 2022121503
0.00 0 0 0 19 116648 2022121503
0.00 0 0 [ ID] Interval Transfer Bandwidth Write Err Rtry Cwnd RTT 2022121503
73.4 7 0 0 1243 7276854 2022121503
0.00 0 0 0 1243 7276854 2022121503
0.00 0 0 0 1243 7276854 2022121503
0.00 0 0 0 1243 7276854 2022121503
0.00 0 0 0 1243 7276854 2022121503
0.00 0 0 0 1243 7276854 2022121503
0.00 0 0 0 1243 7276854 2022121503
0.00 0 0 0 1243 7276854 2022121503
0.00 0 0 0 1243 7276854 2022121503
0.00 0 0 0 1243 7276854 2022121503
0.00 0 0 0 1243 7276854 2022121503
0.00 0 0 0 1243 7276854 2022121503
0.00 0 0 0 1243 7276854 2022121503
0.00 0 0 0 1243 7276854 2022121503
0.00 0 0 0 1243 7276854 2022121503
0.00 0 0 0 1243 7276854 2022121503
0.00 0 0 0 1243 7276854 2022121503
0.00 0 0 0 1243 7276854 2022121503
0.00 0 0 0 1243 7276854 2022121503
0.00 0 0 0 1243 7276854 2022121503
0.00 0 0 0 1243 7276854 2022121503
0.00 0 0 0 1243 7276854 2022121503
0.00 0 0 0 1243 7276854 2022121503
0.00 0 0 0 1243 7276854 2022121503
0.00 0 0 0 1243 7276854 2022121503
0.00 0 0 0 1243 7276854 2022121503
0.00 0 0 0 1243 7276854 2022121503
0.00 0 0 0 1243 7276854 2022121503
0.00 0 0 0 1243 7276854 2022121503
0.00 0 0 0 1243 7276854 2022121503
0.00 0 0 0 1243 7276854 2022121503
0.00 0 0 0 1243 7276854 2022121503
0.00 0 0 0 1243 7276854 2022121503
0.00 0 0 0 1243 7276854 2022121503
0.00 0 0 0 1243 7276854 2022121503
0.00 0 0 0 1243 7276854 2022121503
0.00 0 0 0 1243 7276854 2022121503
0.00 0 0 0 1243 7276854 2022121503
0.00 0 0 0 1243 7276854 2022121503
0.00 0 0 0 1243 7276854 2022121503
0.00 0 0 0 1243 7276854 2022121503
0.00 0 0 0 1243 7276854 2022121503
0.00 0 0 0 1243 7276854 2022121503
0.00 0 0 0 1243 7276854 2022121503
0.00 0 0 0 1243 7276854 2022121503
0.00 0 0 0 1243 7276854 2022121503
0.00 0 0 0 1243 7276854 2022121503
0.00 0 0 0 1243 7276854 2022121503
0.00 0 0 0 1243 7276854 2022121503
0.00 0 0 0 1243 7276854 2022121503
0.00 0 0 0 1243 7276854 2022121503
0.00 0 0 0 1243 7276854 2022121503
0.00 0 0 0 1243 7276854 2022121503
0.00 0 0 0 1243 7276854 2022121503
0.00 0 0 0 1243 7276854 2022121503
0.00 0 0 0 1243 7276854 2022121503
0.00 0 0 0 1243 7276854 2022121503
0.00 0 0 0 1243 7276854 2022121503
0.00 0 0 0 1243 7276854 2022121503
0.00 0 0 0 1243 7276854 2022121503
0.00 0 0 0 1243 7276854 2022121503
0.00 0 0 0 1243 7276854 2022121503
0.00 0 0 0 1243 7276854 2022121503
0.00 0 0 0 1243 7276854 2022121503
0.00 0 0 0 1243 7276854 2022121503
0.00 0 0 0 1243 7276854 2022121503
0.00 0 0 0 1243 7276854 2022121503
0.00 0 0 0 1243 7276854 2022121503
0.00 0 0 0 1243 7276854 2022121503
0.00 0 0 0 1243 7276854 2022121503
0.00 0 0 0 1243 7276854 2022121503
0.00 0 0 0 1243 7276854 2022121503
0.00 0 0 0 1243 7276854 2022121503
0.00 0 0 0 1243 7276854 2022121503
0.00 0 0 0 1243 7276854 2022121503
0.00 0 0 0 1243 7276854 2022121503
0.00 0 0 0 1243 7276854 2022121503
0.00 0 0 0 1243 7276854 2022121503
0.00 0 0 0 1243 7276854 2022121503
0.00 0 0 0 1243 7276854 2022121503
0.00 0 0 0 1243 7276854 2022121503
0.00 0 0 0 1243 7276854 2022121503
0.00 0 0 0 1243 7276854 2022121503
0.00 0 0 0 1243 7276854 2022121503
0.00 0 0 0 1243 7276854 2022121503
0.00 0 0 0 1243 7276854 2022121503
0.00 0 0 0 1243 7276854 2022121503
0.00 0 0 0 1243 7276854 2022121503
0.00 0 0 0 1243 7276854 2022121503
0.00 0 0 0 1243 7276854 2022121503
0.00 0 0 0 1243 7276854 2022121503
0.00 0 0 0 1243 7276854 2022121503
0.00 0 0 0 1243 7276854 2022121503
0.00 0 0 0 1243 7276854 2022121503
0.00 0 0 0 1243 7276854 2022121503
0.00 0 0 0 1243 7276854 2022121503
0.00 0 0 0 1243 7276854 2022121503
0.00 0 0 0 1243 7276854 2022121503
0.00 0 0 0 1243 7276854 2022121503
0.00 0 0 0 1243 7276854 2022121503
0.00 0 0 0 1243 7276854 2022121503
0.00 0 0 0 1243 7276854 2022121503
0.00 0 0 0 1243 7276854 2022121503
0.00 0 0 0 1243 7276854 2022121503
0.00 0 0 0 1243 7276854 2022121503
0.00 0 0 0 1243 7276854 2022121503
0.00 0 0 0 1243 7276854 2022121503
0.00 0 0 0 1243 7276854 2022121503
0.00 0 0 0 1243 7276854 2022121503
0.00 0 0 0 1243 7276854 2022121503
0.00 0 0 0 1243 7276854 2022121503
0.00 0 0 0 1243 7276854 2022121503
0.00 0 0 0 1243 7276854 2022121503
0.00 0 0 0 1243 7276854 2022121503
0.00 0 0 0 1243 7276854 2022121503
0.00 0 0 0 1243 7276854 2022121503
0.00 0 0 0 1243 7276854 2022121503
178 17 0 0 1243 7276854 2022121503
0.00 0 0 0 1243 7276854 2022121503
0.00 0 0 0 1243 7276854 2022121503
0.00 0 0 0 1243 7276854 2022121503
0.00 0 0 0 1243 7276854 2022121503
0.00 0 0 0 1243 7276854 2022121503
0.00 0 0 0 1243 7276854 2022121503
0.00 0 0 [ ID] Interval Transfer Bandwidth Write Err Rtry Cwnd RTT 2022121503
98.7 10 0 0 910 10372632 2022121503
0.00 0 0 0 1366 10372632 2022121503
0.00 0 0 0 1366 10372632 2022121503
0.00 0 0 0 1366 10372632 2022121503
178 17 0 0 1366 10372632 2022121503
0.00 0 0 0 1366 10372632 2022121503
0.00 0 0 0 1366 10372632 2022121503
0.00 0 0 0 1366 10372632 2022121503
0.00 0 0 0 1366 10372632 2022121503
0.00 0 0 0 1366 10372632 2022121503
0.00 0 0 0 1366 10372632 2022121503
0.00 0 0 0 1366 10372632 2022121503
0.00 0 0 0 1366 10372632 2022121503
0.00 0 0 0 1366 10372632 2022121503
0.00 0 0 0 1366 10372632 2022121503
0.00 0 0 0 1366 10372632 2022121503
0.00 0 0 0 1366 10372632 2022121503
0.00 0 0 0 1366 10372632 2022121503
0.00 0 0 0 1366 10372632 2022121503
0.00 0 0 0 1366 10372632 2022121503
0.00 0 0 0 1366 10372632 2022121503
0.00 0 0 0 1366 10372632 2022121503
0.00 0 0 0 1366 10372632 2022121503
0.00 0 0 0 1366 10372632 2022121503
0.00 0 0 0 1366 10372632 2022121503
0.00 0 0 0 1366 10372632 2022121503
0.00 0 0 0 1366 10372632 2022121503
73.4 7 0 0 813 121620 2022121503
0.00 0 0 0 813 121620 2022121503
0.00 0 0 0 813 121620 2022121503
0.00 0 0 0 813 121620 2022121503
0.00 0 0 0 813 121620 2022121503
0.00 0 0 0 813 121620 2022121503
0.00 0 0 0 813 121620 2022121503
0.00 0 0 0 813 121620 2022121503
0.00 0 0 0 813 121620 2022121503
0.00 0 0 0 813 121620 2022121503
0.00 0 0 0 813 121620 2022121503
0.00 0 0 0 813 121620 2022121503
0.00 0 0 0 813 121620 2022121503
0.00 0 0 0 813 121620 2022121503
0.00 0 0 0 813 121620 2022121503
0.00 0 0 0 813 121620 2022121503
0.00 0 0 0 813 121620 2022121503
0.00 0 0 0 813 121620 2022121503
0.00 0 0 0 813 121620 2022121503
0.00 0 0 0 813 121620 2022121503
0.00 0 0 0 813 121620 2022121503
0.00 0 0 0 813 121620 2022121503
0.00 0 0 0 813 121620 2022121503
0.00 0 0 0 813 121620 2022121503
0.00 0 0 0 813 121620 2022121503
0.00 0 0 0 813 121620 2022121503
0.00 0 0 0 813 121620 2022121503
0.00 0 0 0 813 121620 2022121503
0.00 0 0 0 813 121620 2022121503
0.00 0 0 0 813 121620 2022121503
0.00 0 0 0 813 121620 2022121503
0.00 0 0 0 813 121620 2022121503
0.00 0 0 0 813 121620 2022121503
0.00 0 0 0 813 121620 2022121503
0.00 0 0 0 813 121620 2022121503
0.00 0 0 0 813 121620 2022121503
0.00 0 0 0 813 121620 2022121503
0.00 0 0 0 813 121620 2022121503
0.00 0 0 0 813 121620 2022121503
0.00 0 0 0 813 121620 2022121503
0.00 0 0 0 813 121620 2022121503
0.00 0 0 0 813 121620 2022121503
0.00 0 0 0 813 121620 2022121503
0.00 0 0 0 813 121620 2022121503
0.00 0 0 0 813 121620 2022121503
0.00 0 0 0 813 121620 2022121503
0.00 0 0 0 813 121620 2022121503
0.00 0 0 0 813 121620 2022121503
0.00 0 0 0 813 121620 2022121503
0.00 0 0 0 813 121620 2022121503
0.00 0 0 0 813 121620 2022121503
0.00 0 0 0 813 121620 2022121503
0.00 0 0 0 813 121620 2022121503
0.00 0 0 0 813 121620 2022121503
0.00 0 0 0 813 121620 2022121503
0.00 0 0 0 813 121620 2022121503
0.00 0 0 0 813 121620 2022121503
0.00 0 0 0 813 121620 2022121503
0.00 0 0 0 813 121620 2022121503
0.00 0 0 0 813 121620 2022121503
0.00 0 0 0 813 121620 2022121503
0.00 0 0 0 813 121620 2022121503
0.00 0 0 0 813 121620 2022121503
0.00 0 0 0 813 121620 2022121503
0.00 0 0 0 813 121620 2022121503
0.00 0 0 0 813 121620 2022121503
0.00 0 0 0 813 121620 2022121503
0.00 0 0 0 813 121620 2022121503
0.00 0 0 0 813 121620 2022121503
0.00 0 0 0 813 121620 2022121503
0.00 0 0 0 813 121620 2022121503
0.00 0 0 0 813 121620 2022121503
0.00 0 0 0 813 121620 2022121503
0.00 0 0 0 813 121620 2022121503
0.00 0 0 0 813 121620 2022121503
0.00 0 0 0 813 121620 2022121503
0.00 0 0 0 813 121620 2022121503
0.00 0 0 0 813 121620 2022121503
0.00 0 0 0 813 121620 2022121503
0.00 0 0 0 813 121620 2022121503
0.00 0 0 0 813 121620 2022121503
0.00 0 0 0 813 121620 2022121503
0.00 0 0 0 813 121620 2022121503
8.54 610 40 654 813 121620 2022121503
 Write Err Rtry Cwnd RTT 2022121503
0.00 0 0 0 1366 10372632 2022121503
0.00 0 0 0 1366 10372632 2022121503
0.00 0 0 0 1366 10372632 2022121503
0.00 0 0 0 1366 10372632 2022121503
0.00 0 0 0 1366 10372632 2022121503
17.6 1234 40 870 1366 10372632 2022121503
