13.7 2 0 0 27 116335 2022121501
0.00 0 1 0 55 119010 2022121501
10.1 1 0 0 110 118888 2022121501
17.6 2 0 0 201 117406 2022121501
31.5 3 0 0 220 118972 2022121501
104 10 0 0 441 117501 2022121501
67.0 7 0 0 813 117714 2022121501
93.5 9 0 0 1075 9036431 2022121501
73.4 7 0 0 1075 9036431 2022121501
0.00 0 0 0 1075 9036431 2022121501
0.00 0 0 0 1075 9036431 2022121501
0.00 0 0 0 1075 9036431 2022121501
0.00 0 0 0 1075 9036431 2022121501
0.00 0 0 0 1075 9036431 2022121501
0.00 0 0 0 1075 9036431 2022121501
0.00 0 0 0 1075 9036431 2022121501
0.00 0 0 0 1075 9036431 2022121501
0.00 0 0 0 1075 9036431 2022121501
0.00 0 0 0 1075 9036431 2022121501
0.00 0 0 0 1075 9036431 2022121501
0.00 0 0 0 1075 9036431 2022121501
0.00 0 0 0 1075 9036431 2022121501
0.00 0 0 0 1075 9036431 2022121501
0.00 0 0 0 1075 9036431 2022121501
0.00 0 0 0 1075 9036431 2022121501
0.00 0 0 0 1075 9036431 2022121501
0.00 0 0 0 1075 9036431 2022121501
0.00 0 0 0 1075 9036431 2022121501
0.00 0 0 0 1075 9036431 2022121501
0.00 0 0 0 1075 9036431 2022121501
0.00 0 0 0 1075 9036431 2022121501
0.00 0 0 0 1075 9036431 2022121501
0.00 0 0 0 1075 9036431 2022121501
0.00 0 0 0 1075 9036431 2022121501
0.00 0 0 0 1075 9036431 2022121501
0.00 0 0 0 1075 9036431 2022121501
0.00 0 0 0 1075 9036431 2022121501
0.00 0 0 0 1075 9036431 2022121501
0.00 0 0 0 1075 9036431 2022121501
0.00 0 0 0 1075 9036431 2022121501
0.00 0 0 0 1075 9036431 2022121501
0.00 0 0 0 1075 9036431 2022121501
0.00 0 0 0 1075 9036431 2022121501
0.00 0 0 0 1075 9036431 2022121501
0.00 0 0 0 1075 9036431 2022121501
0.00 0 0 0 1075 9036431 2022121501
0.00 0 0 0 1075 9036431 2022121501
0.00 0 0 0 1075 9036431 2022121501
0.00 0 0 0 1075 9036431 2022121501
0.00 0 0 0 1075 9036431 2022121501
0.00 0 0 0 1075 9036431 2022121501
0.00 0 0 0 1075 9036431 2022121501
0.00 0 0 0 1075 9036431 2022121501
0.00 0 0 0 1075 9036431 2022121501
0.00 0 0 0 1075 9036431 2022121501
0.00 0 0 0 1075 9036431 2022121501
0.00 0 0 0 1075 9036431 2022121501
0.00 0 0 0 1075 9036431 2022121501
0.00 0 0 0 1075 9036431 2022121501
0.00 0 0 0 1075 9036431 2022121501
0.00 0 0 0 1075 9036431 2022121501
0.00 0 0 0 1075 9036431 2022121501
0.00 0 0 0 1075 9036431 2022121501
0.00 0 0 0 1075 9036431 2022121501
0.00 0 0 0 1075 9036431 2022121501
0.00 0 0 0 1075 9036431 2022121501
0.00 0 0 0 1075 9036431 2022121501
0.00 0 0 0 1075 9036431 2022121501
0.00 0 0 0 1075 9036431 2022121501
0.00 0 0 0 1075 9036431 2022121501
0.00 0 0 0 1075 9036431 2022121501
0.00 0 0 0 1075 9036431 2022121501
0.00 0 0 0 1075 9036431 2022121501
0.00 0 0 0 1075 9036431 2022121501
0.00 0 0 0 1075 9036431 2022121501
0.00 0 0 0 1075 9036431 2022121501
0.00 0 0 0 1075 9036431 2022121501
0.00 0 0 0 1075 9036431 2022121501
0.00 0 0 0 1075 9036431 2022121501
0.00 0 0 0 1075 9036431 2022121501
0.00 0 0 0 1075 9036431 2022121501
0.00 0 0 0 1075 9036431 2022121501
0.00 0 0 0 1075 9036431 2022121501
0.00 0 0 0 1075 9036431 2022121501
0.00 0 0 0 1075 9036431 2022121501
0.00 0 0 0 1075 9036431 2022121501
0.00 0 0 0 1075 9036431 2022121501
0.00 0 0 0 1075 9036431 2022121501
0.00 0 0 0 1075 9036431 2022121501
0.00 0 0 0 1075 9036431 2022121501
0.00 0 0 0 1075 9036431 2022121501
0.00 0 0 0 1075 9036431 2022121501
0.00 0 0 0 1075 9036431 2022121501
0.00 0 0 0 1075 9036431 2022121501
0.00 0 0 0 1075 9036431 2022121501
0.00 0 0 0 1075 9036431 2022121501
0.00 0 0 0 1075 9036431 2022121501
0.00 0 0 0 1075 9036431 2022121501
0.00 0 0 0 1075 9036431 2022121501
0.00 0 0 0 1075 9036431 2022121501
0.00 0 0 0 1075 9036431 2022121501
0.00 0 0 0 1075 9036431 2022121501
0.00 0 0 0 1075 9036431 2022121501
66.9 7 0 12 187 123316 2022121501
0.00 0 0 0 187 123316 2022121501
0.00 0 0 0 187 123316 2022121501
0.00 0 0 0 187 123316 2022121501
0.00 0 0 0 187 123316 2022121501
0.00 0 0 0 187 123316 2022121501
0.00 0 0 0 187 123316 2022121501
0.00 0 0 0 187 123316 2022121501
0.00 0 0 0 187 123316 2022121501
0.00 0 0 0 187 123316 2022121501
0.00 0 0 0 187 123316 2022121501
0.00 0 0 0 187 123316 2022121501
0.00 0 0 0 187 123316 2022121501
0.00 0 0 0 187 123316 2022121501
0.00 0 0 0 187 123316 2022121501
0.00 0 0 0 187 123316 2022121501
0.00 0 0 0 187 123316 2022121501
0.00 0 0 0 187 123316 2022121501
0.00 0 0 0 187 123316 2022121501
0.00 0 0 0 187 123316 2022121501
0.00 0 0 0 187 123316 2022121501
0.00 0 0 0 187 123316 2022121501
0.00 0 0 0 187 123316 2022121501
0.00 0 0 0 187 123316 2022121501
0.00 0 0 0 187 123316 2022121501
0.00 0 0 0 187 123316 2022121501
0.00 0 0 0 187 123316 2022121501
0.00 0 0 0 187 123316 2022121501
0.00 0 0 0 187 123316 2022121501
0.00 0 0 0 187 123316 2022121501
0.00 0 0 0 187 123316 2022121501
0.00 0 0 0 187 123316 2022121501
0.00 0 0 0 187 123316 2022121501
0.00 0 0 0 187 123316 2022121501
0.00 0 0 0 187 123316 2022121501
0.00 0 0 0 187 123316 2022121501
0.00 0 0 0 187 123316 2022121501
0.00 0 0 0 187 123316 2022121501
0.00 0 0 0 187 123316 2022121501
0.00 0 0 0 187 123316 2022121501
0.00 0 0 0 187 123316 2022121501
0.00 0 0 0 187 123316 2022121501
0.00 0 0 0 187 123316 2022121501
0.00 0 0 0 187 123316 2022121501
0.00 0 0 0 187 123316 2022121501
0.00 0 0 0 187 123316 2022121501
0.00 0 0 0 187 123316 2022121501
0.00 0 0 0 187 123316 2022121501
0.00 0 0 0 187 123316 2022121501
0.00 0 0 0 187 123316 2022121501
0.00 0 0 0 187 123316 2022121501
0.00 0 0 0 187 123316 2022121501
0.00 0 0 0 187 123316 2022121501
0.00 0 0 0 187 123316 2022121501
0.00 0 0 0 187 123316 2022121501
0.00 0 0 0 187 123316 2022121501
0.00 0 0 0 187 123316 2022121501
0.00 0 0 0 187 123316 2022121501
0.00 0 0 0 187 123316 2022121501
0.00 0 0 0 187 123316 2022121501
0.00 0 0 0 187 123316 2022121501
0.00 0 0 0 187 123316 2022121501
0.00 0 0 0 187 123316 2022121501
0.00 0 0 0 187 123316 2022121501
0.00 0 0 0 187 123316 2022121501
0.00 0 0 0 187 123316 2022121501
0.00 0 0 0 187 123316 2022121501
0.00 0 0 0 187 123316 2022121501
0.00 0 0 0 187 123316 2022121501
0.00 0 0 0 187 123316 2022121501
0.00 0 0 0 187 123316 2022121501
0.00 0 0 0 187 123316 2022121501
0.00 0 0 0 187 123316 2022121501
0.00 0 0 0 187 123316 2022121501
0.00 0 0 0 187 123316 2022121501
0.00 0 0 0 187 123316 2022121501
0.00 0 0 0 187 123316 2022121501
0.00 0 0 0 187 123316 2022121501
0.00 0 0 0 187 123316 2022121501
0.00 0 0 0 187 123316 2022121501
0.00 0 0 0 187 123316 2022121501
0.00 0 0 0 187 123316 2022121501
0.00 0 0 0 187 123316 2022121501
0.00 0 0 0 187 123316 2022121501
0.00 0 0 0 187 123316 2022121501
0.00 0 0 0 187 123316 2022121501
0.00 0 0 0 187 123316 2022121501
0.00 0 0 0 187 123316 2022121501
0.00 0 0 0 187 123316 2022121501
0.00 0 0 0 187 123316 2022121501
0.00 0 0 0 187 123316 2022121501
0.00 0 0 0 187 123316 2022121501
0.00 0 0 0 187 123316 2022121501
0.00 0 0 0 187 123316 2022121501
0.00 0 0 0 187 123316 2022121501
0.00 0 0 0 187 123316 2022121501
0.00 0 0 0 187 123316 2022121501
0.00 0 0 0 187 123316 2022121501
0.00 0 0 0 187 123316 2022121501
115 11 0 0 375 9356354 2022121501
0.00 0 0 0 737 9356354 2022121501
83.9 8 0 0 737 9356354 2022121501
0.00 0 0 0 737 9356354 2022121501
0.00 0 0 0 737 9356354 2022121501
0.00 0 0 0 737 9356354 2022121501
0.00 0 0 0 737 9356354 2022121501
0.00 0 0 0 737 9356354 2022121501
0.00 0 0 0 737 9356354 2022121501
0.00 0 0 0 737 9356354 2022121501
0.00 0 0 0 737 9356354 2022121501
0.00 0 0 0 737 9356354 2022121501
0.00 0 0 0 737 9356354 2022121501
0.00 0 0 0 737 9356354 2022121501
0.00 0 0 0 737 9356354 2022121501
0.00 0 0 0 737 9356354 2022121501
0.00 0 0 0 737 9356354 2022121501
0.00 0 0 0 737 9356354 2022121501
0.00 0 0 0 737 9356354 2022121501
0.00 0 0 0 737 9356354 2022121501
0.00 0 0 0 737 9356354 2022121501
0.00 0 0 0 737 9356354 2022121501
0.00 0 0 0 737 9356354 2022121501
0.00 0 0 0 737 9356354 2022121501
0.00 0 0 0 737 9356354 2022121501
0.00 0 0 0 737 9356354 2022121501
0.00 0 0 0 737 9356354 2022121501
0.00 0 0 0 737 9356354 2022121501
0.00 0 0 0 737 9356354 2022121501
0.00 0 0 0 737 9356354 2022121501
0.00 0 0 0 737 9356354 2022121501
0.00 0 0 0 737 9356354 2022121501
0.00 0 0 0 737 9356354 2022121501
0.00 0 0 0 737 9356354 2022121501
0.00 0 0 0 737 9356354 2022121501
0.00 0 0 0 737 9356354 2022121501
0.00 0 0 0 737 9356354 2022121501
0.00 0 0 0 737 9356354 2022121501
0.00 0 0 0 737 9356354 2022121501
0.00 0 0 0 737 9356354 2022121501
0.00 0 0 0 737 9356354 2022121501
0.00 0 0 0 737 9356354 2022121501
0.00 0 0 0 737 9356354 2022121501
0.00 0 0 0 737 9356354 2022121501
0.00 0 0 0 737 9356354 2022121501
0.00 0 0 0 737 9356354 2022121501
0.00 0 0 0 737 9356354 2022121501
0.00 0 0 0 737 9356354 2022121501
0.00 0 0 0 737 9356354 2022121501
0.00 0 0 0 737 9356354 2022121501
0.00 0 0 0 737 9356354 2022121501
0.00 0 0 0 737 9356354 2022121501
0.00 0 0 0 737 9356354 2022121501
0.00 0 0 0 737 9356354 2022121501
0.00 0 0 0 737 9356354 2022121501
0.00 0 0 0 737 9356354 2022121501
0.00 0 0 0 737 9356354 2022121501
0.00 0 0 0 737 9356354 2022121501
0.00 0 0 0 737 9356354 2022121501
0.00 0 0 0 737 9356354 2022121501
0.00 0 0 0 737 9356354 2022121501
0.00 0 0 0 737 9356354 2022121501
0.00 0 0 0 737 9356354 2022121501
0.00 0 0 0 737 9356354 2022121501
0.00 0 0 0 737 9356354 2022121501
0.00 0 0 0 737 9356354 2022121501
0.00 0 0 0 737 9356354 2022121501
0.00 0 0 0 737 9356354 2022121501
0.00 0 0 0 737 9356354 2022121501
0.00 0 0 0 737 9356354 2022121501
0.00 0 0 0 737 9356354 2022121501
0.00 0 0 0 737 9356354 2022121501
0.00 0 0 0 737 9356354 2022121501
0.00 0 0 0 737 9356354 2022121501
0.00 0 0 0 737 9356354 2022121501
0.00 0 0 0 737 9356354 2022121501
0.00 0 0 0 737 9356354 2022121501
0.00 0 0 0 737 9356354 2022121501
0.00 0 0 0 737 9356354 2022121501
0.00 0 0 0 737 9356354 2022121501
0.00 0 0 0 737 9356354 2022121501
0.00 0 0 0 737 9356354 2022121501
0.00 0 0 0 737 9356354 2022121501
0.00 0 0 0 737 9356354 2022121501
0.00 0 0 0 737 9356354 2022121501
0.00 0 0 0 737 9356354 2022121501
0.00 0 0 0 737 9356354 2022121501
0.00 0 0 0 737 9356354 2022121501
0.00 0 0 0 737 9356354 2022121501
0.00 0 0 0 737 9356354 2022121501
0.00 0 0 0 737 9356354 2022121501
0.00 0 0 0 737 9356354 2022121501
0.00 0 0 0 737 9356354 2022121501
0.00 0 0 0 737 9356354 2022121501
0.00 0 0 0 737 9356354 2022121501
0.00 0 0 0 737 9356354 2022121501
0.00 0 0 0 737 9356354 2022121501
0.00 0 0 0 737 9356354 2022121501
0.00 0 0 0 737 9356354 2022121501
0.00 0 0 0 737 9356354 2022121501
0.00 0 0 0 737 9356354 2022121501
0.00 0 0 0 737 9356354 2022121501
0.00 0 0 0 737 9356354 2022121501
0.00 0 0 0 737 9356354 2022121501
0.00 0 0 0 737 9356354 2022121501
0.00 0 0 0 737 9356354 2022121501
0.00 0 0 0 737 9356354 2022121501
0.00 0 0 0 737 9356354 2022121501
0.00 0 0 0 737 9356354 2022121501
0.00 0 0 0 737 9356354 2022121501
0.00 0 0 0 737 9356354 2022121501
0.00 0 0 0 737 9356354 2022121501
0.00 0 0 0 737 9356354 2022121501
0.00 0 0 0 737 9356354 2022121501
0.00 0 0 0 737 9356354 2022121501
0.00 0 0 0 737 9356354 2022121501
0.00 0 0 0 737 9356354 2022121501
0.00 0 0 0 737 9356354 2022121501
0.00 0 0 0 737 9356354 2022121501
0.00 0 0 0 737 9356354 2022121501
0.00 0 0 0 737 9356354 2022121501
0.00 0 0 0 737 9356354 2022121501
0.00 0 0 0 737 9356354 2022121501
0.00 0 0 0 737 9356354 2022121501
0.00 0 0 0 737 9356354 2022121501
0.00 0 0 0 737 9356354 2022121501
0.00 0 0 0 737 9356354 2022121501
0.00 0 0 0 737 9356354 2022121501
177 17 0 0 821 123964 2022121501
0.00 0 0 0 821 123964 2022121501
0.00 0 0 0 821 123964 2022121501
0.00 0 0 0 821 123964 2022121501
0.00 0 0 0 821 123964 2022121501
0.00 0 0 0 821 123964 2022121501
0.00 0 0 0 821 123964 2022121501
0.00 0 0 0 821 123964 2022121501
0.00 0 0 0 821 123964 2022121501
0.00 0 0 0 821 123964 2022121501
0.00 0 0 0 821 123964 2022121501
0.00 0 0 0 821 123964 2022121501
0.00 0 0 0 821 123964 2022121501
157 15 0 0 845 138817 2022121501
0.00 0 0 0 845 138817 2022121501
0.00 0 0 0 845 138817 2022121501
0.00 0 0 0 845 138817 2022121501
0.00 0 0 0 845 138817 2022121501
0.00 0 0 0 845 138817 2022121501
0.00 0 0 0 845 138817 2022121501
157 15 0 0 845 138817 2022121501
0.00 0 0 0 845 138817 2022121501
10.5 1 0 0 13 118348 2022121501
0.00 0 0 0 13 118348 2022121501
0.00 0 0 0 13 118348 2022121501
0.00 0 0 0 13 118348 2022121501
0.00 0 0 0 13 118348 2022121501
0.00 0 0 0 13 118348 2022121501
0.00 0 0 0 13 118348 2022121501
0.00 0 0 0 13 118348 2022121501
0.00 0 0 0 13 118348 2022121501
0.00 0 0 0 13 118348 2022121501
0.00 0 0 0 13 118348 2022121501
0.00 0 0 0 13 118348 2022121501
0.00 0 0 0 13 118348 2022121501
0.00 0 0 0 13 118348 2022121501
0.00 0 0 0 13 118348 2022121501
0.00 0 0 0 13 118348 2022121501
0.00 0 0 0 13 118348 2022121501
0.00 0 0 0 13 118348 2022121501
0.00 0 0 0 13 118348 2022121501
0.00 0 0 0 13 118348 2022121501
0.00 0 0 0 13 118348 2022121501
0.00 0 0 0 13 118348 2022121501
0.00 0 0 0 13 118348 2022121501
0.00 0 0 0 13 118348 2022121501
0.00 0 0 0 13 118348 2022121501
0.00 0 0 0 13 118348 2022121501
0.00 0 0 0 13 118348 2022121501
0.00 0 0 0 13 118348 2022121501
0.00 0 0 0 13 118348 2022121501
0.00 0 0 0 13 118348 2022121501
0.00 0 0 0 13 118348 2022121501
0.00 0 0 0 13 118348 2022121501
0.00 0 0 0 13 118348 2022121501
0.00 0 0 0 13 118348 2022121501
0.00 0 0 0 13 118348 2022121501
0.00 0 0 0 13 118348 2022121501
0.00 0 0 0 13 118348 2022121501
0.00 0 0 0 13 118348 2022121501
0.00 0 0 0 13 118348 2022121501
0.00 0 0 0 13 118348 2022121501
0.00 0 0 0 13 118348 2022121501
0.00 0 0 0 13 118348 2022121501
0.00 0 0 0 13 118348 2022121501
0.00 0 0 0 13 118348 2022121501
0.00 0 0 0 13 118348 2022121501
0.00 0 0 0 13 118348 2022121501
0.00 0 0 0 13 118348 2022121501
0.00 0 0 0 13 118348 2022121501
0.00 0 0 0 13 118348 2022121501
0.00 0 0 0 13 118348 2022121501
0.00 0 0 0 13 118348 2022121501
0.00 0 0 0 13 118348 2022121501
0.00 0 0 0 13 118348 2022121501
0.00 0 0 0 13 118348 2022121501
0.00 0 0 0 13 118348 2022121501
0.00 0 0 0 13 118348 2022121501
0.00 0 0 0 13 118348 2022121501
0.00 0 0 0 13 118348 2022121501
0.00 0 0 0 13 118348 2022121501
0.00 0 0 0 13 118348 2022121501
0.00 0 0 0 13 118348 2022121501
0.00 0 0 0 13 118348 2022121501
0.00 0 0 0 13 118348 2022121501
0.00 0 0 0 13 118348 2022121501
0.00 0 0 0 13 118348 2022121501
0.00 0 0 0 13 118348 2022121501
0.00 0 0 0 13 118348 2022121501
0.00 0 0 0 13 118348 2022121501
0.00 0 0 0 13 118348 2022121501
0.00 0 0 0 13 118348 2022121501
0.00 0 0 0 13 118348 2022121501
0.00 0 0 0 13 118348 2022121501
0.00 0 0 0 13 118348 2022121501
0.00 0 0 0 13 118348 2022121501
0.00 0 0 0 13 118348 2022121501
0.00 0 0 0 13 118348 2022121501
0.00 0 0 0 13 118348 2022121501
0.00 0 0 0 13 118348 2022121501
0.00 0 0 0 13 118348 2022121501
0.00 0 0 0 13 118348 2022121501
0.00 0 0 0 13 118348 2022121501
0.00 0 0 0 13 118348 2022121501
0.00 0 0 0 13 118348 2022121501
0.00 0 0 0 13 118348 2022121501
0.00 0 0 0 13 118348 2022121501
0.00 0 0 0 13 118348 2022121501
0.00 0 0 0 13 118348 2022121501
0.00 0 0 0 13 118348 2022121501
0.00 0 0 0 13 118348 2022121501
0.00 0 0 0 13 118348 2022121501
0.00 0 0 0 13 118348 2022121501
0.00 0 0 0 13 118348 2022121501
0.00 0 0 0 13 118348 2022121501
0.00 0 0 0 13 118348 2022121501
0.00 0 0 0 13 118348 2022121501
0.00 0 0 0 13 118348 2022121501
0.00 0 0 0 13 118348 2022121501
334 32 0 0 220 119050 2022121501
0.00 0 0 0 220 119050 2022121501
0.00 0 0 0 220 119050 2022121501
0.00 0 0 0 220 119050 2022121501
0.00 0 0 0 220 119050 2022121501
10.4 1 0 0 408 117025 2022121501
15.6 2 1 0 739 118025 2022121501
15.6 2 0 0 870 117108 2022121501
15.6 2 0 0 901 117675 2022121501
67.6 7 0 0 941 113558 2022121501
67.6 7 0 0 955 117921 2022121501
83.1 8 0 0 962 117329 2022121501
36.4 4 0 0 970 117049 2022121501
41.6 4 0 0 973 117225 2022121501
93.5 10 0 0 984 118766 2022121501
0.00 0 0 0 984 118766 2022121501
77.9 8 0 0 992 118347 2022121501
72.7 7 0 0 995 118284 2022121501
104 11 0 0 1003 118242 2022121501
62.4 6 0 0 1006 117782 2022121501
41.6 4 0 0 1010 117755 2022121501
62.4 6 0 0 1016 117683 2022121501
104 10 0 0 1021 118351 2022121501
0.00 0 0 0 1021 118351 2022121501
140 14 0 0 1025 114585 2022121501
0.00 0 0 0 1025 114585 2022121501
83.1 8 0 0 1030 118834 2022121501
88.3 9 0 0 1032 117856 2022121501
104 10 0 0 1036 117837 2022121501
62.4 6 0 0 1039 117573 2022121501
52.0 5 0 0 1042 117588 2022121501
57.2 6 0 0 1043 118419 2022121501
114 11 0 0 1047 117516 2022121501
52.0 5 0 0 1049 118348 2022121501
62.4 6 0 0 1050 117514 2022121501
52.0 5 0 0 1053 117967 2022121501
57.2 6 0 0 1054 117609 2022121501
88.3 9 0 0 1056 116949 2022121501
104 10 0 0 1059 117573 2022121501
52.0 5 0 0 1064 117782 2022121501
0.00 0 0 0 1064 117782 2022121501
0.00 0 0 0 1064 117782 2022121501
218 21 0 0 1065 119333 2022121501
0.00 0 0 0 1065 119333 2022121501
125 12 0 0 1067 117819 2022121501
52.0 5 0 0 1067 117487 2022121501
67.6 7 0 0 1068 117070 2022121501
104 10 0 0 1070 118953 2022121501
72.7 7 0 0 1072 117314 2022121501
0.00 0 0 0 1072 117314 2022121501
0.00 0 0 0 1072 117314 2022121501
187 18 0 0 1074 117206 2022121501
0.00 0 0 0 1074 117206 2022121501
177 17 0 0 1074 117513 2022121501
0.00 0 0 0 1074 117513 2022121501
0.00 0 0 0 1074 117513 2022121501
213 21 0 0 1075 113675 2022121501
0.00 0 0 0 1075 113675 2022121501
177 17 0 0 1075 121024 2022121501
0.00 0 0 0 1075 121024 2022121501
0.00 0 0 0 1075 121024 2022121501
171 17 0 0 1075 118984 2022121501
125 12 0 0 1075 119003 2022121501
0.00 0 0 0 1075 119003 2022121501
140 14 0 0 1075 117227 2022121501
52.0 5 0 0 1075 118905 2022121501
72.7 7 0 0 1075 117776 2022121501
52.0 5 0 0 1075 117933 2022121501
120 12 0 0 1075 117241 2022121501
57.2 6 0 0 1075 117977 2022121501
52.0 5 0 0 1075 118661 2022121501
62.4 6 0 0 1075 118299 2022121501
109 11 0 0 1075 118102 2022121501
62.4 6 0 0 1075 118431 2022121501
62.4 6 0 0 1075 117240 2022121501
52.0 5 0 0 1075 114634 2022121501
125 12 0 0 1075 122035 2022121501
52.0 5 0 0 1075 114229 2022121501
62.4 6 0 0 1075 113677 2022121501
62.4 6 0 0 1075 117027 2022121501
114 11 0 0 1075 117894 2022121501
57.2 6 0 0 1075 116894 2022121501
52.0 5 0 0 1075 118161 2022121501
67.6 7 0 0 1076 117489 2022121501
109 11 0 0 1076 118035 2022121501
62.4 6 0 0 1076 117959 2022121501
57.2 6 0 0 1076 117551 2022121501
57.2 6 0 0 1078 118310 2022121501
120 12 0 0 1078 117347 2022121501
57.2 6 0 0 1079 116876 2022121501
26.0 3 0 0 1079 119118 2022121501
83.1 8 0 0 1081 116993 2022121501
98.7 10 0 0 1082 118756 2022121501
67.6 7 0 0 1082 117542 2022121501
57.2 6 0 0 1083 116989 2022121501
52.0 5 0 0 1083 118742 2022121501
125 13 0 0 1086 117239 2022121501
52.0 5 0 0 1086 118831 2022121501
67.6 7 0 0 1087 117454 2022121501
57.2 6 0 0 1089 116880 2022121501
120 12 0 0 1090 117249 2022121501
57.2 6 0 0 1092 113029 2022121501
52.0 5 0 0 1093 118828 2022121501
72.7 7 0 0 1094 117370 2022121501
104 10 0 0 1097 118833 2022121501
72.7 7 0 0 1100 117202 2022121501
57.2 6 0 0 1101 117019 2022121501
52.0 5 0 0 1103 118705 2022121501
125 12 0 0 1107 117500 2022121501
52.0 5 0 0 1108 118890 2022121501
72.7 7 0 0 1111 117376 2022121501
57.2 6 0 0 1114 117337 2022121501
125 12 0 0 1116 117269 2022121501
57.2 6 0 0 1123 131108 2022121501
52.0 5 0 0 1123 117386 2022121501
93.5 9 0 0 1126 116943 2022121501
36.4 4 0 0 1129 115415 2022121501
72.7 7 0 0 1132 113103 2022121501
109 11 0 0 1137 118964 2022121501
77.9 8 0 0 1141 117141 2022121501
52.0 5 0 0 1145 117587 2022121501
57.2 6 0 0 1147 118796 2022121501
130 13 0 0 1155 117472 2022121501
57.2 6 0 0 1158 119051 2022121501
72.7 7 0 0 1163 117693 2022121501
57.2 6 0 0 1166 117886 2022121501
135 14 0 0 1176 113887 2022121501
52.0 5 0 0 1181 117742 2022121501
57.2 6 0 0 1185 117793 2022121501
83.1 8 0 0 1191 118783 2022121501
114 11 0 0 1199 117730 2022121501
72.7 7 0 0 1205 118784 2022121501
57.2 6 0 0 1212 117861 2022121501
62.4 6 0 0 1216 117639 2022121501
135 13 0 0 1227 117191 2022121501
62.4 6 0 0 1232 118113 2022121501
77.9 8 0 0 1238 118572 2022121501
62.4 6 0 0 1238 118572 2022121501
62.4 6 0 0 689 116993 2022121501
98.7 10 0 5 883 117143 2022121501
0.00 0 0 0 883 117143 2022121501
0.00 0 0 0 883 117143 2022121501
140 14 0 0 899 117807 2022121501
72.7 7 0 0 907 118227 2022121501
72.7 7 0 0 921 118523 2022121501
72.7 7 0 0 934 117417 2022121501
36.4 4 0 0 941 117541 2022121501
41.6 4 0 0 948 119153 2022121501
114 11 0 0 969 117602 2022121501
36.4 4 0 0 974 119257 2022121501
67.6 7 0 0 984 118516 2022121501
19.5 1158 2 17 984 118516 2022121501
41.3 2495 3 261 910 117847 2022121501
