330 32 0 0 13 1306368 [[ ID] Interval Transfer Bandwidth Write Err Rtry Cwnd RTT 2022121507
0.00 0 0 4 510 10415757 2022121507
0.00 0 0 0 849 119294 2022121507
0.00 0 0 0 849 119294 2022121507
0.00 0 0 0 849 119294 2022121507
0.00 0 0 0 849 119294 2022121507
0.00 0 0 0 849 119294 2022121507
0.00 0 0 0 849 119294 2022121507
0.00 0 0 0 849 119294 2022121507
0.00 0 0 0 849 119294 2022121507
0.00 0 0 0 849 119294 2022121507
0.00 0 0 0 903 118184 2022121507
0.00 0 0 0 903 118184 2022121507
0.00 0 0 0 903 118184 2022121507
0.00 0 0 0 903 118184 2022121507
0.00 0 0 0 903 118184 2022121507
0.00 0 0 0 903 118184 2022121507
0.00 0 0 0 903 118184 2022121507
0.00 0 0 0 903 118184 2022121507
0.00 0 0 0 903 118184 2022121507
0.00 0 0 0 903 118184 2022121507
0.00 0 0 0 903 118184 2022121507
0.00 0 0 0 903 118184 2022121507
0.00 0 0 0 903 118184 2022121507
0.00 0 2022121507