13.7 2 0 0 55 119583 2022121500
0.00 0 0 0 55 119583 2022121500
8.58 1 1 0 184 119129 2022121500
0.00 0 0 0 184 119129 2022121500
52.8 6 0 0 368 117893 2022121500
10.5 1 0 0 369 122827 2022121500
52.0 5 0 0 739 117812 2022121500
109 11 0 0 951 117113 2022121500
135 13 0 0 999 121869 2022121500
0.00 0 0 0 999 121869 2022121500
140 14 0 0 1129 122836 2022121500
0.00 0 0 0 1129 122836 2022121500
0.00 0 0 0 1129 122836 2022121500
255 25 0 11 875 122062 2022121500
0.00 0 0 0 875 122062 2022121500
0.00 0 0 0 875 122062 2022121500
0.00 0 0 0 875 122062 2022121500
0.00 0 0 0 875 122062 2022121500
293 28 0 0 467 117440 2022121500
0.00 0 0 0 467 117440 2022121500
0.00 0 0 0 467 117440 2022121500
0.00 0 0 0 467 117440 2022121500
0.00 0 0 0 467 117440 2022121500
0.00 0 0 0 467 117440 2022121500
0.00 0 0 0 467 117440 2022121500
0.00 0 0 0 467 117440 2022121500
0.00 0 0 0 467 117440 2022121500
329 32 0 0 994 2529263 2022121500
0.00 0 0 0 1232 117752 2022121500
0.00 0 0 0 1232 117752 2022121500
0.00 0 0 0 1232 117752 2022121500
0.00 0 0 0 1232 117752 2022121500
0.00 0 0 0 1232 117752 2022121500
0.00 0 0 0 1232 117752 2022121500
0.00 0 0 0 1232 117752 2022121500
0.00 0 0 0 1232 117752 2022121500
126 12 0 0 1232 117752 2022121500
0.00 0 0 0 1232 117752 2022121500
0.00 0 0 0 1232 117752 2022121500
0.00 0 0 0 1232 117752 2022121500
0.00 0 0 0 1232 117752 2022121500
0.00 0 0 0 1232 117752 2022121500
0.00 0 0 0 1232 117752 2022121500
0.00 0 0 0 1232 117752 2022121500
0.00 0 0 0 1232 117752 2022121500
0.00 0 0 0 1232 117752 2022121500
0.00 0 0 0 1232 117752 2022121500
0.00 0 0 0 1232 117752 2022121500
0.00 0 0 0 1232 117752 2022121500
0.00 0 0 0 1232 117752 2022121500
0.00 0 0 0 1232 117752 2022121500
0.00 0 0 0 1232 117752 2022121500
0.00 0 0 0 1232 117752 2022121500
0.00 0 0 0 1232 117752 2022121500
0.00 0 0 0 1232 117752 2022121500
0.00 0 0 0 1232 117752 2022121500
0.00 0 0 0 1232 117752 2022121500
0.00 0 0 0 1232 117752 2022121500
0.00 0 0 0 1232 117752 2022121500
0.00 0 0 0 1232 117752 2022121500
0.00 0 0 0 1232 117752 2022121500
0.00 0 0 0 1232 117752 2022121500
0.00 0 0 0 1232 117752 2022121500
0.00 0 0 0 1232 117752 2022121500
0.00 0 0 0 1232 117752 2022121500
0.00 0 0 0 1232 117752 2022121500
0.00 0 0 0 1232 117752 2022121500
0.00 0 0 0 1232 117752 2022121500
0.00 0 0 0 1232 117752 2022121500
0.00 0 0 0 1232 117752 2022121500
0.00 0 0 0 1232 117752 2022121500
0.00 0 0 0 1232 117752 2022121500
0.00 0 0 0 1232 117752 2022121500
0.00 0 0 0 1232 117752 2022121500
0.00 0 0 0 1232 117752 2022121500
0.00 0 0 0 1232 117752 2022121500
0.00 0 0 0 1232 117752 2022121500
0.00 0 0 0 1232 117752 2022121500
0.00 0 0 0 1232 117752 2022121500
0.00 0 0 0 1232 117752 2022121500
0.00 0 0 0 1232 117752 2022121500
0.00 0 0 0 1232 117752 2022121500
0.00 0 0 0 1232 117752 2022121500
0.00 0 0 0 1232 117752 2022121500
0.00 0 0 0 1232 117752 2022121500
0.00 0 0 0 1232 117752 2022121500
0.00 0 0 0 1232 117752 2022121500
0.00 0 0 0 1232 117752 2022121500
0.00 0 0 0 1232 117752 2022121500
0.00 0 0 0 1232 117752 2022121500
0.00 0 0 0 1232 117752 2022121500
0.00 0 0 0 1232 117752 2022121500
0.00 0 0 0 1232 117752 2022121500
0.00 0 0 0 1232 117752 2022121500
0.00 0 0 0 1232 117752 2022121500
0.00 0 0 0 1232 117752 2022121500
0.00 0 0 0 1232 117752 2022121500
0.00 0 0 0 1232 117752 2022121500
0.00 0 0 0 1232 117752 2022121500
0.00 0 0 0 1232 117752 2022121500
0.00 0 0 0 1232 117752 2022121500
0.00 0 0 0 1232 117752 2022121500
0.00 0 0 0 1232 117752 2022121500
0.00 0 0 0 1232 117752 2022121500
0.00 0 0 0 1232 117752 2022121500
0.00 0 0 0 1232 117752 2022121500
0.00 0 0 0 1232 117752 2022121500
0.00 0 0 0 1232 117752 2022121500
0.00 0 0 0 1232 117752 2022121500
0.00 0 0 0 1232 117752 2022121500
0.00 0 0 0 1232 117752 2022121500
0.00 0 0 0 1232 117752 2022121500
0.00 0 0 0 1232 117752 2022121500
0.00 0 0 0 1232 117752 2022121500
0.00 0 0 0 1232 117752 2022121500
0.00 0 0 0 1232 117752 2022121500
0.00 0 0 0 1232 117752 2022121500
0.00 0 0 0 1232 117752 2022121500
0.00 0 0 0 1232 117752 2022121500
0.00 0 0 0 1232 117752 2022121500
0.00 0 0 0 1232 117752 2022121500
0.00 0 0 0 1232 117752 2022121500
0.00 0 0 0 1232 117752 2022121500
0.00 0 0 0 1232 117752 2022121500
0.00 0 0 0 1232 117752 2022121500
0.00 0 0 0 1232 117752 2022121500
0.00 0 0 0 1232 117752 2022121500
0.00 0 0 0 1232 117752 2022121500
0.00 0 0 0 1232 117752 2022121500
0.00 0 0 0 1232 117752 2022121500
0.00 0 0 0 1232 117752 2022121500
0.00 0 0 0 1232 117752 2022121500
0.00 0 0 0 1232 117752 2022121500
0.00 0 0 0 1232 117752 2022121500
0.00 0 0 0 1232 117752 2022121500
0.00 0 0 0 1232 117752 2022121500
0.00 0 0 0 1232 117752 2022121500
0.00 0 0 0 1232 117752 2022121500
0.00 0 0 0 1232 117752 2022121500
0.00 0 0 0 1232 117752 2022121500
83.9 8 0 0 1232 117752 2022121500
0.00 0 0 0 1232 117752 2022121500
0.00 0 0 0 1232 117752 2022121500
0.00 0 0 0 1232 117752 2022121500
0.00 0 0 0 1232 117752 2022121500
0.00 0 0 0 1232 117752 2022121500
0.00 0 0 0 1232 117752 2022121500
0.00 0 0 0 1232 117752 2022121500
0.00 0 0 0 1232 117752 2022121500
0.00 0 0 0 1232 117752 2022121500
0.00 0 0 0 1232 117752 2022121500
0.00 0 0 0 1232 117752 2022121500
0.00 0 0 0 1232 117752 2022121500
0.00 0 0 0 1232 117752 2022121500
0.00 0 0 0 1232 117752 2022121500
0.00 0 0 0 1232 117752 2022121500
0.00 0 0 0 1232 117752 2022121500
0.00 0 0 0 1232 117752 2022121500
0.00 0 0 0 1232 117752 2022121500
0.00 0 0 0 1232 117752 2022121500
0.00 0 0 0 1232 117752 2022121500
0.00 0 0 0 1232 117752 2022121500
0.00 0 0 0 1232 117752 2022121500
0.00 0 0 0 1232 117752 2022121500
0.00 0 0 0 1232 117752 2022121500
0.00 0 0 0 1232 117752 2022121500
0.00 0 0 0 1232 117752 2022121500
0.00 0 0 0 1232 117752 2022121500
0.00 0 0 0 1232 117752 2022121500
0.00 0 0 0 1232 117752 2022121500
0.00 0 0 0 1232 117752 2022121500
0.00 0 0 0 1232 117752 2022121500
0.00 0 0 0 1232 117752 2022121500
0.00 0 0 0 1232 117752 2022121500
0.00 0 0 0 1232 117752 2022121500
0.00 0 0 0 1232 117752 2022121500
0.00 0 0 0 1232 117752 2022121500
0.00 0 0 0 1232 117752 2022121500
0.00 0 0 0 1232 117752 2022121500
0.00 0 0 0 1232 117752 2022121500
0.00 0 0 0 1232 117752 2022121500
0.00 0 0 0 1232 117752 2022121500
0.00 0 0 0 1232 117752 2022121500
0.00 0 0 0 1232 117752 2022121500
0.00 0 0 0 1232 117752 2022121500
0.00 0 0 0 1232 117752 2022121500
0.00 0 0 0 1232 117752 2022121500
0.00 0 0 0 1232 117752 2022121500
0.00 0 0 0 1232 117752 2022121500
0.00 0 0 0 1232 117752 2022121500
0.00 0 0 0 1232 117752 2022121500
0.00 0 0 0 1232 117752 2022121500
0.00 0 0 0 1232 117752 2022121500
0.00 0 0 0 1232 117752 2022121500
0.00 0 0 0 1232 117752 2022121500
0.00 0 0 0 1232 117752 2022121500
0.00 0 0 0 1232 117752 2022121500
0.00 0 0 0 1232 117752 2022121500
0.00 0 0 0 1232 117752 2022121500
0.00 0 0 0 1232 117752 2022121500
0.00 0 0 0 1232 117752 2022121500
0.00 0 0 0 1232 117752 2022121500
0.00 0 0 0 1232 117752 2022121500
0.00 0 0 0 1232 117752 2022121500
0.00 0 0 0 1232 117752 2022121500
0.00 0 0 0 1232 117752 2022121500
0.00 0 0 0 1232 117752 2022121500
0.00 0 0 0 1232 117752 2022121500
0.00 0 0 0 1232 117752 2022121500
0.00 0 0 0 1232 117752 2022121500
0.00 0 0 0 1232 117752 2022121500
0.00 0 0 0 1232 117752 2022121500
0.00 0 0 0 1232 117752 2022121500
0.00 0 0 0 1232 117752 2022121500
0.00 0 0 0 1232 117752 2022121500
0.00 0 0 0 1232 117752 2022121500
0.00 0 0 0 1232 117752 2022121500
0.00 0 0 0 1232 117752 2022121500
0.00 0 0 0 1232 117752 2022121500
0.00 0 0 0 1232 117752 2022121500
0.00 0 0 0 1232 117752 2022121500
0.00 0 0 0 1232 117752 2022121500
0.00 0 0 0 1232 117752 2022121500
0.00 0 0 0 1232 117752 2022121500
0.00 0 0 0 1232 117752 2022121500
0.00 0 0 0 1232 117752 2022121500
0.00 0 0 0 1232 117752 2022121500
0.00 0 0 0 1232 117752 2022121500
0.00 0 0 0 1232 117752 2022121500
0.00 0 0 0 1232 117752 2022121500
0.00 0 0 0 1232 117752 2022121500
0.00 0 0 0 1232 117752 2022121500
0.00 0 0 0 1232 117752 2022121500
0.00 0 0 0 1232 117752 2022121500
0.00 0 0 0 1232 117752 2022121500
0.00 0 0 0 1232 117752 2022121500
0.00 0 0 0 1232 117752 2022121500
320 31 0 0 1261 1449331 2022121500
0.00 0 0 0 1261 1449331 2022121500
0.00 0 0 0 1261 1449331 2022121500
0.00 0 0 0 1261 1449331 2022121500
0.00 0 0 0 1261 1449331 2022121500
147 14 0 0 1261 1449331 2022121500
0.00 0 0 0 1261 1449331 2022121500
0.00 0 0 0 1261 1449331 2022121500
0.00 0 0 0 1261 1449331 2022121500
0.00 0 0 0 1261 1449331 2022121500
0.00 0 0 0 1261 1449331 2022121500
0.00 0 0 0 1261 1449331 2022121500
0.00 0 0 0 1261 1449331 2022121500
0.00 0 0 0 1261 1449331 2022121500
0.00 0 0 0 1261 1449331 2022121500
0.00 0 0 0 1261 1449331 2022121500
0.00 0 0 0 1261 1449331 2022121500
0.00 0 0 0 1261 1449331 2022121500
0.00 0 0 0 1261 1449331 2022121500
0.00 0 0 0 1261 1449331 2022121500
0.00 0 0 0 1261 1449331 2022121500
0.00 0 0 0 1261 1449331 2022121500
0.00 0 0 0 1261 1449331 2022121500
0.00 0 0 0 1261 1449331 2022121500
0.00 0 0 0 1261 1449331 2022121500
0.00 0 0 0 1261 1449331 2022121500
0.00 0 0 0 1261 1449331 2022121500
0.00 0 0 0 1261 1449331 2022121500
0.00 0 0 0 1261 1449331 2022121500
0.00 0 0 0 1261 1449331 2022121500
0.00 0 0 0 1261 1449331 2022121500
0.00 0 0 0 1261 1449331 2022121500
0.00 0 0 0 1261 1449331 2022121500
0.00 0 0 0 1261 1449331 2022121500
0.00 0 0 0 1261 1449331 2022121500
0.00 0 0 0 1261 1449331 2022121500
0.00 0 0 0 1261 1449331 2022121500
0.00 0 0 0 1261 1449331 2022121500
0.00 0 0 0 1261 1449331 2022121500
0.00 0 0 0 1261 1449331 2022121500
0.00 0 0 0 1261 1449331 2022121500
0.00 0 0 0 1261 1449331 2022121500
0.00 0 0 0 1261 1449331 2022121500
0.00 0 0 0 1261 1449331 2022121500
0.00 0 0 0 1261 1449331 2022121500
0.00 0 0 0 1261 1449331 2022121500
0.00 0 0 0 1261 1449331 2022121500
0.00 0 0 0 1261 1449331 2022121500
0.00 0 0 0 1261 1449331 2022121500
0.00 0 0 0 1261 1449331 2022121500
0.00 0 0 0 1261 1449331 2022121500
0.00 0 0 0 1261 1449331 2022121500
0.00 0 0 0 1261 1449331 2022121500
0.00 0 0 0 1261 1449331 2022121500
0.00 0 0 0 1261 1449331 2022121500
0.00 0 0 0 1261 1449331 2022121500
0.00 0 0 0 1261 1449331 2022121500
0.00 0 0 0 1261 1449331 2022121500
0.00 0 0 0 1261 1449331 2022121500
0.00 0 0 0 1261 1449331 2022121500
0.00 0 0 0 1261 1449331 2022121500
0.00 0 0 0 1261 1449331 2022121500
0.00 0 0 0 1261 1449331 2022121500
0.00 0 0 0 1261 1449331 2022121500
0.00 0 0 0 1261 1449331 2022121500
0.00 0 0 0 1261 1449331 2022121500
0.00 0 0 0 1261 1449331 2022121500
0.00 0 0 0 1261 1449331 2022121500
0.00 0 0 0 1261 1449331 2022121500
0.00 0 0 0 1261 1449331 2022121500
0.00 0 0 0 1261 1449331 2022121500
0.00 0 0 0 1261 1449331 2022121500
0.00 0 0 0 1261 1449331 2022121500
0.00 0 0 0 1261 1449331 2022121500
0.00 0 0 0 1261 1449331 2022121500
0.00 0 0 0 1261 1449331 2022121500
0.00 0 0 0 1261 1449331 2022121500
0.00 0 0 0 1261 1449331 2022121500
0.00 0 0 0 1261 1449331 2022121500
0.00 0 0 0 1261 1449331 2022121500
0.00 0 0 0 1261 1449331 2022121500
0.00 0 0 0 1261 1449331 2022121500
0.00 0 0 0 1261 1449331 2022121500
0.00 0 0 0 1261 1449331 2022121500
0.00 0 0 0 1261 1449331 2022121500
0.00 0 0 0 1261 1449331 2022121500
0.00 0 0 0 1261 1449331 2022121500
0.00 0 0 0 1261 1449331 2022121500
0.00 0 0 0 1261 1449331 2022121500
0.00 0 0 0 1261 1449331 2022121500
0.00 0 0 0 1261 1449331 2022121500
0.00 0 0 0 1261 1449331 2022121500
0.00 0 0 0 1261 1449331 2022121500
0.00 0 0 0 1261 1449331 2022121500
0.00 0 0 0 1261 1449331 2022121500
0.00 0 0 0 1261 1449331 2022121500
0.00 0 0 0 1261 1449331 2022121500
0.00 0 0 0 1261 1449331 2022121500
0.00 0 0 0 1261 1449331 2022121500
0.00 0 0 0 1261 1449331 2022121500
0.00 0 0 0 1261 1449331 2022121500
0.00 0 0 0 1261 1449331 2022121500
0.00 0 0 0 1261 1449331 2022121500
0.00 0 0 0 1261 1449331 2022121500
0.00 0 0 0 1261 1449331 2022121500
0.00 0 0 0 1261 1449331 2022121500
0.00 0 0 0 1261 1449331 2022121500
0.00 0 0 0 1261 1449331 2022121500
0.00 0 0 0 1261 1449331 2022121500
0.00 0 0 0 1261 1449331 2022121500
0.00 0 0 0 1261 1449331 2022121500
0.00 0 0 0 1261 1449331 2022121500
0.00 0 0 0 1261 1449331 2022121500
194 19 0 47 492 113920 2022121500
0.00 0 0 0 492 113920 2022121500
0.00 0 0 0 492 113920 2022121500
0.00 0 0 0 492 113920 2022121500
208 20 0 141 892 112905 2022121500
0.00 0 0 0 892 112905 2022121500
0.00 0 0 0 892 112905 2022121500
0.00 0 0 0 892 112905 2022121500
0.00 0 0 0 892 112905 2022121500
239 23 0 0 932 117501 2022121500
0.00 0 0 0 932 117501 2022121500
0.00 0 0 0 932 117501 2022121500
0.00 0 0 0 932 117501 2022121500
0.00 0 0 0 932 117501 2022121500
0.00 0 0 0 932 117501 2022121500
0.00 0 0 0 932 117501 2022121500
329 32 0 0 959 4888501 2022121500
0.00 0 0 0 1003 4888501 2022121500
0.00 0 0 0 1003 4888501 2022121500
0.00 0 0 0 1003 4888501 2022121500
0.00 0 0 0 1003 4888501 2022121500
0.00 0 0 0 1003 4888501 2022121500
52.4 5 0 0 1125 1448292 2022121500
0.00 0 0 0 586 1448292 2022121500
0.00 0 0 0 586 1448292 2022121500
0.00 0 0 0 586 1448292 2022121500
0.00 0 0 0 586 1448292 2022121500
0.00 0 0 0 586 1448292 2022121500
0.00 0 0 0 586 1448292 2022121500
0.00 0 0 0 586 1448292 2022121500
0.00 0 0 0 586 1448292 2022121500
0.00 0 0 0 586 1448292 2022121500
0.00 0 0 0 586 1448292 2022121500
0.00 0 0 0 586 1448292 2022121500
0.00 0 0 0 586 1448292 2022121500
0.00 0 0 0 586 1448292 2022121500
0.00 0 0 0 586 1448292 2022121500
0.00 0 0 0 586 1448292 2022121500
0.00 0 0 0 586 1448292 2022121500
0.00 0 0 0 586 1448292 2022121500
0.00 0 0 0 586 1448292 2022121500
0.00 0 0 0 586 1448292 2022121500
0.00 0 0 0 586 1448292 2022121500
0.00 0 0 0 586 1448292 2022121500
0.00 0 0 0 586 1448292 2022121500
0.00 0 0 0 586 1448292 2022121500
0.00 0 0 0 586 1448292 2022121500
0.00 0 0 0 586 1448292 2022121500
0.00 0 0 0 586 1448292 2022121500
0.00 0 0 0 586 1448292 2022121500
0.00 0 0 0 586 1448292 2022121500
0.00 0 0 0 586 1448292 2022121500
0.00 0 0 0 586 1448292 2022121500
0.00 0 0 0 586 1448292 2022121500
0.00 0 0 0 586 1448292 2022121500
0.00 0 0 0 586 1448292 2022121500
0.00 0 0 0 586 1448292 2022121500
0.00 0 0 0 586 1448292 2022121500
0.00 0 0 0 586 1448292 2022121500
0.00 0 0 0 586 1448292 2022121500
0.00 0 0 0 586 1448292 2022121500
0.00 0 0 0 586 1448292 2022121500
0.00 0 0 0 586 1448292 2022121500
0.00 0 0 0 586 1448292 2022121500
0.00 0 0 0 586 1448292 2022121500
0.00 0 0 0 586 1448292 2022121500
0.00 0 0 0 586 1448292 2022121500
0.00 0 0 0 586 1448292 2022121500
0.00 0 0 0 586 1448292 2022121500
0.00 0 0 0 586 1448292 2022121500
0.00 0 0 0 586 1448292 2022121500
0.00 0 0 0 586 1448292 2022121500
0.00 0 0 0 586 1448292 2022121500
0.00 0 0 0 586 1448292 2022121500
0.00 0 0 0 586 1448292 2022121500
0.00 0 0 0 586 1448292 2022121500
0.00 0 0 0 586 1448292 2022121500
0.00 0 0 0 586 1448292 2022121500
0.00 0 0 0 586 1448292 2022121500
0.00 0 0 0 586 1448292 2022121500
0.00 0 0 0 586 1448292 2022121500
0.00 0 0 0 586 1448292 2022121500
0.00 0 0 0 586 1448292 2022121500
0.00 0 0 0 586 1448292 2022121500
0.00 0 0 0 586 1448292 2022121500
0.00 0 0 0 586 1448292 2022121500
0.00 0 0 0 586 1448292 2022121500
0.00 0 0 0 586 1448292 2022121500
0.00 0 0 0 586 1448292 2022121500
0.00 0 0 0 586 1448292 2022121500
0.00 0 0 0 586 1448292 2022121500
0.00 0 0 0 586 1448292 2022121500
0.00 0 0 0 586 1448292 2022121500
0.00 0 0 0 586 1448292 2022121500
0.00 0 0 0 586 1448292 2022121500
0.00 0 0 0 586 1448292 2022121500
0.00 0 0 0 586 1448292 2022121500
0.00 0 0 0 586 1448292 2022121500
0.00 0 0 0 586 1448292 2022121500
0.00 0 0 0 586 1448292 2022121500
0.00 0 0 0 586 1448292 2022121500
0.00 0 0 0 586 1448292 2022121500
0.00 0 0 0 586 1448292 2022121500
0.00 0 0 0 586 1448292 2022121500
0.00 0 0 0 586 1448292 2022121500
0.00 0 0 0 586 1448292 2022121500
0.00 0 0 0 586 1448292 2022121500
0.00 0 0 0 586 1448292 2022121500
0.00 0 0 0 586 1448292 2022121500
0.00 0 0 0 586 1448292 2022121500
0.00 0 0 0 586 1448292 2022121500
0.00 0 0 0 586 1448292 2022121500
0.00 0 0 0 586 1448292 2022121500
0.00 0 0 0 586 1448292 2022121500
0.00 0 0 0 586 1448292 2022121500
0.00 0 0 0 586 1448292 2022121500
0.00 0 0 0 586 1448292 2022121500
0.00 0 0 0 586 1448292 2022121500
0.00 0 0 0 586 1448292 2022121500
0.00 0 0 0 586 1448292 2022121500
277 27 0 0 586 1448292 2022121500
0.00 0 0 0 586 1448292 2022121500
0.00 0 0 0 586 1448292 2022121500
0.00 0 0 0 586 1448292 2022121500
0.00 0 0 0 586 1448292 2022121500
0.00 0 0 0 586 1448292 2022121500
52.4 5 0 0 586 1448292 2022121500
0.00 0 0 0 586 1448292 2022121500
10.5 1 0 0 586 1448292 2022121500
0.00 0 0 0 586 1448292 2022121500
0.00 0 0 0 586 1448292 2022121500
0.00 0 0 0 586 1448292 2022121500
0.00 0 0 0 586 1448292 2022121500
0.00 0 0 0 586 1448292 2022121500
0.00 0 0 0 586 1448292 2022121500
0.00 0 0 0 586 1448292 2022121500
0.00 0 0 0 586 1448292 2022121500
0.00 0 0 0 586 1448292 2022121500
0.00 0 0 0 586 1448292 2022121500
0.00 0 0 0 586 1448292 2022121500
0.00 0 0 0 586 1448292 2022121500
0.00 0 0 0 586 1448292 2022121500
0.00 0 0 0 586 1448292 2022121500
0.00 0 0 0 586 1448292 2022121500
0.00 0 0 0 586 1448292 2022121500
0.00 0 0 0 586 1448292 2022121500
0.00 0 0 0 586 1448292 2022121500
0.00 0 0 0 586 1448292 2022121500
0.00 0 0 0 586 1448292 2022121500
0.00 0 0 0 586 1448292 2022121500
0.00 0 0 0 586 1448292 2022121500
0.00 0 0 0 586 1448292 2022121500
0.00 0 0 0 586 1448292 2022121500
0.00 0 0 0 586 1448292 2022121500
0.00 0 0 0 586 1448292 2022121500
0.00 0 0 0 586 1448292 2022121500
0.00 0 0 0 586 1448292 2022121500
0.00 0 0 0 586 1448292 2022121500
0.00 0 0 0 586 1448292 2022121500
0.00 0 0 0 586 1448292 2022121500
0.00 0 0 0 586 1448292 2022121500
0.00 0 0 0 586 1448292 2022121500
0.00 0 0 0 586 1448292 2022121500
0.00 0 0 0 586 1448292 2022121500
0.00 0 0 0 586 1448292 2022121500
0.00 0 0 0 586 1448292 2022121500
0.00 0 0 0 586 1448292 2022121500
0.00 0 0 0 586 1448292 2022121500
0.00 0 0 0 586 1448292 2022121500
0.00 0 0 0 586 1448292 2022121500
0.00 0 0 0 586 1448292 2022121500
0.00 0 0 0 586 1448292 2022121500
0.00 0 0 0 586 1448292 2022121500
0.00 0 0 0 586 1448292 2022121500
0.00 0 0 0 586 1448292 2022121500
0.00 0 0 0 586 1448292 2022121500
0.00 0 0 0 586 1448292 2022121500
0.00 0 0 0 586 1448292 2022121500
0.00 0 0 0 586 1448292 2022121500
0.00 0 0 0 586 1448292 2022121500
0.00 0 0 0 586 1448292 2022121500
0.00 0 0 0 586 1448292 2022121500
0.00 0 0 0 586 1448292 2022121500
0.00 0 0 0 586 1448292 2022121500
0.00 0 0 0 586 1448292 2022121500
0.00 0 0 0 586 1448292 2022121500
0.00 0 0 0 586 1448292 2022121500
0.00 0 0 0 586 1448292 2022121500
0.00 0 0 0 586 1448292 2022121500
0.00 0 0 0 586 1448292 2022121500
0.00 0 0 0 586 1448292 2022121500
0.00 0 0 0 586 1448292 2022121500
0.00 0 0 0 586 1448292 2022121500
0.00 0 0 0 586 1448292 2022121500
0.00 0 0 0 586 1448292 2022121500
0.00 0 0 0 586 1448292 2022121500
0.00 0 0 0 586 1448292 2022121500
0.00 0 0 0 586 1448292 2022121500
0.00 0 0 0 586 1448292 2022121500
0.00 0 0 0 586 1448292 2022121500
0.00 0 0 0 586 1448292 2022121500
0.00 0 0 0 586 1448292 2022121500
0.00 0 0 0 586 1448292 2022121500
0.00 0 0 0 586 1448292 2022121500
0.00 0 0 0 586 1448292 2022121500
0.00 0 0 0 586 1448292 2022121500
0.00 0 0 0 586 1448292 2022121500
0.00 0 0 0 586 1448292 2022121500
0.00 0 0 0 586 1448292 2022121500
0.00 0 0 0 586 1448292 2022121500
0.00 0 0 0 586 1448292 2022121500
0.00 0 0 0 586 1448292 2022121500
0.00 0 0 0 586 1448292 2022121500
0.00 0 0 0 586 1448292 2022121500
0.00 0 0 0 586 1448292 2022121500
0.00 0 0 0 586 1448292 2022121500
0.00 0 0 0 586 1448292 2022121500
0.00 0 0 0 586 1448292 2022121500
0.00 0 0 0 586 1448292 2022121500
0.00 0 0 0 586 1448292 2022121500
0.00 0 0 0 586 1448292 2022121500
0.00 0 0 0 586 1448292 2022121500
0.00 0 0 0 586 1448292 2022121500
0.00 0 0 0 586 1448292 2022121500
0.00 0 0 0 586 1448292 2022121500
0.00 0 0 0 586 1448292 2022121500
0.00 0 0 0 586 1448292 2022121500
0.00 0 0 0 586 1448292 2022121500
0.00 0 0 0 586 1448292 2022121500
0.00 0 0 0 586 1448292 2022121500
0.00 0 0 0 586 1448292 2022121500
0.00 0 0 0 586 1448292 2022121500
0.00 0 0 0 586 1448292 2022121500
0.00 0 0 0 586 1448292 2022121500
0.00 0 0 0 586 1448292 2022121500
267 26 0 28 1274 120031 2022121500
0.00 0 0 0 1274 120031 2022121500
0.00 0 0 0 1274 120031 2022121500
0.00 0 0 0 1274 120031 2022121500
0.00 0 0 0 1274 120031 2022121500
218 21 0 10 88 118983 2022121500
0.00 0 0 0 88 118983 2022121500
0.00 0 0 0 88 118983 2022121500
192 19 0 0 923 119069 2022121500
0.00 0 0 0 923 119069 2022121500
135 13 0 0 939 118277 2022121500
0.00 0 0 0 943 118277 2022121500
21.0 2 0 0 943 118757 2022121500
140 14 0 0 967 117428 2022121500
0.00 0 0 0 967 117428 2022121500
0.00 0 0 0 967 117428 2022121500
7.34 430 1 237 967 117428 2022121500
