8.47 1 0 0 27 119107 2022121502
5.20 1 1 0 110 119022 2022121502
8.58 1 0 0 110 119022 2022121502
18.6 2 0 0 184 118182 2022121502
32.6 4 0 0 299 117432 2022121502
10.5 1 0 0 368 118976 2022121502
98.6 10 0 0 679 118732 2022121502
88.3 9 0 0 901 117623 2022121502
151 15 0 0 1024 117301 2022121502
26.0 3 0 0 1041 119057 2022121502
57.2 6 0 0 1059 117237 2022121502
26.0 3 0 0 1093 117820 2022121502
104 11 0 0 1107 117382 2022121502
52.0 5 0 0 1107 117433 2022121502
52.0 5 0 0 1199 117812 2022121502
0.00 0 0 0 1199 117812 2022121502
145 14 0 0 1234 648195 2022121502
0.00 0 0 0 1234 648195 2022121502
0.00 0 0 0 1234 648195 2022121502
0.00 0 0 0 1234 648195 2022121502
252 24 0 0 1234 648195 2022121502
0.00 0 0 0 1234 648195 2022121502
0.00 0 0 0 1234 648195 2022121502
0.00 0 0 0 1234 648195 2022121502
0.00 0 0 0 1234 648195 2022121502
0.00 0 0 0 1234 648195 2022121502
0.00 0 0 0 1234 648195 2022121502
0.00 0 0 0 1234 648195 2022121502
88.8 9 0 0 1234 117339 2022121502
10.4 1 0 0 1234 117294 2022121502
31.2 3 0 0 1234 117242 2022121502
52.0 5 0 0 1234 117163 2022121502
57.2 6 0 0 1234 117246 2022121502
109 11 0 0 1234 117245 2022121502
67.6 7 0 0 1234 117451 2022121502
46.8 5 0 0 1234 117497 2022121502
114 12 0 0 1234 117256 2022121502
52.0 5 0 0 1253 117086 2022121502
57.2 6 0 0 1253 117275 2022121502
67.6 7 0 0 1253 117637 2022121502
120 12 0 0 1253 117015 2022121502
67.6 7 0 0 1253 117354 2022121502
62.4 6 0 0 1253 113702 2022121502
57.2 6 0 0 1253 117357 2022121502
130 13 0 0 1253 113719 2022121502
52.0 5 0 0 1253 113807 2022121502
67.6 7 0 0 1253 113694 2022121502
57.2 6 0 0 1253 8574354 2022121502
0.00 0 0 0 1253 8574354 2022121502
0.00 0 0 0 1253 8574354 2022121502
52.4 5 0 0 1253 8574354 2022121502
0.00 0 0 0 1253 8574354 2022121502
0.00 0 0 0 1253 8574354 2022121502
0.00 0 0 0 1253 8574354 2022121502
0.00 0 0 0 1253 8574354 2022121502
0.00 0 0 0 1253 8574354 2022121502
0.00 0 0 0 1253 8574354 2022121502
0.00 0 0 0 1253 8574354 2022121502
0.00 0 0 0 1253 8574354 2022121502
0.00 0 0 0 1253 8574354 2022121502
0.00 0 0 0 1253 8574354 2022121502
0.00 0 0 0 1253 8574354 2022121502
0.00 0 0 0 1253 8574354 2022121502
0.00 0 0 0 1253 8574354 2022121502
0.00 0 0 0 1253 8574354 2022121502
0.00 0 0 0 1253 8574354 2022121502
0.00 0 0 0 1253 8574354 2022121502
0.00 0 0 0 1253 8574354 2022121502
0.00 0 0 0 1253 8574354 2022121502
0.00 0 0 0 1253 8574354 2022121502
0.00 0 0 0 1253 8574354 2022121502
0.00 0 0 0 1253 8574354 2022121502
0.00 0 0 0 1253 8574354 2022121502
0.00 0 0 0 1253 8574354 2022121502
0.00 0 0 0 1253 8574354 2022121502
0.00 0 0 0 1253 8574354 2022121502
0.00 0 0 0 1253 8574354 2022121502
0.00 0 0 0 1253 8574354 2022121502
0.00 0 0 0 1253 8574354 2022121502
0.00 0 0 0 1253 8574354 2022121502
0.00 0 0 0 1253 8574354 2022121502
0.00 0 0 0 1253 8574354 2022121502
0.00 0 0 0 1253 8574354 2022121502
0.00 0 0 0 1253 8574354 2022121502
0.00 0 0 0 1253 8574354 2022121502
0.00 0 0 0 1253 8574354 2022121502
0.00 0 0 0 1253 8574354 2022121502
0.00 0 0 0 1253 8574354 2022121502
0.00 0 0 0 1253 8574354 2022121502
0.00 0 0 0 1253 8574354 2022121502
0.00 0 0 0 1253 8574354 2022121502
0.00 0 0 0 1253 8574354 2022121502
0.00 0 0 0 1253 8574354 2022121502
0.00 0 0 0 1253 8574354 2022121502
0.00 0 0 0 1253 8574354 2022121502
0.00 0 0 0 1253 8574354 2022121502
0.00 0 0 0 1253 8574354 2022121502
0.00 0 0 0 1253 8574354 2022121502
0.00 0 0 0 1253 8574354 2022121502
0.00 0 0 0 1253 8574354 2022121502
0.00 0 0 0 1253 8574354 2022121502
0.00 0 0 0 1253 8574354 2022121502
0.00 0 0 0 1253 8574354 2022121502
0.00 0 0 0 1253 8574354 2022121502
0.00 0 0 0 1253 8574354 2022121502
0.00 0 0 0 1253 8574354 2022121502
0.00 0 0 0 1253 8574354 2022121502
0.00 0 0 0 1253 8574354 2022121502
0.00 0 0 0 1253 8574354 2022121502
0.00 0 0 0 1253 8574354 2022121502
0.00 0 0 0 1253 8574354 2022121502
0.00 0 0 0 1253 8574354 2022121502
0.00 0 0 0 1253 8574354 2022121502
0.00 0 0 0 1253 8574354 2022121502
0.00 0 0 0 1253 8574354 2022121502
0.00 0 0 0 1253 8574354 2022121502
0.00 0 0 0 1253 8574354 2022121502
0.00 0 0 0 1253 8574354 2022121502
0.00 0 0 0 1253 8574354 2022121502
0.00 0 0 0 1253 8574354 2022121502
0.00 0 0 0 1253 8574354 2022121502
0.00 0 0 0 1253 8574354 2022121502
0.00 0 0 0 1253 8574354 2022121502
0.00 0 0 0 1253 8574354 2022121502
0.00 0 0 0 1253 8574354 2022121502
0.00 0 0 0 1253 8574354 2022121502
0.00 0 0 0 1253 8574354 2022121502
0.00 0 0 0 1253 8574354 2022121502
0.00 0 0 0 1253 8574354 2022121502
0.00 0 0 0 1253 8574354 2022121502
0.00 0 0 0 1253 8574354 2022121502
0.00 0 0 0 1253 8574354 2022121502
0.00 0 0 0 1253 8574354 2022121502
0.00 0 0 0 1253 8574354 2022121502
0.00 0 0 0 1253 8574354 2022121502
0.00 0 0 0 1253 8574354 2022121502
0.00 0 0 0 1253 8574354 2022121502
0.00 0 0 0 1253 8574354 2022121502
0.00 0 0 0 1253 8574354 2022121502
259 25 0 0 1253 3106922 2022121502
0.00 0 0 0 1253 3106922 2022121502
0.00 0 0 0 1253 3106922 2022121502
0.00 0 0 0 1253 3106922 2022121502
0.00 0 0 0 1253 3106922 2022121502
0.00 0 0 0 1253 3106922 2022121502
0.00 0 0 0 1253 3106922 2022121502
0.00 0 0 0 1253 3106922 2022121502
0.00 0 0 0 1253 3106922 2022121502
0.00 0 0 0 1253 3106922 2022121502
83.9 8 0 0 1253 3106922 2022121502
0.00 0 0 0 1253 3106922 2022121502
0.00 0 0 0 1253 3106922 2022121502
0.00 0 0 0 1253 3106922 2022121502
0.00 0 0 0 1253 3106922 2022121502
0.00 0 0 0 1253 3106922 2022121502
0.00 0 0 0 1253 3106922 2022121502
0.00 0 0 0 1253 3106922 2022121502
0.00 0 0 0 1253 3106922 2022121502
0.00 0 0 0 1253 3106922 2022121502
0.00 0 0 0 1253 3106922 2022121502
0.00 0 0 0 1253 3106922 2022121502
0.00 0 0 0 1253 3106922 2022121502
0.00 0 0 0 1253 3106922 2022121502
0.00 0 0 0 1253 3106922 2022121502
0.00 0 0 0 1253 3106922 2022121502
0.00 0 0 0 1253 3106922 2022121502
0.00 0 0 0 1253 3106922 2022121502
0.00 0 0 0 1253 3106922 2022121502
0.00 0 0 0 1253 3106922 2022121502
0.00 0 0 0 1253 3106922 2022121502
0.00 0 0 0 1253 3106922 2022121502
0.00 0 0 0 1253 3106922 2022121502
0.00 0 0 0 1253 3106922 2022121502
0.00 0 0 0 1253 3106922 2022121502
0.00 0 0 0 1253 3106922 2022121502
0.00 0 0 0 1253 3106922 2022121502
0.00 0 0 0 1253 3106922 2022121502
0.00 0 0 0 1253 3106922 2022121502
0.00 0 0 0 1253 3106922 2022121502
0.00 0 0 0 1253 3106922 2022121502
0.00 0 0 0 1253 3106922 2022121502
0.00 0 0 0 1253 3106922 2022121502
0.00 0 0 0 1253 3106922 2022121502
0.00 0 0 0 1253 3106922 2022121502
0.00 0 0 0 1253 3106922 2022121502
0.00 0 0 0 1253 3106922 2022121502
0.00 0 0 0 1253 3106922 2022121502
0.00 0 0 0 1253 3106922 2022121502
0.00 0 0 0 1253 3106922 2022121502
0.00 0 0 0 1253 3106922 2022121502
0.00 0 0 0 1253 3106922 2022121502
0.00 0 0 0 1253 3106922 2022121502
0.00 0 0 0 1253 3106922 2022121502
0.00 0 0 0 1253 3106922 2022121502
0.00 0 0 0 1253 3106922 2022121502
0.00 0 0 0 1253 3106922 2022121502
0.00 0 0 0 1253 3106922 2022121502
0.00 0 0 0 1253 3106922 2022121502
0.00 0 0 0 1253 3106922 2022121502
0.00 0 0 0 1253 3106922 2022121502
0.00 0 0 0 1253 3106922 2022121502
0.00 0 0 0 1253 3106922 2022121502
0.00 0 0 0 1253 3106922 2022121502
0.00 0 0 0 1253 3106922 2022121502
0.00 0 0 0 1253 3106922 2022121502
0.00 0 0 0 1253 3106922 2022121502
0.00 0 0 0 1253 3106922 2022121502
0.00 0 0 0 1253 3106922 2022121502
0.00 0 0 0 1253 3106922 2022121502
0.00 0 0 0 1253 3106922 2022121502
0.00 0 0 0 1253 3106922 2022121502
0.00 0 0 0 1253 3106922 2022121502
0.00 0 0 0 1253 3106922 2022121502
0.00 0 0 0 1253 3106922 2022121502
0.00 0 0 0 1253 3106922 2022121502
0.00 0 0 0 1253 3106922 2022121502
0.00 0 0 0 1253 3106922 2022121502
0.00 0 0 0 1253 3106922 2022121502
0.00 0 0 0 1253 3106922 2022121502
0.00 0 0 0 1253 3106922 2022121502
0.00 0 0 0 1253 3106922 2022121502
0.00 0 0 0 1253 3106922 2022121502
0.00 0 0 0 1253 3106922 2022121502
0.00 0 0 0 1253 3106922 2022121502
0.00 0 0 0 1253 3106922 2022121502
0.00 0 0 0 1253 3106922 2022121502
0.00 0 0 0 1253 3106922 2022121502
0.00 0 0 0 1253 3106922 2022121502
0.00 0 0 0 1253 3106922 2022121502
0.00 0 0 0 1253 3106922 2022121502
0.00 0 0 0 1253 3106922 2022121502
0.00 0 0 0 1253 3106922 2022121502
0.00 0 0 0 1253 3106922 2022121502
0.00 0 0 0 1253 3106922 2022121502
0.00 0 0 0 1253 3106922 2022121502
0.00 0 0 0 1253 3106922 2022121502
0.00 0 0 0 1253 3106922 2022121502
0.00 0 0 0 1253 3106922 2022121502
0.00 0 0 0 1253 3106922 2022121502
0.00 0 0 0 1253 3106922 2022121502
21.0 2 0 0 1253 1424947 2022121502
0.00 0 0 0 1243 1424947 2022121502
0.00 0 0 0 1243 1424947 2022121502
0.00 0 0 0 1243 1424947 2022121502
0.00 0 0 0 1243 1424947 2022121502
0.00 0 0 0 1243 1424947 2022121502
0.00 0 0 0 1243 1424947 2022121502
0.00 0 0 0 1243 1424947 2022121502
0.00 0 0 0 1243 1424947 2022121502
0.00 0 0 0 1243 1424947 2022121502
0.00 0 0 0 1243 1424947 2022121502
0.00 0 0 0 1243 1424947 2022121502
0.00 0 0 0 1243 1424947 2022121502
0.00 0 0 0 1243 1424947 2022121502
0.00 0 0 0 1243 1424947 2022121502
0.00 0 0 0 1243 1424947 2022121502
0.00 0 0 0 1243 1424947 2022121502
0.00 0 0 0 1243 1424947 2022121502
0.00 0 0 0 1243 1424947 2022121502
0.00 0 0 0 1243 1424947 2022121502
0.00 0 0 0 1243 1424947 2022121502
0.00 0 0 0 1243 1424947 2022121502
0.00 0 0 0 1243 1424947 2022121502
0.00 0 0 0 1243 1424947 2022121502
0.00 0 0 0 1243 1424947 2022121502
0.00 0 0 0 1243 1424947 2022121502
0.00 0 0 0 1243 1424947 2022121502
0.00 0 0 0 1243 1424947 2022121502
0.00 0 0 0 1243 1424947 2022121502
0.00 0 0 0 1243 1424947 2022121502
0.00 0 0 0 1243 1424947 2022121502
0.00 0 0 0 1243 1424947 2022121502
0.00 0 0 0 1243 1424947 2022121502
0.00 0 0 0 1243 1424947 2022121502
0.00 0 0 0 1243 1424947 2022121502
0.00 0 0 0 1243 1424947 2022121502
0.00 0 0 0 1243 1424947 2022121502
0.00 0 0 0 1243 1424947 2022121502
0.00 0 0 0 1243 1424947 2022121502
0.00 0 0 0 1243 1424947 2022121502
0.00 0 0 0 1243 1424947 2022121502
0.00 0 0 0 1243 1424947 2022121502
0.00 0 0 0 1243 1424947 2022121502
0.00 0 0 0 1243 1424947 2022121502
0.00 0 0 0 1243 1424947 2022121502
0.00 0 0 0 1243 1424947 2022121502
0.00 0 0 0 1243 1424947 2022121502
0.00 0 0 0 1243 1424947 2022121502
0.00 0 0 0 1243 1424947 2022121502
0.00 0 0 0 1243 1424947 2022121502
0.00 0 0 0 1243 1424947 2022121502
0.00 0 0 0 1243 1424947 2022121502
0.00 0 0 0 1243 1424947 2022121502
0.00 0 0 0 1243 1424947 2022121502
0.00 0 0 0 1243 1424947 2022121502
0.00 0 0 0 1243 1424947 2022121502
0.00 0 0 0 1243 1424947 2022121502
0.00 0 0 0 1243 1424947 2022121502
0.00 0 0 0 1243 1424947 2022121502
0.00 0 0 0 1243 1424947 2022121502
0.00 0 0 0 1243 1424947 2022121502
0.00 0 0 0 1243 1424947 2022121502
0.00 0 0 0 1243 1424947 2022121502
0.00 0 0 0 1243 1424947 2022121502
0.00 0 0 0 1243 1424947 2022121502
0.00 0 0 0 1243 1424947 2022121502
0.00 0 0 0 1243 1424947 2022121502
0.00 0 0 0 1243 1424947 2022121502
0.00 0 0 0 1243 1424947 2022121502
0.00 0 0 0 1243 1424947 2022121502
0.00 0 0 0 1243 1424947 2022121502
0.00 0 0 0 1243 1424947 2022121502
0.00 0 0 0 1243 1424947 2022121502
0.00 0 0 0 1243 1424947 2022121502
0.00 0 0 0 1243 1424947 2022121502
0.00 0 0 0 1243 1424947 2022121502
0.00 0 0 0 1243 1424947 2022121502
0.00 0 0 0 1243 1424947 2022121502
0.00 0 0 0 1243 1424947 2022121502
0.00 0 0 0 1243 1424947 2022121502
0.00 0 0 0 1243 1424947 2022121502
0.00 0 0 0 1243 1424947 2022121502
0.00 0 0 0 1243 1424947 2022121502
0.00 0 0 0 1243 1424947 2022121502
0.00 0 0 0 1243 1424947 2022121502
0.00 0 0 0 1243 1424947 2022121502
0.00 0 0 0 1243 1424947 2022121502
0.00 0 0 0 1243 1424947 2022121502
0.00 0 0 0 1243 1424947 2022121502
0.00 0 0 0 1243 1424947 2022121502
0.00 0 0 0 1243 1424947 2022121502
0.00 0 0 0 1243 1424947 2022121502
0.00 0 0 0 1243 1424947 2022121502
0.00 0 0 0 1243 1424947 2022121502
0.00 0 0 0 1243 1424947 2022121502
0.00 0 0 0 1243 1424947 2022121502
0.00 0 0 0 1243 1424947 2022121502
0.00 0 0 0 1243 1424947 2022121502
0.00 0 0 0 1243 1424947 2022121502
0.00 0 0 0 1243 1424947 2022121502
0.00 0 0 0 1243 1424947 2022121502
0.00 0 0 0 1243 1424947 2022121502
0.00 0 0 0 1243 1424947 2022121502
0.00 0 0 0 1243 1424947 2022121502
0.00 0 0 0 1243 1424947 2022121502
0.00 0 0 0 1243 1424947 2022121502
0.00 0 0 0 1243 1424947 2022121502
0.00 0 0 0 1243 1424947 2022121502
0.00 0 0 0 1243 1424947 2022121502
0.00 0 0 0 1243 1424947 2022121502
0.00 0 0 0 1243 1424947 2022121502
0.00 0 0 0 1243 1424947 2022121502
10.5 1 0 0 1243 1424947 2022121502
0.00 0 0 0 1243 1424947 2022121502
0.00 0 0 0 1243 1424947 2022121502
0.00 0 0 0 1243 1424947 2022121502
0.00 0 0 0 1243 1424947 2022121502
0.00 0 0 0 1243 1424947 2022121502
0.00 0 0 0 1243 1424947 2022121502
0.00 0 0 0 1243 1424947 2022121502
0.00 0 0 0 1243 1424947 2022121502
0.00 0 0 0 1243 1424947 2022121502
0.00 0 0 0 1243 1424947 2022121502
0.00 0 0 0 1243 1424947 2022121502
0.00 0 0 0 1243 1424947 2022121502
0.00 0 0 0 1243 1424947 2022121502
0.00 0 0 0 1243 1424947 2022121502
0.00 0 0 0 1243 1424947 2022121502
0.00 0 0 0 1243 1424947 2022121502
0.00 0 0 0 1243 1424947 2022121502
0.00 0 0 0 1243 1424947 2022121502
0.00 0 0 0 1243 1424947 2022121502
0.00 0 0 0 1243 1424947 2022121502
0.00 0 0 0 1243 1424947 2022121502
0.00 0 0 0 1243 1424947 2022121502
0.00 0 0 0 1243 1424947 2022121502
0.00 0 0 0 1243 1424947 2022121502
0.00 0 0 0 1243 1424947 2022121502
0.00 0 0 0 1243 1424947 2022121502
0.00 0 0 0 1243 1424947 2022121502
0.00 0 0 0 1243 1424947 2022121502
0.00 0 0 0 1243 1424947 2022121502
0.00 0 0 0 1243 1424947 2022121502
0.00 0 0 0 1243 1424947 2022121502
0.00 0 0 0 1243 1424947 2022121502
0.00 0 0 0 1243 1424947 2022121502
0.00 0 0 0 1243 1424947 2022121502
0.00 0 0 0 1243 1424947 2022121502
0.00 0 0 0 1243 1424947 2022121502
0.00 0 0 0 1243 1424947 2022121502
0.00 0 0 0 1243 1424947 2022121502
0.00 0 0 0 1243 1424947 2022121502
0.00 0 0 0 1243 1424947 2022121502
0.00 0 0 0 1243 1424947 2022121502
0.00 0 0 0 1243 1424947 2022121502
0.00 0 0 0 1243 1424947 2022121502
0.00 0 0 0 1243 1424947 2022121502
0.00 0 0 0 1243 1424947 2022121502
0.00 0 0 0 1243 1424947 2022121502
0.00 0 0 0 1243 1424947 2022121502
0.00 0 0 0 1243 1424947 2022121502
0.00 0 0 0 1243 1424947 2022121502
0.00 0 0 0 1243 1424947 2022121502
0.00 0 0 0 1243 1424947 2022121502
0.00 0 0 0 1243 1424947 2022121502
0.00 0 0 0 1243 1424947 2022121502
0.00 0 0 0 1243 1424947 2022121502
0.00 0 0 0 1243 1424947 2022121502
0.00 0 0 0 1243 1424947 2022121502
0.00 0 0 0 1243 1424947 2022121502
0.00 0 0 0 1243 1424947 2022121502
0.00 0 0 0 1243 1424947 2022121502
0.00 0 0 0 1243 1424947 2022121502
0.00 0 0 0 1243 1424947 2022121502
0.00 0 0 0 1243 1424947 2022121502
0.00 0 0 0 1243 1424947 2022121502
0.00 0 0 0 1243 1424947 2022121502
0.00 0 0 0 1243 1424947 2022121502
0.00 0 0 0 1243 1424947 2022121502
0.00 0 0 0 1243 1424947 2022121502
0.00 0 0 0 1243 1424947 2022121502
0.00 0 0 0 1243 1424947 2022121502
0.00 0 0 0 1243 1424947 2022121502
0.00 0 0 0 1243 1424947 2022121502
0.00 0 0 0 1243 1424947 2022121502
0.00 0 0 0 1243 1424947 2022121502
0.00 0 0 0 1243 1424947 2022121502
0.00 0 0 0 1243 1424947 2022121502
0.00 0 0 0 1243 1424947 2022121502
0.00 0 0 0 1243 1424947 2022121502
0.00 0 0 0 1243 1424947 2022121502
0.00 0 0 0 1243 1424947 2022121502
0.00 0 0 0 1243 1424947 2022121502
0.00 0 0 0 1243 1424947 2022121502
0.00 0 0 0 1243 1424947 2022121502
0.00 0 0 0 1243 1424947 2022121502
0.00 0 0 0 1243 1424947 2022121502
0.00 0 0 0 1243 1424947 2022121502
0.00 0 0 0 1243 1424947 2022121502
0.00 0 0 0 1243 1424947 2022121502
0.00 0 0 0 1243 1424947 2022121502
0.00 0 0 0 1243 1424947 2022121502
0.00 0 0 0 1243 1424947 2022121502
0.00 0 0 0 1243 1424947 2022121502
0.00 0 0 0 1243 1424947 2022121502
0.00 0 0 0 1243 1424947 2022121502
0.00 0 0 0 1243 1424947 2022121502
0.00 0 0 0 1243 1424947 2022121502
0.00 0 0 0 1243 1424947 2022121502
0.00 0 0 0 1243 1424947 2022121502
0.00 0 0 0 1243 1424947 2022121502
0.00 0 0 0 1243 1424947 2022121502
0.00 0 0 0 1243 1424947 2022121502
0.00 0 0 0 1243 1424947 2022121502
0.00 0 0 0 1243 1424947 2022121502
0.00 0 0 0 1243 1424947 2022121502
0.00 0 0 0 1243 1424947 2022121502
0.00 0 0 0 1243 1424947 2022121502
283 27 0 20 1147 117400 2022121502
0.00 0 0 0 1147 117400 2022121502
0.00 0 0 0 1147 117400 2022121502
0.00 0 0 0 1147 117400 2022121502
235 23 0 38 814 9409075 2022121502
0.00 0 0 0 823 9409075 2022121502
0.00 0 0 0 823 9409075 2022121502
0.00 0 0 0 823 9409075 2022121502
178 17 0 0 823 9409075 2022121502
0.00 0 0 0 823 9409075 2022121502
0.00 0 0 0 823 9409075 2022121502
0.00 0 0 0 823 9409075 2022121502
0.00 0 0 0 823 9409075 2022121502
0.00 0 0 0 823 9409075 2022121502
0.00 0 0 0 823 9409075 2022121502
0.00 0 0 0 823 9409075 2022121502
0.00 0 0 0 823 9409075 2022121502
0.00 0 0 0 823 9409075 2022121502
0.00 0 0 0 823 9409075 2022121502
0.00 0 0 0 823 9409075 2022121502
0.00 0 0 0 823 9409075 2022121502
0.00 0 0 0 823 9409075 2022121502
0.00 0 0 0 823 9409075 2022121502
0.00 0 0 0 823 9409075 2022121502
0.00 0 0 0 823 9409075 2022121502
0.00 0 0 0 823 9409075 2022121502
0.00 0 0 0 823 9409075 2022121502
0.00 0 0 0 823 9409075 2022121502
0.00 0 0 0 823 9409075 2022121502
0.00 0 0 0 823 9409075 2022121502
0.00 0 0 0 823 9409075 2022121502
0.00 0 0 0 823 9409075 2022121502
0.00 0 0 0 823 9409075 2022121502
0.00 0 0 0 823 9409075 2022121502
0.00 0 0 0 823 9409075 2022121502
0.00 0 0 0 823 9409075 2022121502
0.00 0 0 0 823 9409075 2022121502
0.00 0 0 0 823 9409075 2022121502
0.00 0 0 0 823 9409075 2022121502
0.00 0 0 0 823 9409075 2022121502
0.00 0 0 0 823 9409075 2022121502
0.00 0 0 0 823 9409075 2022121502
0.00 0 0 0 823 9409075 2022121502
0.00 0 0 0 823 9409075 2022121502
0.00 0 0 0 823 9409075 2022121502
0.00 0 0 0 823 9409075 2022121502
0.00 0 0 0 823 9409075 2022121502
0.00 0 0 0 823 9409075 2022121502
0.00 0 0 0 823 9409075 2022121502
0.00 0 0 0 823 9409075 2022121502
0.00 0 0 0 823 9409075 2022121502
0.00 0 0 0 823 9409075 2022121502
0.00 0 0 0 823 9409075 2022121502
0.00 0 0 0 823 9409075 2022121502
0.00 0 0 0 823 9409075 2022121502
0.00 0 0 0 823 9409075 2022121502
0.00 0 0 0 823 9409075 2022121502
0.00 0 0 0 823 9409075 2022121502
0.00 0 0 0 823 9409075 2022121502
0.00 0 0 0 823 9409075 2022121502
0.00 0 0 0 823 9409075 2022121502
0.00 0 0 0 823 9409075 2022121502
0.00 0 0 0 823 9409075 2022121502
0.00 0 0 0 823 9409075 2022121502
0.00 0 0 0 823 9409075 2022121502
0.00 0 0 0 823 9409075 2022121502
0.00 0 0 0 823 9409075 2022121502
0.00 0 0 0 823 9409075 2022121502
0.00 0 0 0 823 9409075 2022121502
0.00 0 0 0 823 9409075 2022121502
0.00 0 0 0 823 9409075 2022121502
0.00 0 0 0 823 9409075 2022121502
0.00 0 0 0 823 9409075 2022121502
0.00 0 0 0 823 9409075 2022121502
0.00 0 0 0 823 9409075 2022121502
0.00 0 0 0 823 9409075 2022121502
0.00 0 0 0 823 9409075 2022121502
0.00 0 0 0 823 9409075 2022121502
0.00 0 0 0 823 9409075 2022121502
0.00 0 0 0 823 9409075 2022121502
0.00 0 0 0 823 9409075 2022121502
0.00 0 0 0 823 9409075 2022121502
0.00 0 0 0 823 9409075 2022121502
0.00 0 0 0 823 9409075 2022121502
0.00 0 0 0 823 9409075 2022121502
0.00 0 0 0 823 9409075 2022121502
0.00 0 0 0 823 9409075 2022121502
0.00 0 0 0 823 9409075 2022121502
0.00 0 0 0 823 9409075 2022121502
0.00 0 0 0 823 9409075 2022121502
0.00 0 0 0 823 9409075 2022121502
0.00 0 0 0 823 9409075 2022121502
0.00 0 0 0 823 9409075 2022121502
0.00 0 0 0 823 9409075 2022121502
0.00 0 0 0 823 9409075 2022121502
0.00 0 0 0 823 9409075 2022121502
0.00 0 0 0 823 9409075 2022121502
0.00 0 0 0 823 9409075 2022121502
0.00 0 0 0 823 9409075 2022121502
0.00 0 0 0 823 9409075 2022121502
0.00 0 0 0 823 9409075 2022121502
0.00 0 0 0 823 9409075 2022121502
0.00 0 0 0 823 9409075 2022121502
0.00 0 0 0 823 9409075 2022121502
0.00 0 0 0 823 9409075 2022121502
0.00 0 0 0 823 9409075 2022121502
0.00 0 0 0 823 9409075 2022121502
0.00 0 0 0 823 9409075 2022121502
0.00 0 0 0 823 9409075 2022121502
0.00 0 0 0 823 9409075 2022121502
134 13 0 0 842 119395 2022121502
0.00 0 0 0 842 119395 2022121502
0.00 0 0 0 842 119395 2022121502
57.2 6 0 0 843 118818 2022121502
72.7 7 0 0 857 117641 2022121502
0.00 0 0 0 857 117641 2022121502
67.6 7 0 0 868 117937 2022121502
109 11 0 0 875 117459 2022121502
72.7 7 0 0 879 15776947 2022121502
0.00 0 0 0 1170 15776947 2022121502
10.5 1 0 0 1170 15776947 2022121502
0.00 0 0 0 1170 15776947 2022121502
0.00 0 0 0 1170 15776947 2022121502
0.00 0 0 0 1170 15776947 2022121502
0.00 0 0 0 1170 15776947 2022121502
0.00 0 0 0 1170 15776947 2022121502
0.00 0 0 0 1170 15776947 2022121502
0.00 0 0 0 1170 15776947 2022121502
0.00 0 0 0 1170 15776947 2022121502
0.00 0 0 0 1170 15776947 2022121502
0.00 0 0 0 1170 15776947 2022121502
0.00 0 0 0 1170 15776947 2022121502
0.00 0 0 0 1170 15776947 2022121502
0.00 0 0 0 1170 15776947 2022121502
0.00 0 0 0 1170 15776947 2022121502
0.00 0 0 0 1170 15776947 2022121502
0.00 0 0 0 1170 15776947 2022121502
0.00 0 0 0 1170 15776947 2022121502
0.00 0 0 0 1170 15776947 2022121502
0.00 0 0 0 1170 15776947 2022121502
0.00 0 0 0 1170 15776947 2022121502
0.00 0 0 0 1170 15776947 2022121502
0.00 0 0 0 1170 15776947 2022121502
0.00 0 0 0 1170 15776947 2022121502
0.00 0 0 0 1170 15776947 2022121502
0.00 0 0 0 1170 15776947 2022121502
0.00 0 0 0 1170 15776947 2022121502
0.00 0 0 0 1170 15776947 2022121502
0.00 0 0 0 1170 15776947 2022121502
0.00 0 0 0 1170 15776947 2022121502
0.00 0 0 0 1170 15776947 2022121502
0.00 0 0 0 1170 15776947 2022121502
0.00 0 0 0 1170 15776947 2022121502
0.00 0 0 0 1170 15776947 2022121502
0.00 0 0 0 1170 15776947 2022121502
0.00 0 0 0 1170 15776947 2022121502
0.00 0 0 0 1170 15776947 2022121502
0.00 0 0 0 1170 15776947 2022121502
0.00 0 0 0 1170 15776947 2022121502
0.00 0 0 0 1170 15776947 2022121502
0.00 0 0 0 1170 15776947 2022121502
0.00 0 0 0 1170 15776947 2022121502
0.00 0 0 0 1170 15776947 2022121502
0.00 0 0 0 1170 15776947 2022121502
0.00 0 0 0 1170 15776947 2022121502
0.00 0 0 0 1170 15776947 2022121502
0.00 0 0 0 1170 15776947 2022121502
0.00 0 0 0 1170 15776947 2022121502
0.00 0 0 0 1170 15776947 2022121502
0.00 0 0 0 1170 15776947 2022121502
0.00 0 0 0 1170 15776947 2022121502
0.00 0 0 0 1170 15776947 2022121502
0.00 0 0 0 1170 15776947 2022121502
0.00 0 0 0 1170 15776947 2022121502
0.00 0 0 0 1170 15776947 2022121502
0.00 0 0 0 1170 15776947 2022121502
0.00 0 0 0 1170 15776947 2022121502
0.00 0 0 0 1170 15776947 2022121502
0.00 0 0 0 1170 15776947 2022121502
0.00 0 0 0 1170 15776947 2022121502
0.00 0 0 0 1170 15776947 2022121502
0.00 0 0 0 1170 15776947 2022121502
0.00 0 0 0 1170 15776947 2022121502
0.00 0 0 0 1170 15776947 2022121502
0.00 0 0 0 1170 15776947 2022121502
0.00 0 0 0 1170 15776947 2022121502
0.00 0 0 0 1170 15776947 2022121502
0.00 0 0 0 1170 15776947 2022121502
0.00 0 0 0 1170 15776947 2022121502
0.00 0 0 0 1170 15776947 2022121502
0.00 0 0 0 1170 15776947 2022121502
0.00 0 0 0 1170 15776947 2022121502
0.00 0 0 0 1170 15776947 2022121502
0.00 0 0 0 1170 15776947 2022121502
0.00 0 0 0 1170 15776947 2022121502
0.00 0 0 0 1170 15776947 2022121502
0.00 0 0 0 1170 15776947 2022121502
0.00 0 0 0 1170 15776947 2022121502
0.00 0 0 0 1170 15776947 2022121502
0.00 0 0 0 1170 15776947 2022121502
0.00 0 0 0 1170 15776947 2022121502
0.00 0 0 0 1170 15776947 2022121502
0.00 0 0 0 1170 15776947 2022121502
0.00 0 0 0 1170 15776947 2022121502
0.00 0 0 0 1170 15776947 2022121502
0.00 0 0 0 1170 15776947 2022121502
0.00 0 0 0 1170 15776947 2022121502
0.00 0 0 0 1170 15776947 2022121502
0.00 0 0 0 1286 117076 2022121502
0.00 0 0 0 1286 117076 2022121502
0.00 0 0 0 1286 117076 2022121502
0.00 0 0 0 1286 117076 2022121502
0.00 0 0 0 1286 117076 2022121502
0.00 0 0 0 1286 117076 2022121502
0.00 0 0 0 1286 117076 2022121502
0.00 0 0 0 1286 117076 2022121502
0.00 0 0 0 1286 117076 2022121502
0.00 0 0 0 1286 117076 2022121502
0.00 0 0 0 1286 117076 2022121502
0.00 0 0 0 1286 117076 2022121502
0.00 0 0 0 1286 117076 2022121502
0.00 0 0 0 1286 117076 2022121502
0.00 0 0 0 1286 117076 2022121502
0.00 0 0 0 1286 117076 2022121502
0.00 0 0 0 1286 117076 2022121502
0.00 0 0 0 1286 117076 2022121502
0.00 0 0 0 1286 117076 2022121502
0.00 0 0 0 1286 117076 2022121502
0.00 0 0 0 1286 117076 2022121502
0.00 0 0 0 1286 117076 2022121502
0.00 0 0 0 1286 117076 2022121502
0.00 0 0 0 1286 117076 2022121502
0.00 0 0 0 1286 117076 2022121502
0.00 0 0 0 1286 117076 2022121502
0.00 0 0 0 1286 117076 2022121502
0.00 0 0 0 1286 117076 2022121502
0.00 0 0 0 1286 117076 2022121502
0.00 0 0 0 1286 117076 2022121502
0.00 0 0 0 1286 117076 2022121502
0.00 0 0 0 1286 117076 2022121502
0.00 0 0 0 1286 117076 2022121502
0.00 0 0 0 1286 117076 2022121502
0.00 0 0 0 1286 117076 2022121502
0.00 0 0 0 1286 117076 2022121502
0.00 0 0 0 1286 117076 2022121502
0.00 0 0 0 1286 117076 2022121502
0.00 0 0 0 1286 117076 2022121502
0.00 0 0 0 1286 117076 2022121502
0.00 0 0 0 1286 117076 2022121502
0.00 0 0 0 1286 117076 2022121502
0.00 0 0 0 1286 117076 2022121502
0.00 0 0 0 1286 117076 2022121502
0.00 0 0 0 1286 117076 2022121502
0.00 0 0 0 1286 117076 2022121502
0.00 0 0 0 1286 117076 2022121502
0.00 0 0 0 1286 117076 2022121502
0.00 0 0 0 1286 117076 2022121502
0.00 0 0 0 1286 117076 2022121502
0.00 0 0 0 1286 117076 2022121502
0.00 0 0 0 1286 117076 2022121502
0.00 0 0 0 1286 117076 2022121502
0.00 0 0 0 1286 117076 2022121502
0.00 0 0 0 1286 117076 2022121502
0.00 0 0 0 1286 117076 2022121502
0.00 0 0 0 1286 117076 2022121502
0.00 0 0 0 1286 117076 2022121502
0.00 0 0 0 1286 117076 2022121502
0.00 0 0 0 1286 117076 2022121502
0.00 0 0 0 1286 117076 2022121502
0.00 0 0 0 1286 117076 2022121502
0.00 0 0 0 1286 117076 2022121502
0.00 0 0 0 1286 117076 2022121502
0.00 0 0 0 1286 117076 2022121502
0.00 0 0 0 1286 117076 2022121502
0.00 0 0 0 1286 117076 2022121502
0.00 0 0 0 1286 117076 2022121502
0.00 0 0 0 1286 117076 2022121502
0.00 0 0 0 1286 117076 2022121502
0.00 0 0 0 1286 117076 2022121502
0.00 0 0 0 1286 117076 2022121502
0.00 0 0 0 1286 117076 2022121502
0.00 0 0 0 1286 117076 2022121502
0.00 0 0 0 1286 117076 2022121502
0.00 0 0 0 1286 117076 2022121502
0.00 0 0 0 1286 117076 2022121502
0.00 0 0 0 1286 117076 2022121502
0.00 0 0 0 1286 117076 2022121502
0.00 0 0 0 1286 117076 2022121502
0.00 0 0 0 1286 117076 2022121502
0.00 0 0 0 1286 117076 2022121502
0.00 0 0 0 1286 117076 2022121502
0.00 0 0 0 1286 117076 2022121502
0.00 0 0 0 1286 117076 2022121502
0.00 0 0 0 1286 117076 2022121502
0.00 0 0 0 1286 117076 2022121502
0.00 0 0 0 1286 117076 2022121502
0.00 0 0 0 1286 117076 2022121502
0.00 0 0 0 1286 117076 2022121502
0.00 0 0 0 1286 117076 2022121502
0.00 0 0 0 1286 117076 2022121502
0.00 0 0 0 1286 117076 2022121502
0.00 0 0 0 1286 117076 2022121502
0.00 0 0 0 1286 117076 2022121502
0.00 0 0 0 1286 117076 2022121502
0.00 0 0 0 1286 117076 2022121502
0.00 0 0 0 1286 117076 2022121502
0.00 0 0 0 1286 117076 2022121502
0.00 0 0 0 1286 117076 2022121502
0.00 0 0 0 1286 117076 2022121502
0.00 0 0 0 1286 117076 2022121502
0.00 0 0 0 1286 117076 2022121502
0.00 0 0 0 1286 117076 2022121502
0.00 0 0 0 1286 117076 2022121502
0.00 0 0 0 1286 117076 2022121502
0.00 0 0 0 1286 117076 2022121502
0.00 0 0 0 1286 117076 2022121502
0.00 0 0 0 1286 117076 2022121502
0.00 0 0 0 1286 117076 2022121502
0.00 0 0 0 1286 117076 2022121502
0.00 0 0 0 1286 117076 2022121502
0.00 0 0 0 1286 117076 2022121502
0.00 0 0 0 1286 117076 2022121502
0.00 0 0 0 1286 117076 2022121502
0.00 0 0 0 1286 117076 2022121502
0.00 0 0 0 1286 117076 2022121502
0.00 0 0 0 1286 117076 2022121502
0.00 0 0 0 1286 117076 2022121502
0.00 0 0 0 1286 117076 2022121502
0.00 0 0 0 1286 117076 2022121502
0.00 0 0 0 1286 117076 2022121502
0.00 0 0 0 1286 117076 2022121502
5.25 414 1 58 1286 117076 2022121502
