78.7 20221222
80.0 20221222
80.0 20221222
78.0 20221222
119 20221222
119 20221222
79.9 20221222
79.9 20221222
80.0 20221222
76.6 20221222
79.9 20221222
79.8 20221222
79.1 20221222
79.9 20221222
80.1 20221222
82.8 20221222
79.9 20221222
82.4 20221222
82.2 20221222
82.1 20221222
119 20221222
79.3 20221222
120 20221222
82.1 20221222
117 20221222
118 20221222
120 20221222
117 20221222
119 20221222
116 20221222
79.9 20221222
76.5 20221222
116 20221222
79.9 20221222
76.1 20221222
80.0 20221222
76.3 20221222
78.0 20221222
78.9 20221222
76.0 20221222
80.0 20221222
156 20221222
76.1 20221222
76.2 20221222
80.3 20221222
79.9 20221222
79.9 20221222
79.9 20221222
76.0 20221222
76.2 20221222
76.4 20221222
80.0 20221222
79.9 20221222
80.3 20221222
80.0 20221222
76.7 20221222
76.4 20221222
80.1 20221222
79.8 20221222
76.0 20221222
76.3 20221222
73.0 20221222
80.2 20221222
76.0 20221222
77.5 20221222
79.9 20221222
80.3 20221222
77.1 20221222
80.2 20221222
80.0 20221222
76.9 20221222
120 20221222
120 20221222
117 20221222
117 20221222
77.5 20221222
77.6 20221222
80.3 20221222
80.1 20221222
120 20221222
120 20221222
116 20221222
80.1 20221222
117 20221222
120 20221222
80.1 20221222
83.7 20221222
79.9 20221222
77.2 20221222
76.0 20221222
78.0 20221222
79.1 20221222
80.1 20221222
80.2 20221222
80.1 20221222
78.4 20221222
81.7 20221222
118 20221222
80.1 20221222
80.0 20221222
77.0 20221222
78.2 20221222
80.0 20221222
79.9 20221222
79.9 20221222
80.0 20221222
76.4 20221222
76.5 20221222
79.9 20221222
80.1 20221222
79.9 20221222
79.7 20221222
120 20221222
120 20221222
117 20221222
117 20221222
119 20221222
79.9 20221222
119 20221222
79.7 20221222
76.4 20221222
80.0 20221222
80.1 20221222
79.7 20221222
80.1 20221222
80.2 20221222
80.0 20221222
75.9 20221222
80.2 20221222
76.8 20221222
77.1 20221222
80.0 20221222
81.1 20221222
118 20221222
119 20221222
120 20221222
120 20221222
120 20221222
86.7 20221222
120 20221222
120 20221222
117 20221222
118 20221222
82.9 20221222
81.6 20221222
117 20221222
77.7 20221222
80.2 20221222
80.3 20221222
77.7 20221222
78.9 20221222
80.1 20221222
80.2 20221222
77.9 20221222
81.7 20221222
119 20221222
80.0 20221222
80.0 20221222
80.0 20221222
80.0 20221222
77.8 20221222
77.1 20221222
80.0 20221222
80.0 20221222
76.0 20221222
77.9 20221222
80.0 20221222
77.2 20221222
78.4 20221222
80.1 20221222
80.0 20221222
77.0 20221222
75.9 20221222
76.6 20221222
76.5 20221222
79.9 20221222
79.9 20221222
77.3 20221222
80.1 20221222
120 20221222
80.1 20221222
80.0 20221222
76.9 20221222
79.1 20221222
80.1 20221222
80.3 20221222
76.2 20221222
80.0 20221222
80.2 20221222
80.2 20221222
80.0 20221222
80.1 20221222
80.0 20221222
80.0 20221222
76.9 20221222
77.6 20221222
80.0 20221222
79.8 20221222
80.0 20221222
78.0 20221222
80.2 20221222
80.1 20221222
77.0 20221222
78.9 20221222
79.9 20221222
76.1 20221222
79.7 20221222
77.1 20221222
80.2 20221222
80.7 20221222
78.4 20221222
82.2 20221222
81.5 20221222
117 20221222
80.6 20221222
80.2 20221222
79.9 20221222
156 20221222
76.1 20221222
76.5 20221222
80.2 20221222
76.8 20221222
79.9 20221222
79.9 20221222
80.1 20221222
79.9 20221222
76.9 20221222
77.8 20221222
77.7 20221222
80.1 20221222
80.1 20221222
80.0 20221222
77.2 20221222
77.8 20221222
121 20221222
82.8 20221222
78.8 20221222
80.1 20221222
79.0 20221222
78.3 20221222
119 20221222
119 20221222
117 20221222
120 20221222
120 20221222
117 20221222
120 20221222
116 20221222
124 20221222
120 20221222
120 20221222
120 20221222
120 20221222
120 20221222
120 20221222
84.1 20221222
116 20221222
117 20221222
83.1 20221222
80.3 20221222
76.9 20221222
77.7 20221222
79.9 20221222
79.9 20221222
78.0 20221222
80.0 20221222
77.1 20221222
76.1 20221222
77.6 20221222
80.1 20221222
80.4 20221222
80.2 20221222
80.2 20221222
77.0 20221222
80.3 20221222
157 20221222
80.0 20221222
80.0 20221222
120 20221222
80.0 20221222
120 20221222
79.8 20221222
75.1 20221222
80.0 20221222
81.6 20221222
80.0 20221222
80.1 20221222
77.0 20221222
78.0 20221222
80.2 20221222
80.0 20221222
80.2 20221222
80.2 20221222
76.1 20221222
80.1 20221222
80.0 20221222
120 20221222
117 20221222
80.1 20221222
80.0 20221222
120 20221222
116 20221222
116 20221222
116 20221222
80.0 20221222
80.1 20221222
116 20221222
116 20221222
117 20221222
117 20221222
80.1 20221222
80.0 20221222
76.5 20221222
79.9 20221222
80.0 20221222
76.5 20221222
80.0 20221222
76.5 20221222
81.3 20221222
83.0 20221222
116 20221222
117 20221222
80.7 20221222
82.3 20221222
116 20221222
112 20221222
120 20221222
117 20221222
119 20221222
77.1 20221222
80.0 20221222
120 20221222
79.0 20221222
80.3 20221222
78.3 20221222
80.1 20221222
80.0 20221222
76.9 20221222
78.2 20221222
79.8 20221222
76.0 20221222
77.3 20221222
76.3 20221222
80.2 20221222
75.9 20221222
77.3 20221222
78.3 20221222
80.1 20221222
80.2 20221222
81.4 20221222
79.5 20221222
118 20221222
119 20221222
119 20221222
80.1 20221222
80.2 20221222
76.7 20221222
80.2 20221222
78.0 20221222
80.3 20221222
80.0 20221222
80.3 20221222
79.9 20221222
79.8 20221222
80.1 20221222
80.1 20221222
80.1 20221222
80.0 20221222
79.8 20221222
79.9 20221222
80.0 20221222
79.9 20221222
80.3 20221222
79.2 20221222
116 20221222
117 20221222
119 20221222
79.9 20221222
77.0 20221222
117 20221222
80.3 20221222
80.0 20221222
76.5 20221222
77.2 20221222
80.2 20221222
79.7 20221222
160 20221222
75.9 20221222
77.6 20221222
80.3 20221222
117 20221222
118 20221222
78.6 20221222
79.0 20221222
78.5 20221222
75.6 20221222
80.0 20221222
78.1 20221222
120 20221222
82.3 20221222
82.3 20221222
78.3 20221222
78.1 20221222
80.7 20221222
80.6 20221222
81.3 20221222
80.3 20221222
79.5 20221222
81.8 20221222
80.0 20221222
100 20221222
100 20221222
99.9 20221222
100 20221222
108 20221222
80.3 20221222
78.1 20221222
80.1 20221222
120 20221222
80.1 20221222
120 20221222
80.1 20221222
120 20221222
116 20221222
116 20221222
119 20221222
80.3 20221222
80.3 20221222
77.6 20221222
80.3 20221222
80.1 20221222
80.0 20221222
81.7 20221222
79.9 20221222
80.0 20221222
80.0 20221222
76.8 20221222
80.1 20221222
76.0 20221222
76.6 20221222
77.0 20221222
80.1 20221222
77.2 20221222
76.1 20221222
77.3 20221222
80.1 20221222
80.2 20221222
80.1 20221222
81.9 20221222
103 20221222
80.1 20221222
66.3 20221222
80.0 20221222
79.9 20221222
80.0 20221222
80.0 20221222
80.0 20221222
80.0 20221222
80.0 20221222
120 20221222
116 20221222
116 20221222
120 20221222
120 20221222
80.1 20221222
80.2 20221222
77.6 20221222
77.4 20221222
78.5 20221222
80.1 20221222
80.3 20221222
80.0 20221222
77.6 20221222
78.7 20221222
79.1 20221222
80.2 20221222
80.0 20221222
76.9 20221222
118 20221222
80.1 20221222
120 20221222
78.7 20221222
79.1 20221222
115 20221222
118 20221222
120 20221222
120 20221222
118 20221222
120 20221222
120 20221222
77.5 20221222
120 20221222
120 20221222
120 20221222
120 20221222
80.6 20221222
80.9 20221222
78.0 20221222
80.1 20221222
84.2 20221222
80.1 20221222
80.2 20221222
80.0 20221222
80.0 20221222
82.6 20221222
80.0 20221222
79.8 20221222
80.0 20221222
79.9 20221222
80.2 20221222
80.9 20221222
83.9 20221222
81.9 20221222
78.4 20221222
80.2 20221222
80.2 20221222
82.4 20221222
83.1 20221222
82.6 20221222
116 20221222
78.9 20221222
78.7 20221222
77.6 20221222
77.6 20221222
119 20221222
80.4 20221222
116 20221222
80.0 20221222
81.2 20221222
79.3 20221222
80.1 20221222
80.2 20221222
81.5 20221222
80.1 20221222
80.1 20221222
76.8 20221222
77.3 20221222
80.1 20221222
77.0 20221222
77.5 20221222
77.5 20221222
79.9 20221222
80.0 20221222
80.0 20221222
80.1 20221222
76.4 20221222
80.1 20221222
77.3 20221222
80.1 20221222
76.9 20221222
79.8 20221222
76.8 20221222
77.9 20221222
80.1 20221222
80.2 20221222
80.1 20221222
80.0 20221222
80.2 20221222
80.2 20221222
80.2 20221222
80.2 20221222
80.2 20221222
80.1 20221222
80.5 20221222
76.4 20221222
85.8 20221222
80.3 20221222
80.3 20221222
80.2 20221222
77.4 20221222
78.8 20221222
79.0 20221222
80.0 20221222
76.1 20221222
77.2 20221222
78.2 20221222
79.8 20221222
116 20221222
118 20221222
119 20221222
79.9 20221222
119 20221222
119 20221222
120 20221222
120 20221222
123 20221222
119 20221222
115 20221222
116 20221222
79.9 20221222
116 20221222
76.3 20221222
116 20221222
80.1 20221222
80.1 20221222
80.1 20221222
80.0 20221222
76.7 20221222
80.0 20221222
156 20221222
76.7 20221222
79.8 20221222
79.5 20221222
120 20221222
80.0 20221222
79.9 20221222
80.8 20221222
77.6 20221222
80.1 20221222
80.0 20221222
76.6 20221222
76.5 20221222
76.7 20221222
79.9 20221222
80.0 20221222
76.5 20221222
76.6 20221222
80.0 20221222
79.9 20221222
76.6 20221222
77.6 20221222
80.0 20221222
120 20221222
80.0 20221222
80.0 20221222
80.0 20221222
76.5 20221222
84.1 20221222
79.9 20221222
79.9 20221222
80.1 20221222
80.8 20221222
79.9 20221222
80.1 20221222
80.0 20221222
80.1 20221222
80.0 20221222
82.2 20221222
80.2 20221222
76.1 20221222
77.7 20221222
78.7 20221222
80.2 20221222
80.2 20221222
80.3 20221222
76.5 20221222
80.3 20221222
80.2 20221222
80.3 20221222
77.8 20221222
80.0 20221222
80.1 20221222
76.9 20221222
78.0 20221222
78.4 20221222
78.6 20221222
80.2 20221222
78.2 20221222
80.2 20221222
80.0 20221222
120 20221222
80.1 20221222
80.1 20221222
76.0 20221222
77.8 20221222
78.4 20221222
80.2 20221222
80.3 20221222
80.3 20221222
80.0 20221222
77.9 20221222
78.1 20221222
79.9 20221222
80.0 20221222
116 20221222
119 20221222
120 20221222
116 20221222
119 20221222
116 20221222
118 20221222
120 20221222
99.0 20221222
119 20221222
67.6 20221222
119 20221222
119 20221222
119 20221222
196 20221222
119 20221222
119 20221222
119 20221222
119 20221222
119 20221222
119 20221222
119 20221222
115 20221222
120 20221222
120 20221222
120 20221222
116 20221222
116 20221222
116 20221222
119 20221222
119 20221222
120 20221222
120 20221222
80.2 20221222
79.7 20221222
78.9 20221222
80.1 20221222
115 20221222
80.1 20221222
79.9 20221222
80.0 20221222
80.3 20221222
80.3 20221222
80.3 20221222
80.3 20221222
116 20221222
117 20221222
79.7 20221222
80.2 20221222
75.8 20221222
75.9 20221222
80.0 20221222
80.1 20221222
80.0 20221222
80.0 20221222
79.8 20221222
80.0 20221222
79.9 20221222
76.6 20221222
80.2 20221222
80.3 20221222
80.2 20221222
80.0 20221222
80.1 20221222
80.0 20221222
80.0 20221222
80.0 20221222
80.0 20221222
112 20221222
120 20221222
80.7 20221222
116 20221222
79.9 20221222
80.0 20221222
77.1 20221222
78.4 20221222
80.0 20221222
80.0 20221222
116 20221222
76.3 20221222
80.1 20221222
76.0 20221222
76.8 20221222
80.1 20221222
80.1 20221222
79.5 20221222
80.2 20221222
79.1 20221222
77.6 20221222
82.3 20221222
80.0 20221222
80.2 20221222
76.0 20221222
80.2 20221222
77.9 20221222
80.1 20221222
80.4 20221222
80.3 20221222
80.2 20221222
80.1 20221222
76.7 20221222
78.1 20221222
80.1 20221222
78.1 20221222
84.2 20221222
80.2 20221222
80.2 20221222
76.5 20221222
80.2 20221222
78.6 20221222
80.0 20221222
80.0 20221222
79.9 20221222
76.6 20221222
116 20221222
76.8 20221222
79.9 20221222
79.9 20221222
76.2 20221222
116 20221222
116 20221222
80.2 20221222
76.4 20221222
77.6 20221222
77.8 20221222
80.0 20221222
80.1 20221222
80.0 20221222
78.7 20221222
79.2 20221222
80.0 20221222
80.0 20221222
79.9 20221222
76.7 20221222
79.9 20221222
80.0 20221222
80.0 20221222
76.6 20221222
80.1 20221222
80.2 20221222
80.2 20221222
80.1 20221222
120 20221222
120 20221222
120 20221222
83.6 20221222
80.0 20221222
80.0 20221222
76.4 20221222
77.2 20221222
78.7 20221222
80.2 20221222
80.3 20221222
82.1 20221222
78.7 20221222
74.5 20221222
80.0 20221222
196 20221222
157 20221222
77.5 20221222
80.1 20221222
80.0 20221222
120 20221222
76.5 20221222
116 20221222
120 20221222
120 20221222
116 20221222
120 20221222
122 20221222
120 20221222
120 20221222
83.0 20221222
81.5 20221222
120 20221222
76.1 20221222
80.0 20221222
77.1 20221222
77.6 20221222
80.2 20221222
80.2 20221222
77.6 20221222
83.6 20221222
80.1 20221222
80.1 20221222
99.6 20221222
80.0 20221222
119 20221222
79.9 20221222
79.9 20221222
79.9 20221222
76.8 20221222
80.0 20221222
80.0 20221222
120 20221222
81.7 20221222
82.6 20221222
120 20221222
120 20221222
84.0 20221222
117 20221222
83.0 20221222
80.1 20221222
80.2 20221222
80.2 20221222
84.3 20221222
80.0 20221222
76.0 20221222
77.0 20221222
77.9 20221222
79.0 20221222
76.0 20221222
77.2 20221222
77.7 20221222
73.4 20221222
80.1 20221222
79.7 20221222
79.9 20221222
80.3 20221222
77.4 20221222
79.2 20221222
116 20221222
117 20221222
79.9 20221222
76.9 20221222
79.9 20221222
157 20221222
79.7 20221222
76.1 20221222
77.6 20221222
82.6 20221222
83.3 20221222
119 20221222
119 20221222
115 20221222
119 20221222
119 20221222
124 20221222
80.2 20221222
120 20221222
80.0 20221222
77.2 20221222
78.6 20221222
79.7 20221222
80.2 20221222
79.7 20221222
79.7 20221222
80.3 20221222
79.9 20221222
80.8 20221222
80.1 20221222
116 20221222
119 20221222
114 20221222
120 20221222
80.7 20221222
160 20221222
81.3 20221222
116 20221222
124 20221222
120 20221222
120 20221222
80.0 20221222
79.8 20221222
80.1 20221222
80.1 20221222
80.1 20221222
80.0 20221222
77.3 20221222
80.2 20221222
80.2 20221222
81.0 20221222
80.1 20221222
80.3 20221222
80.2 20221222
81.3 20221222
80.1 20221222
80.2 20221222
80.3 20221222
120 20221222
160 20221222
119 20221222
116 20221222
120 20221222
117 20221222
114 20221222
119 20221222
120 20221222
115 20221222
117 20221222
113 20221222
120 20221222
116 20221222
117 20221222
117 20221222
120 20221222
120 20221222
116 20221222
117 20221222
80.0 20221222
76.8 20221222
80.0 20221222
80.0 20221222
76.8 20221222
77.7 20221222
77.8 20221222
79.7 20221222
75.7 20221222
80.1 20221222
80.1 20221222
80.2 20221222
76.5 20221222
79.7 20221222
80.1 20221222
80.2 20221222
77.5 20221222
78.3 20221222
74.6 20221222
76.5 20221222
78.2 20221222
80.0 20221222
81.0 20221222
79.2 20221222
80.2 20221222
80.3 20221222
80.2 20221222
120 20221222
80.1 20221222
78.0 20221222
80.0 20221222
80.0 20221222
80.3 20221222
80.1 20221222
80.0 20221222
76.3 20221222
117 20221222
120 20221222
120 20221222
120 20221222
118 20221222
120 20221222
114 20221222
79.9 20221222
79.9 20221222
77.3 20221222
77.7 20221222
80.1 20221222
80.1 20221222
80.1 20221222
80.0 20221222
76.2 20221222
120 20221222
80.0 20221222
120 20221222
80.3 20221222
80.2 20221222
77.8 20221222
76.2 20221222
80.1 20221222
79.8 20221222
79.9 20221222
80.0 20221222
80.6 20221222
115 20221222
81.6 20221222
119 20221222
119 20221222
82.4 20221222
119 20221222
119 20221222
80.5 20221222
120 20221222
81.4 20221222
120 20221222
120 20221222
160 20221222
119 20221222
120 20221222
120 20221222
116 20221222
120 20221222
120 20221222
116 20221222
117 20221222
120 20221222
120 20221222
117 20221222
118 20221222
124 20221222
119 20221222
116 20221222
117 20221222
120 20221222
120 20221222
116 20221222
118 20221222
77.7 20221222
116 20221222
82.2 20221222
84.2 20221222
76.1 20221222
77.5 20221222
74.4 20221222
80.1 20221222
75.8 20221222
80.1 20221222
77.1 20221222
77.9 20221222
80.4 20221222
80.4 20221222
76.5 20221222
77.2 20221222
74.0 20221222
83.1 20221222
84.2 20221222
119 20221222
115 20221222
119 20221222
119 20221222
119 20221222
119 20221222
119 20221222
119 20221222
119 20221222
119 20221222
120 20221222
120 20221222
118 20221222
120 20221222
120 20221222
120 20221222
82.0 20221222
82.7 20221222
81.2 20221222
76.0 20221222
79.9 20221222
120 20221222
83.7 20221222
83.4 20221222
122 20221222
120 20221222
120 20221222
120 20221222
116 20221222
80.1 20221222
80.2 20221222
76.6 20221222
80.3 20221222
79.9 20221222
76.7 20221222
76.5 20221222
76.9 20221222
80.0 20221222
80.0 20221222
76.1 20221222
76.9 20221222
79.0 20221222
80.2 20221222
78.0 20221222
79.8 20221222
76.0 20221222
77.2 20221222
80.0 20221222
79.9 20221222
80.0 20221222
76.6 20221222
76.2 20221222
76.6 20221222
80.2 20221222
80.1 20221222
77.2 20221222
77.2 20221222
80.0 20221222
80.0 20221222
80.4 20221222
76.8 20221222
77.3 20221222
117 20221222
79.8 20221222
79.8 20221222
119 20221222
116 20221222
79.9 20221222
160 20221222
79.7 20221222
79.9 20221222
76.8 20221222
76.9 20221222
80.0 20221222
76.7 20221222
80.9 20221222
119 20221222
120 20221222
119 20221222
119 20221222
119 20221222
80.0 20221222
79.8 20221222
119 20221222
77.1 20221222
77.0 20221222
79.8 20221222
77.1 20221222
76.9 20221222
80.0 20221222
80.0 20221222
77.2 20221222
78.1 20221222
80.1 20221222
80.0 20221222
80.2 20221222
80.0 20221222
80.0 20221222
80.0 20221222
80.0 20221222
80.2 20221222
80.0 20221222
80.0 20221222
76.0 20221222
80.1 20221222
80.0 20221222
120 20221222
119 20221222
157 20221222
112 20221222
79.8 20221222
76.2 20221222
76.5 20221222
73.0 20221222
80.1 20221222
79.9 20221222
116 20221222
81.4 20221222
67.2 20221222
120 20221222
120 20221222
120 20221222
119 20221222
119 20221222
120 20221222
120 20221222
120 20221222
116 20221222
116 20221222
115 20221222
116 20221222
80.3 20221222
79.8 20221222
76.8 20221222
76.7 20221222
80.1 20221222
79.9 20221222
79.3 20221222
119 20221222
119 20221222
119 20221222
119 20221222
120 20221222
120 20221222
117 20221222
119 20221222
119 20221222
116 20221222
117 20221222
118 20221222
120 20221222
123 20221222
81.6 20221222
120 20221222
80.2 20221222
77.1 20221222
80.0 20221222
80.0 20221222
77.5 20221222
81.5 20221222
79.9 20221222
80.0 20221222
76.9 20221222
80.4 20221222
80.3 20221222
78.0 20221222
80.1 20221222
120 20221222
120 20221222
117 20221222
119 20221222
120 20221222
116 20221222
117 20221222
155 20221222
120 20221222
79.8 20221222
80.2 20221222
79.9 20221222
123 20221222
80.1 20221222
80.3 20221222
80.8 20221222
80.0 20221222
80.8 20221222
76.7 20221222
76.5 20221222
73.1 20221222
75.3 20221222
72.1 20221222
76.0 20221222
66.9 20221222
72.7 20221222
64.2 20221222
64.2 20221222
60.7 20221222
79.9 20221222
79.8 20221222
79.9 20221222
76.3 20221222
80.1 20221222
76.8 20221222
80.1 20221222
80.1 20221222
76.2 20221222
78.0 20221222
79.0 20221222
80.2 20221222
77.8 20221222
78.8 20221222
120 20221222
120 20221222
120 20221222
120 20221222
119 20221222
120 20221222
116 20221222
117 20221222
83.4 20221222
120 20221222
120 20221222
120 20221222
119 20221222
120 20221222
120 20221222
120 20221222
116 20221222
120 20221222
120 20221222
119 20221222
117 20221222
118 20221222
78.9 20221222
80.3 20221222
83.9 20221222
79.8 20221222
79.9 20221222
76.8 20221222
77.5 20221222
78.6 20221222
80.0 20221222
80.0 20221222
80.0 20221222
79.9 20221222
76.0 20221222
80.1 20221222
78.7 20221222
79.2 20221222
113 20221222
82.1 20221222
117 20221222
77.6 20221222
78.7 20221222
80.2 20221222
76.7 20221222
77.4 20221222
79.9 20221222
79.9 20221222
80.1 20221222
80.2 20221222
77.6 20221222
78.5 20221222
80.2 20221222
80.2 20221222
120 20221222
120 20221222
119 20221222
120 20221222
83.1 20221222
80.0 20221222
78.1 20221222
80.2 20221222
82.0 20221222
80.1 20221222
76.3 20221222
77.1 20221222
77.7 20221222
80.2 20221222
80.2 20221222
80.1 20221222
121 20221222
78.9 20221222
80.3 20221222
80.3 20221222
80.1 20221222
80.1 20221222
76.2 20221222
78.4 20221222
120 20221222
80.0 20221222
80.2 20221222
78.3 20221222
116 20221222
77.7 20221222
120 20221222
80.5 20221222
80.0 20221222
76.2 20221222
80.0 20221222
76.4 20221222
76.3 20221222
80.0 20221222
76.0 20221222
80.1 20221222
116 20221222
77.1 20221222
80.2 20221222
76.0 20221222
80.1 20221222
78.8 20221222
78.6 20221222
78.8 20221222
80.2 20221222
76.3 20221222
77.2 20221222
76.8 20221222
80.0 20221222
80.0 20221222
76.9 20221222
80.2 20221222
80.1 20221222
80.3 20221222
80.1 20221222
78.0 20221222
79.2 20221222
80.0 20221222
80.2 20221222
76.0 20221222
76.1 20221222
120 20221222
80.1 20221222
80.0 20221222
80.2 20221222
80.1 20221222
80.0 20221222
77.4 20221222
78.1 20221222
80.1 20221222
120 20221222
117 20221222
119 20221222
120 20221222
82.6 20221222
81.2 20221222
80.2 20221222
77.3 20221222
77.4 20221222
79.7 20221222
80.0 20221222
80.1 20221222
80.2 20221222
80.1 20221222
80.1 20221222
80.0 20221222
78.0 20221222
77.6 20221222
115 20221222
120 20221222
116 20221222
120 20221222
120 20221222
120 20221222
120 20221222
116 20221222
118 20221222
120 20221222
116 20221222
80.0 20221222
116 20221222
116 20221222
72.8 20221222
79.4 20221222
80.0 20221222
76.2 20221222
80.0 20221222
76.3 20221222
76.3 20221222
80.0 20221222
80.0 20221222
80.1 20221222
76.4 20221222
77.0 20221222
73.0 20221222
120 20221222
80.7 20221222
76.6 20221222
80.0 20221222
80.0 20221222
76.0 20221222
77.1 20221222
78.2 20221222
74.6 20221222
80.0 20221222
76.4 20221222
156 20221222
80.1 20221222
80.0 20221222
80.2 20221222
76.7 20221222
120 20221222
83.6 20221222
120 20221222
116 20221222
117 20221222
120 20221222
116 20221222
118 20221222
120 20221222
116 20221222
117 20221222
119 20221222
120 20221222
122 20221222
119 20221222
117 20221222
120 20221222
120 20221222
116 20221222
120 20221222
116 20221222
156 20221222
118 20221222
120 20221222
120 20221222
120 20221222
116 20221222
80.1 20221222
120 20221222
120 20221222
120 20221222
116 20221222
118 20221222
120 20221222
119 20221222
81.8 20221222
83.6 20221222
118 20221222
120 20221222
117 20221222
117 20221222
80.0 20221222
80.0 20221222
76.4 20221222
76.5 20221222
80.1 20221222
80.1 20221222
80.1 20221222
81.3 20221222
77.5 20221222
77.6 20221222
78.2 20221222
78.3 20221222
80.0 20221222
80.0 20221222
76.6 20221222
76.2 20221222
80.0 20221222
80.1 20221222
80.2 20221222
80.3 20221222
80.0 20221222
80.1 20221222
77.3 20221222
118 20221222
80.1 20221222
80.2 20221222
80.0 20221222
76.2 20221222
77.3 20221222
78.4 20221222
120 20221222
120 20221222
80.2 20221222
76.1 20221222
120 20221222
120 20221222
116 20221222
120 20221222
120 20221222
116 20221222
120 20221222
116 20221222
116 20221222
116 20221222
116 20221222
116 20221222
117 20221222
118 20221222
120 20221222
120 20221222
120 20221222
116 20221222
120 20221222
157 20221222
117 20221222
118 20221222
80.1 20221222
120 20221222
120 20221222
77.5 20221222
79.9 20221222
120 20221222
156 20221222
77.7 20221222
78.8 20221222
120 20221222
118 20221222
119 20221222
80.1 20221222
80.1 20221222
120 20221222
116 20221222
80.2 20221222
80.1 20221222
76.7 20221222
76.7 20221222
77.0 20221222
76.1 20221222
76.6 20221222
76.7 20221222
80.0 20221222
76.3 20221222
76.3 20221222
83.4 20221222
80.1 20221222
78.8 20221222
79.9 20221222
118 20221222
120 20221222
80.1 20221222
77.8 20221222
80.0 20221222
80.1 20221222
116 20221222
80.0 20221222
76.3 20221222
80.0 20221222
80.1 20221222
80.1 20221222
77.4 20221222
78.0 20221222
80.6 20221222
80.0 20221222
82.1 20221222
120 20221222
83.7 20221222
80.0 20221222
118 20221222
120 20221222
117 20221222
78.5 20221222
84.9 20221222
83.8 20221222
80.3 20221222
80.1 20221222
76.7 20221222
77.9 20221222
80.1 20221222
77.7 20221222
78.4 20221222
81.6 20221222
116 20221222
117 20221222
118 20221222
120 20221222
120 20221222
157 20221222
120 20221222
117 20221222
118 20221222
124 20221222
119 20221222
120 20221222
79.8 20221222
77.6 20221222
74.6 20221222
80.3 20221222
77.4 20221222
78.8 20221222
83.5 20221222
83.9 20221222
120 20221222
120 20221222
118 20221222
120 20221222
120 20221222
120 20221222
117 20221222
77.7 20221222
80.1 20221222
79.9 20221222
77.1 20221222
80.2 20221222
76.0 20221222
79.9 20221222
80.1 20221222
80.2 20221222
80.0 20221222
79.7 20221222
75.1 20221222
80.1 20221222
76.8 20221222
77.1 20221222
80.1 20221222
80.0 20221222
76.9 20221222
77.6 20221222
80.3 20221222
80.3 20221222
116 20221222
80.0 20221222
77.4 20221222
81.3 20221222
80.4 20221222
78.7 20221222
77.0 20221222
78.8 20221222
77.2 20221222
80.0 20221222
81.5 20221222
119 20221222
117 20221222
115 20221222
117 20221222
120 20221222
122 20221222
117 20221222
115 20221222
120 20221222
116 20221222
116 20221222
116 20221222
119 20221222
119 20221222
117 20221222
119 20221222
160 20221222
120 20221222
120 20221222
120 20221222
115 20221222
117 20221222
118 20221222
120 20221222
121 20221222
84.2 20221222
120 20221222
120 20221222
79.4 20221222
120 20221222
119 20221222
119 20221222
120 20221222
120 20221222
120 20221222
120 20221222
120 20221222
120 20221222
120 20221222
116 20221222
117 20221222
120 20221222
120 20221222
160 20221222
120 20221222
80.1 20221222
80.1 20221222
80.2 20221222
80.1 20221222
80.2 20221222
77.4 20221222
74.6 20221222
80.0 20221222
79.8 20221222
80.0 20221222
77.4 20221222
78.4 20221222
80.0 20221222
80.1 20221222
80.7 20221222
116 20221222
117 20221222
120 20221222
120 20221222
116 20221222
80.1 20221222
77.0 20221222
77.2 20221222
79.8 20221222
80.0 20221222
80.2 20221222
79.7 20221222
75.5 20221222
80.1 20221222
160 20221222
82.8 20221222
116 20221222
116 20221222
116 20221222
118 20221222
114 20221222
119 20221222
119 20221222
83.4 20221222
82.9 20221222
80.0 20221222
120 20221222
81.4 20221222
79.9 20221222
77.9 20221222
81.8 20221222
79.9 20221222
80.3 20221222
80.0 20221222
79.9 20221222
77.5 20221222
80.2 20221222
81.8 20221222
80.1 20221222
116 20221222
77.9 20221222
80.2 20221222
79.3 20221222
80.2 20221222
80.2 20221222
116 20221222
77.7 20221222
81.3 20221222
82.2 20221222
116 20221222
117 20221222
120 20221222
120 20221222
78.4 20221222
79.6 20221222
77.0 20221222
78.3 20221222
80.0 20221222
79.9 20221222
77.5 20221222
76.0 20221222
76.5 20221222
80.0 20221222
80.1 20221222
80.1 20221222
76.3 20221222
76.3 20221222
80.1 20221222
80.1 20221222
77.3 20221222
76.2 20221222
80.1 20221222
80.1 20221222
120 20221222
116 20221222
118 20221222
118 20221222
120 20221222
120 20221222
117 20221222
118 20221222
119 20221222
117 20221222
117 20221222
80.0 20221222
79.8 20221222
119 20221222
80.0 20221222
119 20221222
80.0 20221222
80.1 20221222
76.0 20221222
79.8 20221222
79.7 20221222
80.1 20221222
80.5 20221222
77.2 20221222
77.5 20221222
80.2 20221222
77.2 20221222
117 20221222
78.0 20221222
80.7 20221222
120 20221222
80.1 20221222
78.0 20221222
78.3 20221222
80.1 20221222
77.9 20221222
80.4 20221222
77.0 20221222
78.1 20221222
80.4 20221222
79.6 20221222
76.5 20221222
76.7 20221222
79.8 20221222
79.7 20221222
80.2 20221222
80.2 20221222
76.8 20221222
78.0 20221222
78.3 20221222
78.4 20221222
79.9 20221222
80.1 20221222
76.3 20221222
76.2 20221222
80.2 20221222
80.5 20221222
80.3 20221222
79.8 20221222
80.0 20221222
80.4 20221222
80.1 20221222
78.2 20221222
80.2 20221222
78.1 20221222
77.9 20221222
81.4 20221222
117 20221222
120 20221222
120 20221222
119 20221222
120 20221222
80.0 20221222
79.2 20221222
78.3 20221222
81.5 20221222
81.7 20221222
116 20221222
117 20221222
120 20221222
120 20221222
117 20221222
117 20221222
113 20221222
120 20221222
120 20221222
116 20221222
116 20221222
80.3 20221222
120 20221222
76.1 20221222
117 20221222
118 20221222
80.2 20221222
116 20221222
117 20221222
118 20221222
120 20221222
120 20221222
120 20221222
121 20221222
119 20221222
120 20221222
120 20221222
120 20221222
80.3 20221222
80.2 20221222
76.9 20221222
78.0 20221222
78.6 20221222
80.0 20221222
76.6 20221222
76.7 20221222
80.1 20221222
80.1 20221222
80.0 20221222
79.9 20221222
80.1 20221222
77.0 20221222
76.8 20221222
77.4 20221222
80.1 20221222
80.0 20221222
77.9 20221222
79.1 20221222
76.1 20221222
76.8 20221222
78.0 20221222
79.3 20221222
80.1 20221222
63.2 20221222
66.9 20221222
80.0 20221222
76.2 20221222
75.9 20221222
80.1 20221222
80.0 20221222
76.2 20221222
80.1 20221222
80.0 20221222
80.1 20221222
77.1 20221222
78.2 20221222
80.3 20221222
80.1 20221222
77.4 20221222
78.9 20221222
80.2 20221222
80.0 20221222
77.2 20221222
80.0 20221222
79.8 20221222
76.1 20221222
80.0 20221222
120 20221222
77.5 20221222
77.5 20221222
80.1 20221222
80.0 20221222
80.0 20221222
77.0 20221222
77.4 20221222
77.6 20221222
79.9 20221222
75.8 20221222
76.7 20221222
78.0 20221222
80.1 20221222
80.1 20221222
80.0 20221222
77.0 20221222
78.4 20221222
80.0 20221222
77.8 20221222
78.3 20221222
79.7 20221222
120 20221222
77.7 20221222
118 20221222
79.7 20221222
80.0 20221222
120 20221222
120 20221222
76.9 20221222
73.5 20221222
80.1 20221222
80.1 20221222
80.3 20221222
120 20221222
119 20221222
119 20221222
119 20221222
119 20221222
120 20221222
120 20221222
80.1 20221222
80.1 20221222
80.0 20221222
76.2 20221222
76.2 20221222
80.1 20221222
80.0 20221222
117 20221222
80.2 20221222
80.3 20221222
120 20221222
120 20221222
120 20221222
120 20221222
116 20221222
116 20221222
81.7 20221222
81.3 20221222
81.6 20221222
80.0 20221222
80.0 20221222
76.5 20221222
80.1 20221222
76.5 20221222
116 20221222
83.9 20221222
82.9 20221222
77.9 20221222
78.4 20221222
80.2 20221222
80.2 20221222
81.2 20221222
119 20221222
120 20221222
120 20221222
116 20221222
80.2 20221222
120 20221222
116 20221222
112 20221222
80.0 20221222
120 20221222
80.0 20221222
79.9 20221222
79.9 20221222
76.9 20221222
76.9 20221222
79.4 20221222
77.1 20221222
120 20221222
80.6 20221222
80.1 20221222
84.9 20221222
80.0 20221222
82.2 20221222
79.1 20221222
80.0 20221222
77.1 20221222
78.8 20221222
80.0 20221222
80.0 20221222
77.5 20221222
78.8 20221222
80.0 20221222
78.3 20221222
120 20221222
79.4 20221222
119 20221222
117 20221222
80.2 20221222
117 20221222
78.9 20221222
79.9 20221222
80.0 20221222
76.3 20221222
76.3 20221222
80.0 20221222
80.8 20221222
83.4 20221222
77.7 20221222
77.1 20221222
80.6 20221222
120 20221222
76.8 20221222
80.1 20221222
76.2 20221222
78.0 20221222
80.1 20221222
80.2 20221222
80.1 20221222
80.2 20221222
77.8 20221222
78.7 20221222
114 20221222
80.0 20221222
80.2 20221222
77.3 20221222
80.4 20221222
80.2 20221222
77.0 20221222
80.2 20221222
77.9 20221222
119 20221222
80.2 20221222
79.8 20221222
116 20221222
80.0 20221222
119 20221222
120 20221222
116 20221222
118 20221222
159 20221222
80.2 20221222
80.1 20221222
76.7 20221222
79.9 20221222
79.9 20221222
76.4 20221222
79.9 20221222
79.9 20221222
104 20221222
65.4 20221222
62.6 20221222
63.0 20221222
60.7 20221222
65.6 20221222
60.7 20221222
94.0 20221222
95.1 20221222
96.7 20221222
60.8 20221222
60.7 20221222
60.7 20221222
60.9 20221222
60.6 20221222
120 20221222
116 20221222
117 20221222
120 20221222
120 20221222
121 20221222
118 20221222
85.5 20221222
120 20221222
117 20221222
78.8 20221222
120 20221222
120 20221222
79.6 20221222
116 20221222
79.2 20221222
80.2 20221222
116 20221222
77.6 20221222
83.8 20221222
80.3 20221222
80.7 20221222
116 20221222
76.5 20221222
81.6 20221222
80.1 20221222
77.7 20221222
78.3 20221222
76.1 20221222
77.2 20221222
78.6 20221222
75.5 20221222
77.8 20221222
78.9 20221222
120 20221222
129 20221222
80.0 20221222
81.1 20221222
80.0 20221222
80.0 20221222
76.7 20221222
80.0 20221222
79.9 20221222
80.8 20221222
80.0 20221222
80.0 20221222
81.9 20221222
82.3 20221222
82.3 20221222
116 20221222
116 20221222
120 20221222
120 20221222
196 20221222
196 20221222
120 20221222
120 20221222
119 20221222
120 20221222
116 20221222
117 20221222
120 20221222
116 20221222
116 20221222
116 20221222
120 20221222
120 20221222
116 20221222
116 20221222
116 20221222
120 20221222
117 20221222
117 20221222
118 20221222
116 20221222
117 20221222
119 20221222
115 20221222
119 20221222
115 20221222
79.9 20221222
80.4 20221222
77.8 20221222
122 20221222
76.4 20221222
77.6 20221222
80.0 20221222
80.1 20221222
76.1 20221222
80.2 20221222
80.2 20221222
81.9 20221222
79.8 20221222
84.0 20221222
80.1 20221222
80.1 20221222
79.9 20221222
80.1 20221222
80.1 20221222
80.0 20221222
76.1 20221222
76.2 20221222
79.8 20221222
80.1 20221222
80.0 20221222
76.8 20221222
80.1 20221222
80.2 20221222
80.0 20221222
81.9 20221222
116 20221222
118 20221222
120 20221222
120 20221222
120 20221222
80.6 20221222
116 20221222
78.7 20221222
82.1 20221222
79.9 20221222
77.2 20221222
77.5 20221222
77.5 20221222
80.1 20221222
80.2 20221222
80.1 20221222
76.2 20221222
81.6 20221222
81.1 20221222
116 20221222
116 20221222
113 20221222
119 20221222
120 20221222
83.2 20221222
116 20221222
116 20221222
120 20221222
80.2 20221222
80.2 20221222
80.1 20221222
83.4 20221222
116 20221222
79.9 20221222
80.0 20221222
76.5 20221222
76.3 20221222
80.0 20221222
80.0 20221222
120 20221222
80.3 20221222
82.5 20221222
82.5 20221222
81.5 20221222
80.0 20221222
76.4 20221222
78.8 20221222
80.1 20221222
79.2 20221222
77.1 20221222
80.3 20221222
80.0 20221222
79.9 20221222
117 20221222
117 20221222
80.1 20221222
80.1 20221222
116 20221222
117 20221222
80.0 20221222
76.8 20221222
76.2 20221222
80.0 20221222
76.1 20221222
80.0 20221222
76.3 20221222
77.4 20221222
80.0 20221222
80.1 20221222
80.0 20221222
80.3 20221222
80.1 20221222
80.1 20221222
80.0 20221222
79.9 20221222
80.9 20221222
77.5 20221222
73.6 20221222
79.9 20221222
80.0 20221222
76.0 20221222
76.6 20221222
76.3 20221222
76.6 20221222
76.3 20221222
80.2 20221222
80.2 20221222
81.9 20221222
80.2 20221222
77.4 20221222
80.0 20221222
80.0 20221222
80.1 20221222
74.9 20221222
120 20221222
83.2 20221222
120 20221222
116 20221222
120 20221222
116 20221222
116 20221222
120 20221222
120 20221222
119 20221222
120 20221222
117 20221222
119 20221222
81.8 20221222
76.9 20221222
77.0 20221222
77.2 20221222
80.1 20221222
78.9 20221222
80.0 20221222
77.4 20221222
80.1 20221222
76.7 20221222
156 20221222
76.0 20221222
78.5 20221222
78.3 20221222
80.3 20221222
80.2 20221222
79.8 20221222
80.1 20221222
76.9 20221222
79.8 20221222
80.1 20221222
80.0 20221222
77.3 20221222
79.2 20221222
80.1 20221222
80.0 20221222
80.1 20221222
76.5 20221222
77.1 20221222
79.9 20221222
120 20221222
78.3 20221222
116 20221222
79.4 20221222
82.3 20221222
80.4 20221222
79.4 20221222
80.0 20221222
80.1 20221222
80.4 20221222
80.8 20221222
117 20221222
120 20221222
118 20221222
125 20221222
120 20221222
62.3 20221222
98.8 20221222
96.1 20221222
90.1 20221222
81.3 20221222
79.9 20221222
84.0 20221222
80.0 20221222
80.0 20221222
77.0 20221222
77.3 20221222
80.0 20221222
80.0 20221222
76.7 20221222
77.3 20221222
79.0 20221222
76.5 20221222
76.7 20221222
79.9 20221222
81.3 20221222
196 20221222
82.7 20221222
120 20221222
119 20221222
116 20221222
116 20221222
196 20221222
116 20221222
120 20221222
120 20221222
119 20221222
116 20221222
117 20221222
118 20221222
80.1 20221222
80.2 20221222
77.3 20221222
78.7 20221222
79.2 20221222
120 20221222
120 20221222
120 20221222
117 20221222
118 20221222
120 20221222
120 20221222
118 20221222
80.1 20221222
80.3 20221222
81.8 20221222
78.1 20221222
79.1 20221222
80.3 20221222
76.9 20221222
77.3 20221222
80.6 20221222
77.7 20221222
81.1 20221222
80.2 20221222
116 20221222
79.1 20221222
112 20221222
83.3 20221222
80.0 20221222
80.8 20221222
77.3 20221222
82.0 20221222
116 20221222
80.3 20221222
80.8 20221222
120 20221222
116 20221222
117 20221222
120 20221222
119 20221222
80.1 20221222
79.8 20221222
80.1 20221222
80.0 20221222
120 20221222
80.0 20221222
79.9 20221222
76.5 20221222
76.6 20221222
80.1 20221222
80.0 20221222
79.7 20221222
80.0 20221222
113 20221222
80.0 20221222
120 20221222
120 20221222
84.9 20221222
119 20221222
120 20221222
81.4 20221222
116 20221222
116 20221222
117 20221222
119 20221222
80.3 20221222
118 20221222
119 20221222
81.2 20221222
80.1 20221222
80.1 20221222
80.1 20221222
76.4 20221222
80.0 20221222
79.9 20221222
80.1 20221222
82.4 20221222
120 20221222
117 20221222
78.1 20221222
120 20221222
83.9 20221222
80.2 20221222
78.5 20221222
81.9 20221222
80.4 20221222
77.2 20221222
80.2 20221222
79.9 20221222
79.8 20221222
80.1 20221222
79.8 20221222
77.5 20221222
78.6 20221222
79.9 20221222
78.8 20221222
80.2 20221222
117 20221222
117 20221222
82.7 20221222
119 20221222
83.4 20221222
119 20221222
119 20221222
120 20221222
120 20221222
119 20221222
160 20221222
116 20221222
117 20221222
113 20221222
120 20221222
79.9 20221222
120 20221222
79.8 20221222
80.2 20221222
80.2 20221222
80.2 20221222
80.2 20221222
120 20221222
157 20221222
77.8 20221222
80.3 20221222
120 20221222
120 20221222
80.1 20221222
79.9 20221222
120 20221222
117 20221222
78.1 20221222
79.7 20221222
79.9 20221222
80.0 20221222
76.7 20221222
76.0 20221222
79.8 20221222
79.9 20221222
79.9 20221222
76.6 20221222
77.7 20221222
83.0 20221222
120 20221222
115 20221222
120 20221222
116 20221222
120 20221222
123 20221222
119 20221222
79.2 20221222
79.5 20221222
79.9 20221222
79.9 20221222
116 20221222
76.9 20221222
77.2 20221222
120 20221222
117 20221222
117 20221222
120 20221222
116 20221222
116 20221222
120 20221222
120 20221222
120 20221222
116 20221222
120 20221222
119 20221222
116 20221222
117 20221222
114 20221222
80.0 20221222
80.0 20221222
78.4 20221222
118 20221222
80.0 20221222
80.0 20221222
120 20221222
117 20221222
118 20221222
80.1 20221222
80.0 20221222
116 20221222
116 20221222
120 20221222
116 20221222
124 20221222
120 20221222
121 20221222
117 20221222
124 20221222
120 20221222
80.0 20221222
77.3 20221222
78.4 20221222
80.0 20221222
77.4 20221222
78.5 20221222
76.4 20221222
118 20221222
121 20221222
79.9 20221222
116 20221222
117 20221222
118 20221222
120 20221222
120 20221222
120 20221222
120 20221222
120 20221222
116 20221222
116 20221222
116 20221222
116 20221222
116 20221222
120 20221222
120 20221222
120 20221222
120 20221222
116 20221222
117 20221222
120 20221222
119 20221222
120 20221222
116 20221222
116 20221222
120 20221222
120 20221222
120 20221222
120 20221222
120 20221222
120 20221222
80.1 20221222
79.9 20221222
78.2 20221222
80.1 20221222
76.3 20221222
77.0 20221222
81.6 20221222
79.5 20221222
79.9 20221222
120 20221222
120 20221222
80.0 20221222
84.1 20221222
80.1 20221222
79.9 20221222
80.0 20221222
77.7 20221222
76.8 20221222
77.0 20221222
77.4 20221222
77.7 20221222
80.0 20221222
81.1 20221222
78.4 20221222
83.5 20221222
120 20221222
120 20221222
116 20221222
116 20221222
120 20221222
83.8 20221222
115 20221222
116 20221222
116 20221222
119 20221222
119 20221222
80.0 20221222
120 20221222
116 20221222
116 20221222
116 20221222
79.7 20221222
120 20221222
116 20221222
116 20221222
79.8 20221222
120 20221222
79.9 20221222
80.1 20221222
80.0 20221222
79.7 20221222
79.8 20221222
79.0 20221222
76.0 20221222
79.9 20221222
80.0 20221222
76.0 20221222
76.8 20221222
79.8 20221222
79.9 20221222
76.8 20221222
80.0 20221222
79.9 20221222
120 20221222
77.2 20221222
80.2 20221222
80.0 20221222
84.1 20221222
80.1 20221222
87.7 20221222
71.6 20221222
80.2 20221222
80.1 20221222
76.0 20221222
80.1 20221222
77.1 20221222
78.1 20221222
80.1 20221222
79.9 20221222
76.9 20221222
79.9 20221222
80.0 20221222
80.4 20221222
77.1 20221222
77.7 20221222
83.9 20221222
80.1 20221222
78.2 20221222
80.0 20221222
79.2 20221222
76.4 20221222
75.8 20221222
83.0 20221222
80.0 20221222
120 20221222
116 20221222
124 20221222
119 20221222
119 20221222
119 20221222
119 20221222
119 20221222
120 20221222
116 20221222
119 20221222
80.2 20221222
84.0 20221222
80.0 20221222
80.0 20221222
80.0 20221222
120 20221222
76.0 20221222
76.4 20221222
76.1 20221222
80.0 20221222
80.0 20221222
80.8 20221222
77.9 20221222
118 20221222
80.0 20221222
80.0 20221222
77.5 20221222
78.0 20221222
79.9 20221222
79.9 20221222
79.7 20221222
80.1 20221222
119 20221222
117 20221222
115 20221222
116 20221222
119 20221222
119 20221222
117 20221222
78.0 20221222
80.0 20221222
80.0 20221222
120 20221222
80.0 20221222
80.0 20221222
80.0 20221222
80.1 20221222
80.0 20221222
79.7 20221222
79.4 20221222
79.8 20221222
79.9 20221222
116 20221222
80.1 20221222
76.6 20221222
77.1 20221222
83.8 20221222
80.1 20221222
120 20221222
80.0 20221222
75.9 20221222
80.2 20221222
80.0 20221222
81.8 20221222
76.1 20221222
77.8 20221222
79.2 20221222
80.0 20221222
80.0 20221222
76.7 20221222
157 20221222
80.1 20221222
80.0 20221222
76.6 20221222
72.4 20221222
80.0 20221222
80.0 20221222
80.0 20221222
76.6 20221222
80.0 20221222
80.1 20221222
80.0 20221222
80.0 20221222
76.3 20221222
76.4 20221222
80.0 20221222
80.1 20221222
76.0 20221222
80.0 20221222
75.9 20221222
79.9 20221222
79.8 20221222
75.9 20221222
80.0 20221222
80.0 20221222
76.0 20221222
80.0 20221222
77.2 20221222
78.0 20221222
79.6 20221222
84.1 20221222
79.8 20221222
79.8 20221222
76.7 20221222
73.0 20221222
76.8 20221222
153 20221222
119 20221222
116 20221222
116 20221222
79.7 20221222
120 20221222
116 20221222
76.6 20221222
79.9 20221222
80.2 20221222
80.1 20221222
80.0 20221222
159 20221222
80.1 20221222
78.4 20221222
82.4 20221222
83.0 20221222
117 20221222
119 20221222
119 20221222
117 20221222
119 20221222
119 20221222
79.9 20221222
119 20221222
80.1 20221222
80.5 20221222
79.8 20221222
80.0 20221222
75.8 20221222
80.1 20221222
80.0 20221222
80.0 20221222
80.0 20221222
76.9 20221222
80.3 20221222
80.0 20221222
79.9 20221222
76.3 20221222
80.0 20221222
75.9 20221222
116 20221222
116 20221222
116 20221222
120 20221222
200 20221222
116 20221222
119 20221222
79.8 20221222
115 20221222
119 20221222
76.9 20221222
118 20221222
80.1 20221222
77.9 20221222
79.2 20221222
79.6 20221222
79.7 20221222
80.2 20221222
76.9 20221222
118 20221222
120 20221222
120 20221222
116 20221222
117 20221222
120 20221222
80.2 20221222
77.1 20221222
79.0 20221222
80.1 20221222
76.1 20221222
80.0 20221222
80.1 20221222
80.1 20221222
80.2 20221222
76.2 20221222
77.8 20221222
76.1 20221222
77.3 20221222
80.6 20221222
81.7 20221222
81.7 20221222
79.1 20221222
81.8 20221222
117 20221222
120 20221222
120 20221222
120 20221222
120 20221222
118 20221222
120 20221222
117 20221222
118 20221222
116 20221222
115 20221222
120 20221222
118 20221222
120 20221222
119 20221222
109 20221222
120 20221222
107 20221222
80.0 20221222
80.1 20221222
76.2 20221222
79.9 20221222
80.0 20221222
80.0 20221222
75.9 20221222
66.2 20221222
62.8 20221222
63.7 20221222
61.6 20221222
61.5 20221222
92.8 20221222
92.2 20221222
83.8 20221222
88.4 20221222
81.5 20221222
78.2 20221222
63.0 20221222
65.0 20221222
67.0 20221222
80.0 20221222
81.6 20221222
80.0 20221222
77.2 20221222
78.8 20221222
80.5 20221222
76.5 20221222
77.5 20221222
80.0 20221222
80.0 20221222
77.4 20221222
77.5 20221222
82.0 20221222
84.0 20221222
116 20221222
117 20221222
79.9 20221222
84.1 20221222
80.0 20221222
80.1 20221222
80.0 20221222
76.4 20221222
80.0 20221222
80.1 20221222
76.3 20221222
76.7 20221222
84.2 20221222
80.2 20221222
80.0 20221222
80.1 20221222
82.9 20221222
83.5 20221222
117 20221222
118 20221222
119 20221222
120 20221222
80.2 20221222
80.0 20221222
76.1 20221222
76.7 20221222
75.7 20221222
80.3 20221222
76.0 20221222
80.0 20221222
80.0 20221222
80.0 20221222
78.2 20221222
78.5 20221222
80.0 20221222
80.0 20221222
76.0 20221222
76.3 20221222
76.3 20221222
76.6 20221222
76.4 20221222
76.8 20221222
76.6 20221222
80.0 20221222
80.0 20221222
76.8 20221222
77.8 20221222
79.1 20221222
80.1 20221222
120 20221222
120 20221222
120 20221222
200 20221222
120 20221222
120 20221222
117 20221222
120 20221222
117 20221222
120 20221222
82.2 20221222
81.5 20221222
80.1 20221222
80.0 20221222
78.0 20221222
80.0 20221222
80.0 20221222
76.0 20221222
78.1 20221222
80.1 20221222
80.0 20221222
76.0 20221222
76.8 20221222
77.6 20221222
79.9 20221222
80.0 20221222
76.9 20221222
77.6 20221222
80.6 20221222
122 20221222
82.7 20221222
83.4 20221222
76.1 20221222
77.3 20221222
80.0 20221222
76.4 20221222
79.9 20221222
79.9 20221222
79.9 20221222
79.9 20221222
81.5 20221222
80.0 20221222
78.8 20221222
79.1 20221222
81.9 20221222
81.3 20221222
80.6 20221222
76.7 20221222
77.4 20221222
79.3 20221222
77.8 20221222
78.4 20221222
80.1 20221222
80.1 20221222
76.0 20221222
78.1 20221222
76.1 20221222
76.1 20221222
77.5 20221222
119 20221222
80.2 20221222
80.1 20221222
80.0 20221222
79.9 20221222
76.4 20221222
73.2 20221222
80.1 20221222
80.2 20221222
80.1 20221222
77.7 20221222
78.2 20221222
78.7 20221222
80.3 20221222
80.0 20221222
80.1 20221222
75.8 20221222
77.3 20221222
74.2 20221222
80.1 20221222
79.9 20221222
80.0 20221222
77.4 20221222
77.7 20221222
81.8 20221222
79.9 20221222
82.4 20221222
120 20221222
83.4 20221222
119 20221222
115 20221222
156 20221222
80.0 20221222
80.1 20221222
63.6 20221222
80.0 20221222
80.0 20221222
80.0 20221222
79.9 20221222
79.9 20221222
80.0 20221222
79.9 20221222
80.1 20221222
76.9 20221222
77.5 20221222
78.4 20221222
80.0 20221222
80.0 20221222
80.1 20221222
78.2 20221222
80.2 20221222
75.8 20221222
77.2 20221222
84.2 20221222
80.1 20221222
77.0 20221222
77.1 20221222
78.0 20221222
80.2 20221222
76.2 20221222
79.8 20221222
80.4 20221222
80.1 20221222
75.9 20221222
76.3 20221222
80.0 20221222
77.2 20221222
76.2 20221222
119 20221222
80.0 20221222
80.1 20221222
117 20221222
120 20221222
120 20221222
120 20221222
117 20221222
117 20221222
80.4 20221222
80.0 20221222
77.5 20221222
74.7 20221222
80.3 20221222
80.0 20221222
76.0 20221222
77.6 20221222
119 20221222
120 20221222
116 20221222
118 20221222
81.3 20221222
120 20221222
81.9 20221222
79.8 20221222
76.0 20221222
80.3 20221222
83.3 20221222
80.0 20221222
77.0 20221222
79.9 20221222
80.0 20221222
79.9 20221222
80.0 20221222
80.0 20221222
76.3 20221222
119 20221222
77.0 20221222
77.8 20221222
80.2 20221222
120 20221222
79.8 20221222
79.8 20221222
77.0 20221222
79.9 20221222
80.0 20221222
76.7 20221222
79.7 20221222
79.9 20221222
121 20221222
78.3 20221222
79.0 20221222
79.9 20221222
79.9 20221222
76.7 20221222
80.2 20221222
77.3 20221222
78.3 20221222
80.4 20221222
80.1 20221222
80.3 20221222
77.2 20221222
78.2 20221222
79.8 20221222
78.6 20221222
80.0 20221222
80.3 20221222
80.1 20221222
79.9 20221222
80.0 20221222
77.2 20221222
77.6 20221222
80.1 20221222
76.3 20221222
76.5 20221222
83.9 20221222
83.5 20221222
80.0 20221222
76.7 20221222
80.1 20221222
80.1 20221222
80.1 20221222
80.2 20221222
80.0 20221222
80.0 20221222
76.6 20221222
80.1 20221222
80.0 20221222
80.0 20221222
156 20221222
80.0 20221222
80.0 20221222
79.9 20221222
80.0 20221222
80.0 20221222
80.1 20221222
80.1 20221222
80.6 20221222
77.5 20221222
78.5 20221222
120 20221222
118 20221222
119 20221222
116 20221222
75.8 20221222
80.0 20221222
76.3 20221222
80.1 20221222
79.9 20221222
80.0 20221222
116 20221222
80.0 20221222
80.1 20221222
82.9 20221222
80.9 20221222
276 20221222
119 20221222
119 20221222
116 20221222
117 20221222
119 20221222
116 20221222
116 20221222
120 20221222
119 20221222
120 20221222
80.1 20221222
80.1 20221222
79.9 20221222
80.0 20221222
80.2 20221222
79.8 20221222
79.8 20221222
80.0 20221222
80.0 20221222
80.1 20221222
76.0 20221222
76.8 20221222
76.5 20221222
80.0 20221222
80.0 20221222
76.4 20221222
80.1 20221222
80.0 20221222
83.2 20221222
79.7 20221222
120 20221222
119 20221222
83.3 20221222
119 20221222
116 20221222
119 20221222
119 20221222
119 20221222
119 20221222
119 20221222
120 20221222
117 20221222
117 20221222
119 20221222
120 20221222
117 20221222
118 20221222
120 20221222
120 20221222
116 20221222
118 20221222
120 20221222
120 20221222
115 20221222
120 20221222
80.1 20221222
80.0 20221222
80.0 20221222
79.3 20221222
84.2 20221222
79.9 20221222
80.0 20221222
79.9 20221222
76.8 20221222
76.8 20221222
80.4 20221222
76.3 20221222
76.4 20221222
77.6 20221222
79.9 20221222
80.0 20221222
79.9 20221222
76.7 20221222
77.1 20221222
79.9 20221222
76.7 20221222
77.2 20221222
80.0 20221222
77.1 20221222
78.6 20221222
80.5 20221222
80.4 20221222
79.9 20221222
119 20221222
120 20221222
120 20221222
120 20221222
120 20221222
120 20221222
116 20221222
116 20221222
120 20221222
120 20221222
119 20221222
120 20221222
116 20221222
120 20221222
80.0 20221222
76.3 20221222
80.0 20221222
77.4 20221222
80.0 20221222
76.0 20221222
76.6 20221222
76.5 20221222
84.1 20221222
76.2 20221222
82.0 20221222
79.9 20221222
116 20221222
117 20221222
120 20221222
79.8 20221222
80.1 20221222
80.3 20221222
76.8 20221222
77.3 20221222
80.0 20221222
77.4 20221222
78.1 20221222
80.2 20221222
77.1 20221222
79.8 20221222
77.4 20221222
77.7 20221222
79.0 20221222
77.3 20221222
78.7 20221222
80.2 20221222
77.5 20221222
79.1 20221222
119 20221222
116 20221222
117 20221222
119 20221222
80.1 20221222
78.2 20221222
78.9 20221222
80.2 20221222
77.3 20221222
78.6 20221222
80.0 20221222
116 20221222
117 20221222
80.0 20221222
79.9 20221222
156 20221222
76.2 20221222
80.0 20221222
79.9 20221222
80.0 20221222
76.7 20221222
76.2 20221222
77.2 20221222
80.1 20221222
156 20221222
82.4 20221222
120 20221222
80.2 20221222
76.2 20221222
77.2 20221222
78.9 20221222
79.8 20221222
79.4 20221222
80.3 20221222
80.1 20221222
77.7 20221222
78.7 20221222
76.3 20221222
77.2 20221222
119 20221222
119 20221222
115 20221222
116 20221222
119 20221222
119 20221222
119 20221222
117 20221222
79.8 20221222
79.9 20221222
79.9 20221222
75.8 20221222
156 20221222
79.7 20221222
80.0 20221222
119 20221222
119 20221222
119 20221222
116 20221222
76.3 20221222
79.9 20221222
79.6 20221222
76.4 20221222
76.5 20221222
79.9 20221222
77.7 20221222
117 20221222
83.6 20221222
117 20221222
120 20221222
119 20221222
80.2 20221222
119 20221222
80.1 20221222
75.9 20221222
80.2 20221222
115 20221222
80.2 20221222
120 20221222
75.9 20221222
79.7 20221222
84.0 20221222
80.0 20221222
115 20221222
80.8 20221222
117 20221222
117 20221222
80.0 20221222
77.0 20221222
79.9 20221222
76.0 20221222
79.8 20221222
120 20221222
77.1 20221222
160 20221222
119 20221222
120 20221222
117 20221222
120 20221222
120 20221222
118 20221222
115 20221222
119 20221222
119 20221222
120 20221222
118 20221222
120 20221222
83.3 20221222
117 20221222
78.6 20221222
83.1 20221222
82.5 20221222
78.4 20221222
112 20221222
81.5 20221222
116 20221222
119 20221222
124 20221222
120 20221222
116 20221222
116 20221222
119 20221222
119 20221222
80.0 20221222
119 20221222
116 20221222
113 20221222
80.1 20221222
80.2 20221222
79.9 20221222
81.3 20221222
87.4 20221222
80.0 20221222
82.8 20221222
80.0 20221222
82.7 20221222
83.1 20221222
82.5 20221222
83.0 20221222
115 20221222
79.7 20221222
83.1 20221222
116 20221222
80.1 20221222
120 20221222
117 20221222
118 20221222
83.3 20221222
119 20221222
117 20221222
120 20221222
119 20221222
117 20221222
118 20221222
119 20221222
116 20221222
117 20221222
116 20221222
117 20221222
120 20221222
115 20221222
117 20221222
119 20221222
116 20221222
157 20221222
120 20221222
117 20221222
120 20221222
120 20221222
115 20221222
117 20221222
118 20221222
119 20221222
118 20221222
119 20221222
120 20221222
118 20221222
81.4 20221222
80.3 20221222
80.2 20221222
77.1 20221222
81.5 20221222
78.0 20221222
80.0 20221222
80.0 20221222
76.7 20221222
77.6 20221222
83.4 20221222
116 20221222
80.1 20221222
76.8 20221222
120 20221222
116 20221222
120 20221222
120 20221222
120 20221222
80.0 20221222
116 20221222
80.0 20221222
80.1 20221222
120 20221222
116 20221222
117 20221222
79.9 20221222
79.9 20221222
79.8 20221222
80.2 20221222
80.2 20221222
80.2 20221222
80.2 20221222
80.0 20221222
80.0 20221222
80.2 20221222
80.2 20221222
80.1 20221222
80.2 20221222
81.8 20221222
78.1 20221222
79.2 20221222
80.0 20221222
80.8 20221222
77.8 20221222
77.2 20221222
79.8 20221222
76.0 20221222
76.7 20221222
75.9 20221222
77.3 20221222
80.0 20221222
80.0 20221222
79.9 20221222
77.3 20221222
80.2 20221222
80.4 20221222
78.5 20221222
79.5 20221222
80.1 20221222
81.0 20221222
80.0 20221222
77.2 20221222
80.1 20221222
80.3 20221222
77.4 20221222
78.0 20221222
120 20221222
120 20221222
120 20221222
108 20221222
84.0 20221222
79.9 20221222
79.7 20221222
80.0 20221222
80.2 20221222
76.6 20221222
76.0 20221222
77.2 20221222
118 20221222
80.0 20221222
80.1 20221222
77.6 20221222
114 20221222
117 20221222
119 20221222
120 20221222
116 20221222
80.3 20221222
80.4 20221222
76.5 20221222
76.4 20221222
79.9 20221222
77.9 20221222
80.1 20221222
80.2 20221222
76.6 20221222
120 20221222
80.1 20221222
80.0 20221222
116 20221222
117 20221222
159 20221222
116 20221222
118 20221222
120 20221222
118 20221222
120 20221222
117 20221222
120 20221222
116 20221222
117 20221222
120 20221222
116 20221222
116 20221222
120 20221222
117 20221222
118 20221222
120 20221222
120 20221222
116 20221222
156 20221222
112 20221222
120 20221222
120 20221222
120 20221222
116 20221222
116 20221222
160 20221222
80.1 20221222
77.8 20221222
76.6 20221222
81.7 20221222
80.0 20221222
78.1 20221222
120 20221222
116 20221222
116 20221222
120 20221222
120 20221222
120 20221222
117 20221222
118 20221222
120 20221222
118 20221222
78.8 20221222
116 20221222
119 20221222
116 20221222
117 20221222
120 20221222
80.1 20221222
80.0 20221222
79.8 20221222
80.0 20221222
76.5 20221222
76.4 20221222
81.0 20221222
120 20221222
117 20221222
81.5 20221222
80.1 20221222
80.0 20221222
81.6 20221222
78.8 20221222
80.1 20221222
76.1 20221222
80.1 20221222
80.1 20221222
80.2 20221222
77.2 20221222
80.2 20221222
80.3 20221222
77.5 20221222
78.4 20221222
80.2 20221222
80.2 20221222
120 20221222
156 20221222
118 20221222
120 20221222
120 20221222
118 20221222
117 20221222
114 20221222
116 20221222
80.2 20221222
82.6 20221222
79.9 20221222
119 20221222
117 20221222
119 20221222
80.0 20221222
79.9 20221222
115 20221222
79.9 20221222
80.1 20221222
76.6 20221222
120 20221222
80.2 20221222
76.6 20221222
79.7 20221222
80.0 20221222
76.4 20221222
77.2 20221222
75.2 20221222
79.7 20221222
79.9 20221222
76.4 20221222
79.9 20221222
80.2 20221222
77.1 20221222
78.0 20221222
80.0 20221222
80.0 20221222
79.8 20221222
76.3 20221222
76.3 20221222
80.1 20221222
79.9 20221222
80.0 20221222
76.0 20221222
79.8 20221222
76.1 20221222
76.3 20221222
84.2 20221222
76.2 20221222
78.4 20221222
78.9 20221222
76.0 20221222
80.0 20221222
76.0 20221222
76.3 20221222
80.0 20221222
80.1 20221222
76.9 20221222
77.6 20221222
75.1 20221222
80.4 20221222
80.1 20221222
80.3 20221222
78.2 20221222
80.1 20221222
80.0 20221222
77.1 20221222
80.0 20221222
89.1 20221222
81.9 20221222
95.5 20221222
116 20221222
119 20221222
120 20221222
120 20221222
120 20221222
120 20221222
120 20221222
87.1 20221222
83.0 20221222
84.0 20221222
80.7 20221222
85.4 20221222
82.4 20221222
80.2 20221222
82.0 20221222
81.0 20221222
89.1 20221222
79.8 20221222
62.1 20221222
100 20221222
100 20221222
100 20221222
80.1 20221222
80.1 20221222
80.1 20221222
80.0 20221222
79.8 20221222
79.8 20221222
79.9 20221222
79.9 20221222
77.0 20221222
78.3 20221222
80.2 20221222
80.1 20221222
80.1 20221222
76.1 20221222
78.3 20221222
119 20221222
120 20221222
116 20221222
116 20221222
80.0 20221222
119 20221222
117 20221222
117 20221222
120 20221222
119 20221222
117 20221222
116 20221222
116 20221222
120 20221222
120 20221222
120 20221222
83.6 20221222
83.2 20221222
80.6 20221222
116 20221222
80.1 20221222
72.2 20221222
68.1 20221222
80.0 20221222
120 20221222
80.4 20221222
120 20221222
196 20221222
120 20221222
120 20221222
120 20221222
121 20221222
117 20221222
116 20221222
117 20221222
82.0 20221222
83.4 20221222
120 20221222
83.0 20221222
80.2 20221222
80.1 20221222
76.4 20221222
76.7 20221222
77.6 20221222
78.8 20221222
83.8 20221222
80.1 20221222
80.1 20221222
80.2 20221222
80.1 20221222
80.0 20221222
79.9 20221222
116 20221222
77.5 20221222
80.0 20221222
79.9 20221222
120 20221222
80.0 20221222
80.0 20221222
80.1 20221222
76.4 20221222
76.8 20221222
80.0 20221222
84.0 20221222
80.1 20221222
80.1 20221222
80.2 20221222
78.0 20221222
80.1 20221222
80.2 20221222
80.2 20221222
77.2 20221222
117 20221222
120 20221222
118 20221222
120 20221222
120 20221222
116 20221222
120 20221222
80.0 20221222
84.2 20221222
80.1 20221222
76.0 20221222
80.1 20221222
80.0 20221222
160 20221222
79.9 20221222
80.0 20221222
80.0 20221222
79.9 20221222
80.0 20221222
80.1 20221222
83.0 20221222
76.0 20221222
76.7 20221222
76.9 20221222
77.4 20221222
80.0 20221222
80.0 20221222
80.1 20221222
80.0 20221222
80.1 20221222
80.0 20221222
77.6 20221222
77.5 20221222
79.8 20221222
80.1 20221222
77.3 20221222
121 20221222
80.1 20221222
80.0 20221222
76.4 20221222
77.7 20221222
79.0 20221222
80.3 20221222
80.0 20221222
80.2 20221222
77.8 20221222
78.8 20221222
76.9 20221222
117 20221222
80.4 20221222
80.1 20221222
80.1 20221222
120 20221222
120 20221222
124 20221222
124 20221222
81.0 20221222
117 20221222
79.2 20221222
120 20221222
82.0 20221222
116 20221222
81.7 20221222
83.1 20221222
81.6 20221222
120 20221222
102 20221222
120 20221222
89.8 20221222
120 20221222
116 20221222
120 20221222
120 20221222
120 20221222
116 20221222
120 20221222
119 20221222
120 20221222
117 20221222
118 20221222
80.8 20221222
80.7 20221222
77.2 20221222
79.3 20221222
120 20221222
80.0 20221222
79.8 20221222
80.3 20221222
80.1 20221222
80.3 20221222
119 20221222
119 20221222
123 20221222
79.9 20221222
80.2 20221222
80.1 20221222
80.2 20221222
80.0 20221222
80.0 20221222
79.8 20221222
80.1 20221222
80.9 20221222
117 20221222
118 20221222
120 20221222
76.0 20221222
76.6 20221222
77.3 20221222
80.0 20221222
120 20221222
77.4 20221222
77.3 20221222
116 20221222
120 20221222
117 20221222
116 20221222
117 20221222
119 20221222
116 20221222
117 20221222
114 20221222
120 20221222
116 20221222
84.0 20221222
120 20221222
80.7 20221222
120 20221222
120 20221222
156 20221222
120 20221222
116 20221222
120 20221222
120 20221222
83.1 20221222
120 20221222
119 20221222
115 20221222
236 20221222
114 20221222
119 20221222
115 20221222
76.6 20221222
77.3 20221222
81.3 20221222
82.3 20221222
82.5 20221222
119 20221222
120 20221222
83.4 20221222
120 20221222
117 20221222
158 20221222
80.5 20221222
81.4 20221222
120 20221222
79.5 20221222
120 20221222
120 20221222
116 20221222
118 20221222
116 20221222
117 20221222
83.4 20221222
80.0 20221222
80.4 20221222
80.0 20221222
77.4 20221222
78.3 20221222
75.3 20221222
76.7 20221222
78.1 20221222
80.1 20221222
80.2 20221222
80.1 20221222
80.2 20221222
119 20221222
120 20221222
120 20221222
120 20221222
120 20221222
120 20221222
120 20221222
118 20221222
184 20221222
120 20221222
71.9 20221222
78.0 20221222
79.6 20221222
80.7 20221222
82.9 20221222
120 20221222
120 20221222
120 20221222
83.6 20221222
116 20221222
116 20221222
113 20221222
120 20221222
116 20221222
80.5 20221222
120 20221222
119 20221222
116 20221222
118 20221222
119 20221222
120 20221222
117 20221222
160 20221222
116 20221222
117 20221222
78.7 20221222
120 20221222
116 20221222
76.8 20221222
116 20221222
78.4 20221222
78.1 20221222
120 20221222
120 20221222
84.0 20221222
120 20221222
80.9 20221222
117 20221222
117 20221222
78.9 20221222
119 20221222
119 20221222
116 20221222
117 20221222
80.0 20221222
84.0 20221222
80.3 20221222
75.7 20221222
79.9 20221222
80.0 20221222
80.0 20221222
79.9 20221222
75.9 20221222
76.8 20221222
80.1 20221222
80.0 20221222
80.0 20221222
119 20221222
119 20221222
115 20221222
119 20221222
120 20221222
116 20221222
117 20221222
119 20221222
120 20221222
116 20221222
116 20221222
119 20221222
116 20221222
116 20221222
120 20221222
115 20221222
80.0 20221222
80.0 20221222
76.5 20221222
80.0 20221222
79.9 20221222
79.9 20221222
79.9 20221222
76.9 20221222
76.9 20221222
80.2 20221222
76.6 20221222
76.7 20221222
120 20221222
116 20221222
116 20221222
80.0 20221222
80.2 20221222
120 20221222
120 20221222
120 20221222
120 20221222
85.4 20221222
81.7 20221222
117 20221222
80.1 20221222
76.6 20221222
80.1 20221222
80.2 20221222
80.0 20221222
77.5 20221222
78.7 20221222
79.4 20221222
80.2 20221222
80.1 20221222
75.9 20221222
76.5 20221222
84.2 20221222
80.0 20221222
80.2 20221222
80.0 20221222
78.1 20221222
120 20221222
120 20221222
120 20221222
116 20221222
118 20221222
117 20221222
114 20221222
120 20221222
80.0 20221222
120 20221222
120 20221222
116 20221222
117 20221222
118 20221222
79.9 20221222
77.1 20221222
78.3 20221222
79.9 20221222
77.4 20221222
80.0 20221222
76.2 20221222
77.2 20221222
80.1 20221222
79.9 20221222
76.2 20221222
76.7 20221222
74.9 20221222
80.2 20221222
75.8 20221222
79.1 20221222
77.4 20221222
80.1 20221222
80.1 20221222
76.1 20221222
76.8 20221222
78.8 20221222
79.3 20221222
117 20221222
78.7 20221222
80.0 20221222
76.1 20221222
77.1 20221222
118 20221222
79.8 20221222
80.3 20221222
80.2 20221222
76.5 20221222
77.3 20221222
80.1 20221222
80.3 20221222
80.2 20221222
79.9 20221222
80.1 20221222
79.9 20221222
80.1 20221222
77.1 20221222
76.1 20221222
76.4 20221222
80.2 20221222
80.1 20221222
79.5 20221222
79.2 20221222
79.5 20221222
80.7 20221222
81.2 20221222
120 20221222
116 20221222
116 20221222
112 20221222
120 20221222
120 20221222
120 20221222
119 20221222
156 20221222
80.4 20221222
120 20221222
82.8 20221222
82.5 20221222
80.3 20221222
114 20221222
120 20221222
117 20221222
116 20221222
76.8 20221222
84.2 20221222
80.4 20221222
76.8 20221222
76.3 20221222
79.9 20221222
77.3 20221222
80.1 20221222
80.0 20221222
119 20221222
119 20221222
118 20221222
115 20221222
116 20221222
80.1 20221222
120 20221222
120 20221222
120 20221222
120 20221222
117 20221222
118 20221222
120 20221222
120 20221222
120 20221222
117 20221222
116 20221222
117 20221222
116 20221222
117 20221222
120 20221222
120 20221222
117 20221222
114 20221222
120 20221222
116 20221222
115 20221222
120 20221222
120 20221222
120 20221222
79.9 20221222
120 20221222
116 20221222
120 20221222
120 20221222
120 20221222
120 20221222
120 20221222
120 20221222
120 20221222
80.1 20221222
120 20221222
120 20221222
117 20221222
117 20221222
79.9 20221222
80.0 20221222
80.3 20221222
156 20221222
117 20221222
80.1 20221222
76.1 20221222
80.0 20221222
76.0 20221222
76.5 20221222
76.3 20221222
80.1 20221222
80.0 20221222
80.0 20221222
76.6 20221222
116 20221222
80.0 20221222
80.1 20221222
78.7 20221222
80.1 20221222
80.0 20221222
80.0 20221222
77.8 20221222
80.0 20221222
80.0 20221222
77.3 20221222
80.2 20221222
80.3 20221222
80.0 20221222
80.0 20221222
76.3 20221222
76.3 20221222
76.5 20221222
80.1 20221222
76.5 20221222
80.0 20221222
76.2 20221222
76.6 20221222
80.0 20221222
80.2 20221222
76.5 20221222
76.2 20221222
116 20221222
80.1 20221222
76.7 20221222
76.2 20221222
80.0 20221222
80.2 20221222
80.0 20221222
80.0 20221222
76.4 20221222
80.0 20221222
76.9 20221222
120 20221222
80.0 20221222
80.0 20221222
77.8 20221222
79.1 20221222
120 20221222
120 20221222
117 20221222
120 20221222
120 20221222
116 20221222
120 20221222
117 20221222
118 20221222
120 20221222
120 20221222
118 20221222
120 20221222
120 20221222
117 20221222
118 20221222
82.8 20221222
80.3 20221222
78.4 20221222
79.2 20221222
80.3 20221222
80.2 20221222
76.2 20221222
77.7 20221222
78.6 20221222
80.2 20221222
77.3 20221222
78.9 20221222
120 20221222
77.7 20221222
119 20221222
120 20221222
80.2 20221222
80.1 20221222
80.3 20221222
80.0 20221222
76.2 20221222
78.3 20221222
79.9 20221222
79.9 20221222
80.1 20221222
120 20221222
76.9 20221222
77.4 20221222
120 20221222
80.1 20221222
80.0 20221222
76.5 20221222
80.0 20221222
81.9 20221222
81.8 20221222
120 20221222
83.2 20221222
119 20221222
116 20221222
116 20221222
120 20221222
120 20221222
116 20221222
116 20221222
113 20221222
119 20221222
119 20221222
119 20221222
119 20221222
117 20221222
118 20221222
120 20221222
120 20221222
116 20221222
78.5 20221222
80.2 20221222
80.2 20221222
80.7 20221222
80.1 20221222
80.0 20221222
76.3 20221222
80.0 20221222
76.4 20221222
80.5 20221222
79.2 20221222
80.0 20221222
76.9 20221222
73.6 20221222
80.1 20221222
76.6 20221222
73.1 20221222
79.8 20221222
77.3 20221222
79.1 20221222
80.5 20221222
77.6 20221222
79.0 20221222
80.0 20221222
79.9 20221222
80.1 20221222
80.0 20221222
80.2 20221222
160 20221222
77.6 20221222
80.1 20221222
80.1 20221222
76.0 20221222
116 20221222
116 20221222
80.1 20221222
120 20221222
116 20221222
80.0 20221222
76.2 20221222
120 20221222
80.1 20221222
80.0 20221222
76.5 20221222
80.1 20221222
76.0 20221222
77.1 20221222
78.2 20221222
80.1 20221222
80.1 20221222
80.1 20221222
76.1 20221222
77.5 20221222
78.8 20221222
80.1 20221222
76.6 20221222
117 20221222
78.3 20221222
80.0 20221222
79.9 20221222
76.8 20221222
78.8 20221222
120 20221222
79.9 20221222
117 20221222
80.1 20221222
117 20221222
118 20221222
116 20221222
118 20221222
120 20221222
117 20221222
118 20221222
119 20221222
116 20221222
112 20221222
120 20221222
117 20221222
118 20221222
79.7 20221222
120 20221222
120 20221222
117 20221222
80.1 20221222
119 20221222
79.7 20221222
79.7 20221222
79.7 20221222
117 20221222
118 20221222
118 20221222
118 20221222
120 20221222
120 20221222
120 20221222
120 20221222
120 20221222
80.0 20221222
80.0 20221222
79.9 20221222
79.8 20221222
76.0 20221222
79.7 20221222
75.7 20221222
80.2 20221222
79.8 20221222
83.6 20221222
80.0 20221222
80.2 20221222
80.2 20221222
76.7 20221222
82.8 20221222
80.1 20221222
80.4 20221222
117 20221222
120 20221222
116 20221222
117 20221222
79.8 20221222
80.0 20221222
80.1 20221222
79.9 20221222
80.0 20221222
78.6 20221222
80.2 20221222
120 20221222
116 20221222
78.5 20221222
80.1 20221222
79.8 20221222
76.5 20221222
79.9 20221222
80.0 20221222
76.4 20221222
112 20221222
120 20221222
76.7 20221222
77.9 20221222
78.9 20221222
124 20221222
118 20221222
89.6 20221222
105 20221222
156 20221222
116 20221222
119 20221222
120 20221222
120 20221222
120 20221222
117 20221222
116 20221222
117 20221222
117 20221222
80.0 20221222
76.3 20221222
76.7 20221222
80.3 20221222
77.5 20221222
80.5 20221222
76.5 20221222
82.9 20221222
119 20221222
116 20221222
114 20221222
120 20221222
117 20221222
119 20221222
120 20221222
120 20221222
116 20221222
116 20221222
116 20221222
120 20221222
120 20221222
115 20221222
116 20221222
80.0 20221222
79.9 20221222
80.7 20221222
76.3 20221222
72.4 20221222
80.1 20221222
76.6 20221222
80.0 20221222
76.5 20221222
80.1 20221222
80.1 20221222
77.4 20221222
80.1 20221222
80.3 20221222
76.6 20221222
77.2 20221222
80.0 20221222
77.5 20221222
77.7 20221222
83.0 20221222
117 20221222
119 20221222
116 20221222
79.5 20221222
67.8 20221222
80.2 20221222
79.8 20221222
79.9 20221222
79.9 20221222
79.8 20221222
80.3 20221222
77.1 20221222
69.5 20221222
70.0 20221222
66.6 20221222
67.1 20221222
63.6 20221222
63.2 20221222
69.8 20221222
100 20221222
79.9 20221222
80.2 20221222
63.2 20221222
62.6 20221222
62.6 20221222
100 20221222
100 20221222
120 20221222
120 20221222
116 20221222
118 20221222
83.4 20221222
85.0 20221222
81.7 20221222
81.1 20221222
81.1 20221222
80.9 20221222
78.3 20221222
114 20221222
76.9 20221222
115 20221222
119 20221222
82.5 20221222
82.7 20221222
82.7 20221222
82.8 20221222
120 20221222
82.9 20221222
83.0 20221222
116 20221222
117 20221222
117 20221222
120 20221222
121 20221222
80.3 20221222
80.3 20221222
78.8 20221222
121 20221222
80.2 20221222
78.2 20221222
80.1 20221222
80.1 20221222
78.0 20221222
78.5 20221222
80.0 20221222
80.0 20221222
80.0 20221222
80.1 20221222
76.2 20221222
76.2 20221222
80.0 20221222
80.1 20221222
80.3 20221222
80.0 20221222
80.0 20221222
116 20221222
116 20221222
120 20221222
120 20221222
116 20221222
116 20221222
116 20221222
120 20221222
80.7 20221222
80.0 20221222
80.2 20221222
78.3 20221222
80.2 20221222
79.9 20221222
79.7 20221222
80.0 20221222
80.2 20221222
80.2 20221222
76.2 20221222
77.1 20221222
80.2 20221222
80.1 20221222
81.9 20221222
80.2 20221222
120 20221222
117 20221222
79.2 20221222
80.1 20221222
77.0 20221222
77.5 20221222
80.0 20221222
78.0 20221222
79.2 20221222
75.8 20221222
120 20221222
80.1 20221222
80.1 20221222
117 20221222
120 20221222
117 20221222
118 20221222
120 20221222
117 20221222
118 20221222
120 20221222
116 20221222
117 20221222
82.5 20221222
90.3 20221222
119 20221222
119 20221222
117 20221222
116 20221222
120 20221222
117 20221222
118 20221222
120 20221222
120 20221222
120 20221222
122 20221222
120 20221222
122 20221222
120 20221222
118 20221222
158 20221222
120 20221222
120 20221222
116 20221222
120 20221222
120 20221222
120 20221222
120 20221222
116 20221222
116 20221222
116 20221222
118 20221222
120 20221222
120 20221222
116 20221222
117 20221222
117 20221222
115 20221222
117 20221222
120 20221222
120 20221222
116 20221222
120 20221222
119 20221222
119 20221222
117 20221222
120 20221222
119 20221222
120 20221222
80.0 20221222
120 20221222
80.2 20221222
80.0 20221222
77.4 20221222
77.2 20221222
79.9 20221222
79.8 20221222
76.4 20221222
76.9 20221222
80.1 20221222
80.2 20221222
80.1 20221222
80.2 20221222
80.1 20221222
80.0 20221222
80.1 20221222
76.6 20221222
79.9 20221222
80.1 20221222
80.1 20221222
77.0 20221222
78.2 20221222
74.9 20221222
79.9 20221222
77.1 20221222
78.3 20221222
79.9 20221222
78.4 20221222
80.1 20221222
80.1 20221222
79.4 20221222
123 20221222
79.9 20221222
80.0 20221222
80.2 20221222
79.9 20221222
76.8 20221222
80.0 20221222
80.2 20221222
79.8 20221222
80.1 20221222
117 20221222
120 20221222
117 20221222
118 20221222
120 20221222
120 20221222
120 20221222
120 20221222
116 20221222
120 20221222
120 20221222
117 20221222
117 20221222
80.1 20221222
80.0 20221222
77.2 20221222
80.1 20221222
76.4 20221222
84.1 20221222
79.9 20221222
76.7 20221222
80.0 20221222
80.0 20221222
80.0 20221222
120 20221222
118 20221222
120 20221222
120 20221222
120 20221222
116 20221222
84.0 20221222
80.0 20221222
80.0 20221222
79.9 20221222
80.0 20221222
80.0 20221222
80.0 20221222
80.2 20221222
79.9 20221222
80.0 20221222
79.9 20221222
80.0 20221222
79.9 20221222
77.4 20221222
79.9 20221222
80.0 20221222
80.0 20221222
80.0 20221222
80.1 20221222
76.5 20221222
81.2 20221222
78.4 20221222
76.8 20221222
79.9 20221222
79.5 20221222
79.6 20221222
77.6 20221222
77.6 20221222
119 20221222
80.4 20221222
80.4 20221222
77.1 20221222
117 20221222
80.2 20221222
80.1 20221222
80.1 20221222
80.2 20221222
80.1 20221222
75.8 20221222
79.6 20221222
80.0 20221222
76.7 20221222
80.1 20221222
80.0 20221222
77.1 20221222
80.4 20221222
80.5 20221222
116 20221222
120 20221222
120 20221222
117 20221222
120 20221222
78.3 20221222
79.1 20221222
80.1 20221222
80.1 20221222
80.1 20221222
120 20221222
120 20221222
120 20221222
81.3 20221222
79.9 20221222
76.2 20221222
77.1 20221222
77.5 20221222
80.0 20221222
80.2 20221222
76.3 20221222
76.4 20221222
116 20221222
80.0 20221222
80.1 20221222
80.0 20221222
76.4 20221222
80.0 20221222
76.4 20221222
78.3 20221222
78.8 20221222
78.7 20221222
78.5 20221222
80.0 20221222
80.1 20221222
80.3 20221222
80.0 20221222
120 20221222
120 20221222
77.3 20221222
80.0 20221222
80.0 20221222
80.2 20221222
80.1 20221222
80.5 20221222
117 20221222
79.0 20221222
82.0 20221222
116 20221222
117 20221222
115 20221222
117 20221222
78.8 20221222
79.9 20221222
76.3 20221222
76.5 20221222
80.0 20221222
80.1 20221222
76.0 20221222
77.5 20221222
82.5 20221222
80.1 20221222
76.9 20221222
81.0 20221222
82.0 20221222
83.2 20221222
83.5 20221222
80.0 20221222
82.8 20221222
80.0 20221222
80.2 20221222
120 20221222
120 20221222
116 20221222
120 20221222
116 20221222
116 20221222
196 20221222
119 20221222
119 20221222
120 20221222
119 20221222
120 20221222
119 20221222
119 20221222
120 20221222
120 20221222
116 20221222
112 20221222
116 20221222
120 20221222
119 20221222
120 20221222
116 20221222
116 20221222
120 20221222
120 20221222
119 20221222
116 20221222
116 20221222
81.7 20221222
120 20221222
116 20221222
83.9 20221222
80.2 20221222
120 20221222
120 20221222
120 20221222
118 20221222
120 20221222
78.6 20221222
78.4 20221222
78.5 20221222
81.1 20221222
77.6 20221222
77.4 20221222
80.3 20221222
80.2 20221222
80.1 20221222
80.1 20221222
78.2 20221222
78.6 20221222
80.0 20221222
80.4 20221222
76.4 20221222
77.9 20221222
78.6 20221222
76.1 20221222
78.8 20221222
80.1 20221222
79.8 20221222
120 20221222
120 20221222
117 20221222
119 20221222
120 20221222
120 20221222
120 20221222
120 20221222
116 20221222
117 20221222
117 20221222
120 20221222
120 20221222
116 20221222
120 20221222
117 20221222
113 20221222
119 20221222
115 20221222
119 20221222
119 20221222
119 20221222
120 20221222
119 20221222
119 20221222
117 20221222
118 20221222
119 20221222
120 20221222
117 20221222
117 20221222
117 20221222
117 20221222
120 20221222
120 20221222
120 20221222
118 20221222
120 20221222
118 20221222
158 20221222
119 20221222
120 20221222
118 20221222
120 20221222
120 20221222
117 20221222
117 20221222
120 20221222
116 20221222
119 20221222
116 20221222
117 20221222
80.2 20221222
79.9 20221222
76.6 20221222
79.7 20221222
81.3 20221222
116 20221222
117 20221222
115 20221222
120 20221222
116 20221222
116 20221222
117 20221222
118 20221222
119 20221222
120 20221222
160 20221222
117 20221222
120 20221222
119 20221222
116 20221222
80.6 20221222
119 20221222
120 20221222
120 20221222
120 20221222
120 20221222
117 20221222
119 20221222
120 20221222
120 20221222
117 20221222
117 20221222
121 20221222
118 20221222
79.9 20221222
79.9 20221222
79.9 20221222
79.9 20221222
75.8 20221222
79.7 20221222
82.1 20221222
120 20221222
116 20221222
119 20221222
116 20221222
119 20221222
116 20221222
115 20221222
120 20221222
120 20221222
119 20221222
116 20221222
79.8 20221222
120 20221222
79.9 20221222
119 20221222
80.1 20221222
120 20221222
120 20221222
117 20221222
120 20221222
120 20221222
117 20221222
120 20221222
120 20221222
120 20221222
77.2 20221222
80.2 20221222
80.0 20221222
76.6 20221222
80.1 20221222
80.0 20221222
79.8 20221222
79.9 20221222
79.7 20221222
79.7 20221222
79.1 20221222
76.0 20221222
76.4 20221222
80.1 20221222
80.2 20221222
78.5 20221222
80.5 20221222
78.5 20221222
79.6 20221222
77.0 20221222
79.5 20221222
80.1 20221222
76.9 20221222
78.3 20221222
80.1 20221222
80.5 20221222
80.4 20221222
81.6 20221222
81.7 20221222
117 20221222
120 20221222
120 20221222
120 20221222
120 20221222
117 20221222
120 20221222
120 20221222
120 20221222
120 20221222
120 20221222
116 20221222
77.2 20221222
80.1 20221222
80.1 20221222
76.6 20221222
77.5 20221222
82.4 20221222
81.4 20221222
118 20221222
120 20221222
120 20221222
116 20221222
116 20221222
80.0 20221222
80.1 20221222
80.0 20221222
76.7 20221222
77.2 20221222
73.5 20221222
80.1 20221222
76.8 20221222
120 20221222
80.1 20221222
80.0 20221222
80.0 20221222
76.0 20221222
76.3 20221222
76.0 20221222
76.1 20221222
80.0 20221222
80.0 20221222
76.7 20221222
79.4 20221222
79.2 20221222
80.0 20221222
80.3 20221222
75.9 20221222
77.1 20221222
80.4 20221222
120 20221222
80.4 20221222
116 20221222
80.3 20221222
156 20221222
80.1 20221222
120 20221222
120 20221222
77.2 20221222
77.2 20221222
79.9 20221222
76.5 20221222
76.6 20221222
77.8 20221222
78.9 20221222
116 20221222
117 20221222
119 20221222
117 20221222
119 20221222
120 20221222
79.9 20221222
79.9 20221222
80.2 20221222
80.5 20221222
80.0 20221222
80.2 20221222
80.0 20221222
80.0 20221222
79.8 20221222
80.4 20221222
119 20221222
81.7 20221222
119 20221222
119 20221222
120 20221222
120 20221222
117 20221222
117 20221222
82.9 20221222
83.1 20221222
116 20221222
83.4 20221222
83.9 20221222
83.3 20221222
83.1 20221222
119 20221222
82.9 20221222
82.6 20221222
82.5 20221222
82.8 20221222
82.8 20221222
82.8 20221222
116 20221222
82.9 20221222
79.5 20221222
79.7 20221222
78.0 20221222
80.2 20221222
80.4 20221222
81.8 20221222
78.4 20221222
120 20221222
117 20221222
116 20221222
117 20221222
115 20221222
117 20221222
119 20221222
83.7 20221222
82.8 20221222
120 20221222
117 20221222
118 20221222
120 20221222
119 20221222
117 20221222
115 20221222
77.8 20221222
80.0 20221222
77.6 20221222
78.1 20221222
80.2 20221222
82.0 20221222
83.8 20221222
117 20221222
114 20221222
119 20221222
119 20221222
80.0 20221222
116 20221222
116 20221222
112 20221222
79.9 20221222
80.0 20221222
80.1 20221222
76.7 20221222
80.7 20221222
116 20221222
120 20221222
65.0 20221222
79.9 20221222
80.0 20221222
76.3 20221222
75.8 20221222
120 20221222
80.0 20221222
122 20221222
80.1 20221222
116 20221222
77.7 20221222
120 20221222
120 20221222
117 20221222
117 20221222
80.3 20221222
80.0 20221222
77.3 20221222
79.2 20221222
79.9 20221222
80.0 20221222
78.1 20221222
80.6 20221222
120 20221222
117 20221222
119 20221222
119 20221222
119 20221222
116 20221222
156 20221222
119 20221222
120 20221222
120 20221222
117 20221222
114 20221222
120 20221222
120 20221222
120 20221222
120 20221222
120 20221222
120 20221222
122 20221222
120 20221222
83.5 20221222
117 20221222
120 20221222
119 20221222
120 20221222
113 20221222
120 20221222
120 20221222
120 20221222
119 20221222
117 20221222
120 20221222
120 20221222
120 20221222
82.4 20221222
116 20221222
116 20221222
120 20221222
116 20221222
120 20221222
119 20221222
119 20221222
119 20221222
119 20221222
120 20221222
119 20221222
120 20221222
160 20221222
83.4 20221222
80.0 20221222
78.4 20221222
79.2 20221222
84.1 20221222
80.1 20221222
80.1 20221222
80.1 20221222
77.1 20221222
78.1 20221222
80.0 20221222
80.0 20221222
80.1 20221222
76.1 20221222
77.1 20221222
77.2 20221222
79.9 20221222
80.1 20221222
80.0 20221222
80.0 20221222
76.5 20221222
79.8 20221222
79.9 20221222
76.4 20221222
76.4 20221222
76.1 20221222
77.8 20221222
75.2 20221222
77.3 20221222
79.2 20221222
77.6 20221222
77.9 20221222
80.2 20221222
77.5 20221222
79.3 20221222
77.7 20221222
80.1 20221222
116 20221222
117 20221222
80.3 20221222
80.3 20221222
77.8 20221222
79.0 20221222
80.0 20221222
79.8 20221222
116 20221222
79.8 20221222
115 20221222
120 20221222
120 20221222
84.0 20221222
120 20221222
120 20221222
116 20221222
119 20221222
115 20221222
112 20221222
80.2 20221222
80.0 20221222
80.0 20221222
76.9 20221222
77.2 20221222
77.9 20221222
119 20221222
79.4 20221222
120 20221222
160 20221222
119 20221222
116 20221222
119 20221222
119 20221222
120 20221222
76.1 20221222
76.3 20221222
79.9 20221222
76.0 20221222
76.3 20221222
74.6 20221222
83.8 20221222
120 20221222
120 20221222
116 20221222
113 20221222
120 20221222
120 20221222
80.0 20221222
80.0 20221222
80.0 20221222
77.3 20221222
78.1 20221222
78.8 20221222
80.0 20221222
77.3 20221222
77.7 20221222
80.2 20221222
80.1 20221222
80.0 20221222
80.1 20221222
77.0 20221222
78.5 20221222
80.1 20221222
80.1 20221222
80.2 20221222
116 20221222
78.1 20221222
120 20221222
76.4 20221222
80.1 20221222
79.8 20221222
82.0 20221222
82.1 20221222
80.4 20221222
117 20221222
120 20221222
87.1 20221222
84.8 20221222
85.5 20221222
82.5 20221222
84.1 20221222
82.0 20221222
80.2 20221222
76.6 20221222
76.0 20221222
73.5 20221222
66.2 20221222
66.7 20221222
64.3 20221222
64.8 20221222
82.4 20221222
119 20221222
119 20221222
117 20221222
77.4 20221222
77.8 20221222
78.6 20221222
80.0 20221222
80.1 20221222
80.0 20221222
80.0 20221222
81.0 20221222
78.3 20221222
79.2 20221222
80.1 20221222
120 20221222
117 20221222
117 20221222
118 20221222
116 20221222
117 20221222
118 20221222
118 20221222
114 20221222
80.0 20221222
80.2 20221222
116 20221222
116 20221222
80.0 20221222
119 20221222
120 20221222
116 20221222
117 20221222
117 20221222
120 20221222
116 20221222
116 20221222
80.0 20221222
104 20221222
124 20221222
119 20221222
119 20221222
116 20221222
116 20221222
120 20221222
116 20221222
116 20221222
204 20221222
120 20221222
119 20221222
120 20221222
116 20221222
120 20221222
86.0 20221222
80.4 20221222
80.1 20221222
76.7 20221222
80.1 20221222
80.0 20221222
76.8 20221222
77.2 20221222
80.5 20221222
80.1 20221222
76.7 20221222
75.8 20221222
83.6 20221222
83.4 20221222
80.0 20221222
80.3 20221222
85.9 20221222
120 20221222
160 20221222
117 20221222
117 20221222
80.2 20221222
76.1 20221222
80.1 20221222
120 20221222
116 20221222
120 20221222
120 20221222
84.8 20221222
117 20221222
120 20221222
82.2 20221222
80.5 20221222
120 20221222
83.6 20221222
80.4 20221222
118 20221222
120 20221222
82.2 20221222
79.9 20221222
116 20221222
78.1 20221222
108 20221222
120 20221222
120 20221222
120 20221222
120 20221222
120 20221222
120 20221222
120 20221222
120 20221222
120 20221222
120 20221222
120 20221222
77.0 20221222
77.1 20221222
80.0 20221222
76.4 20221222
76.3 20221222
82.3 20221222
116 20221222
124 20221222
120 20221222
120 20221222
116 20221222
116 20221222
116 20221222
116 20221222
117 20221222
117 20221222
82.8 20221222
78.3 20221222
79.3 20221222
79.4 20221222
83.2 20221222
83.6 20221222
83.5 20221222
119 20221222
116 20221222
200 20221222
116 20221222
117 20221222
120 20221222
120 20221222
80.4 20221222
76.9 20221222
83.6 20221222
80.0 20221222
80.0 20221222
112 20221222
120 20221222
119 20221222
81.4 20221222
81.4 20221222
82.1 20221222
117 20221222
80.1 20221222
80.2 20221222
79.7 20221222
78.2 20221222
80.1 20221222
80.1 20221222
117 20221222
117 20221222
120 20221222
120 20221222
120 20221222
116 20221222
116 20221222
120 20221222
80.1 20221222
117 20221222
117 20221222
80.1 20221222
80.2 20221222
116 20221222
76.9 20221222
80.3 20221222
80.0 20221222
77.6 20221222
74.6 20221222
80.0 20221222
79.9 20221222
79.8 20221222
80.0 20221222
79.8 20221222
80.1 20221222
75.8 20221222
80.3 20221222
79.9 20221222
76.9 20221222
79.8 20221222
79.6 20221222
80.0 20221222
80.0 20221222
80.0 20221222
80.1 20221222
80.1 20221222
76.4 20221222
76.3 20221222
76.5 20221222
76.5 20221222
80.2 20221222
80.1 20221222
80.1 20221222
76.4 20221222
76.2 20221222
76.6 20221222
80.1 20221222
81.2 20221222
76.5 20221222
120 20221222
80.0 20221222
116 20221222
76.2 20221222
121 20221222
83.7 20221222
79.6 20221222
79.1 20221222
78.7 20221222
78.1 20221222
81.7 20221222
93.1 20221222
116 20221222
120 20221222
83.1 20221222
120 20221222
83.6 20221222
83.5 20221222
120 20221222
120 20221222
120 20221222
120 20221222
120 20221222
117 20221222
120 20221222
120 20221222
121 20221222
79.6 20221222
78.9 20221222
76.7 20221222
112 20221222
80.0 20221222
80.1 20221222
80.1 20221222
76.8 20221222
80.2 20221222
80.3 20221222
80.4 20221222
117 20221222
78.0 20221222
80.1 20221222
116 20221222
80.0 20221222
120 20221222
82.1 20221222
116 20221222
120 20221222
117 20221222
117 20221222
117 20221222
117 20221222
80.0 20221222
76.0 20221222
76.4 20221222
77.0 20221222
120 20221222
116 20221222
118 20221222
120 20221222
118 20221222
119 20221222
120 20221222
77.3 20221222
114 20221222
117 20221222
118 20221222
120 20221222
120 20221222
117 20221222
105 20221222
80.0 20221222
65.9 20221222
96.1 20221222
66.2 20221222
91.9 20221222
74.1 20221222
74.3 20221222
120 20221222
120 20221222
156 20221222
116 20221222
120 20221222
116 20221222
120 20221222
119 20221222
120 20221222
77.1 20221222
117 20221222
79.3 20221222
78.8 20221222
76.8 20221222
79.8 20221222
80.0 20221222
82.4 20221222
79.6 20221222
120 20221222
120 20221222
120 20221222
117 20221222
119 20221222
120 20221222
116 20221222
80.0 20221222
120 20221222
76.6 20221222
116 20221222
80.1 20221222
80.1 20221222
76.8 20221222
80.0 20221222
80.2 20221222
76.2 20221222
76.8 20221222
117 20221222
79.2 20221222
80.3 20221222
76.7 20221222
78.0 20221222
79.9 20221222
77.8 20221222
77.3 20221222
78.6 20221222
79.1 20221222
80.1 20221222
80.2 20221222
76.2 20221222
77.3 20221222
78.8 20221222
78.9 20221222
81.7 20221222
78.3 20221222
78.2 20221222
79.4 20221222
76.0 20221222
76.8 20221222
76.7 20221222
80.0 20221222
79.8 20221222
80.1 20221222
76.1 20221222
77.1 20221222
77.2 20221222
80.3 20221222
80.1 20221222
120 20221222
81.2 20221222
119 20221222
120 20221222
81.1 20221222
117 20221222
118 20221222
120 20221222
120 20221222
117 20221222
118 20221222
160 20221222
116 20221222
120 20221222
120 20221222
116 20221222
116 20221222
118 20221222
120 20221222
83.9 20221222
82.8 20221222
116 20221222
117 20221222
80.7 20221222
116 20221222
116 20221222
117 20221222
118 20221222
120 20221222
117 20221222
118 20221222
120 20221222
120 20221222
116 20221222
157 20221222
81.3 20221222
116 20221222
196 20221222
120 20221222
121 20221222
118 20221222
120 20221222
120 20221222
117 20221222
80.0 20221222
76.9 20221222
77.0 20221222
80.0 20221222
80.0 20221222
79.9 20221222
80.1 20221222
80.0 20221222
80.0 20221222
76.0 20221222
80.0 20221222
84.0 20221222
80.0 20221222
79.9 20221222
77.4 20221222
78.3 20221222
80.0 20221222
77.0 20221222
78.0 20221222
81.8 20221222
119 20221222
116 20221222
117 20221222
120 20221222
120 20221222
119 20221222
120 20221222
120 20221222
120 20221222
116 20221222
115 20221222
116 20221222
154 20221222
120 20221222
117 20221222
158 20221222
120 20221222
117 20221222
118 20221222
119 20221222
120 20221222
119 20221222
117 20221222
119 20221222
119 20221222
119 20221222
120 20221222
120 20221222
120 20221222
119 20221222
119 20221222
119 20221222
119 20221222
123 20221222
119 20221222
116 20221222
80.0 20221222
79.7 20221222
120 20221222
116 20221222
79.9 20221222
120 20221222
116 20221222
116 20221222
120 20221222
115 20221222
119 20221222
116 20221222
80.1 20221222
120 20221222
80.1 20221222
79.9 20221222
79.8 20221222
80.0 20221222
77.5 20221222
77.9 20221222
79.9 20221222
120 20221222
76.2 20221222
76.9 20221222
78.6 20221222
79.2 20221222
79.9 20221222
76.9 20221222
77.4 20221222
80.0 20221222
116 20221222
80.0 20221222
117 20221222
117 20221222
117 20221222
120 20221222
119 20221222
80.0 20221222
80.1 20221222
80.1 20221222
80.0 20221222
77.4 20221222
78.4 20221222
119 20221222
120 20221222
120 20221222
116 20221222
117 20221222
117 20221222
120 20221222
117 20221222
117 20221222
80.0 20221222
80.0 20221222
80.1 20221222
76.2 20221222
120 20221222
120 20221222
120 20221222
120 20221222
120 20221222
116 20221222
116 20221222
120 20221222
119 20221222
119 20221222
120 20221222
80.0 20221222
80.0 20221222
120 20221222
116 20221222
116 20221222
116 20221222
116 20221222
120 20221222
116 20221222
80.1 20221222
79.8 20221222
80.0 20221222
76.8 20221222
77.0 20221222
78.6 20221222
79.8 20221222
79.9 20221222
76.4 20221222
76.6 20221222
77.4 20221222
78.1 20221222
75.5 20221222
80.1 20221222
79.9 20221222
79.9 20221222
77.6 20221222
120 20221222
81.3 20221222
80.0 20221222
77.5 20221222
76.3 20221222
80.0 20221222
75.7 20221222
80.0 20221222
78.2 20221222
120 20221222
117 20221222
82.0 20221222
120 20221222
77.5 20221222
78.0 20221222
83.9 20221222
80.1 20221222
80.0 20221222
80.1 20221222
76.7 20221222
79.9 20221222
80.7 20221222
77.2 20221222
79.3 20221222
81.1 20221222
83.3 20221222
119 20221222
120 20221222
79.9 20221222
76.4 20221222
116 20221222
80.1 20221222
76.6 20221222
80.0 20221222
79.6 20221222
80.0 20221222
79.7 20221222
79.7 20221222
119 20221222
80.0 20221222
76.0 20221222
80.0 20221222
76.4 20221222
80.1 20221222
80.0 20221222
80.1 20221222
80.0 20221222
80.0 20221222
76.3 20221222
76.4 20221222
75.8 20221222
76.6 20221222
78.0 20221222
79.0 20221222
79.9 20221222
80.0 20221222
79.7 20221222
79.8 20221222
77.7 20221222
78.1 20221222
79.9 20221222
79.8 20221222
76.7 20221222
80.1 20221222
80.1 20221222
80.0 20221222
80.2 20221222
120 20221222
120 20221222
118 20221222
120 20221222
72.1 20221222
79.9 20221222
73.2 20221222
83.3 20221222
79.3 20221222
82.3 20221222
120 20221222
79.0 20221222
79.3 20221222
117 20221222
120 20221222
116 20221222
117 20221222
118 20221222
120 20221222
76.4 20221222
76.3 20221222
80.1 20221222
80.1 20221222
80.0 20221222
80.0 20221222
80.1 20221222
77.3 20221222
78.8 20221222
120 20221222
116 20221222
80.0 20221222
77.6 20221222
80.2 20221222
80.2 20221222
80.2 20221222
76.5 20221222
76.7 20221222
80.1 20221222
75.8 20221222
80.4 20221222
80.3 20221222
77.0 20221222
78.5 20221222
78.8 20221222
79.9 20221222
80.1 20221222
79.9 20221222
78.9 20221222
80.6 20221222
80.6 20221222
80.1 20221222
80.1 20221222
76.0 20221222
80.1 20221222
80.2 20221222
77.2 20221222
83.8 20221222
121 20221222
116 20221222
81.4 20221222
81.7 20221222
120 20221222
80.9 20221222
80.2 20221222
76.6 20221222
78.1 20221222
79.9 20221222
76.6 20221222
80.3 20221222
80.0 20221222
80.5 20221222
